Program name	ME58P82_G0A89BA.jtf
Lot number	FA55-4307-327A-250501@203
Wafer number	15
Date	2025/05/01
Time	05:49:22

No.U	X	Y	Bin	CONT	IGSS0	IGSS10	ISGS10	VTH0.25	BVDSS0.25	BVDSS10	IDSS240	IDSS250	IGSS16	ISGS16	IGSS18	ISGS18	VTH0.25_2
LimitU				0.500V	99.00uA	100.0nA	100.0nA	4.500V	300.0V	300.0V	800.0nA	800.0nA	200.0nA	200.0nA	200.0nA	200.0nA	4.500V	
LimitL				0V	0A	0A	0A	2.500V	250.0V	250.0V	0A	0A	0A	0A	0A	0A	2.500V	
Bias 1				1.00mA	1.00V	10.0V	10.0V	250uA	250uA	10.0mA	240V	250V	16.0V	16.0V	18.0V	18.0V	250uA
Bias 2				
Bias 3									350V	350V
Bias 4				2.50ms	10.0ms	40.0ms	40.0ms	2.00ms	20.0ms	10.0ms	20.0ms	20.0ms	40.0ms	40.0ms	40.0ms	40.0ms	2.00ms	
Bias 5				
Bias 6				
1	9	5	9	0.000E+00	0.000E+00	1.800E-09	1.500E-09	2.691E+00	2.881E+02	2.898E+02	999.9							
2	10	5	1	1.000E-03	0.000E+00	2.000E-10	1.000E-09	2.635E+00	2.882E+02	2.897E+02	1.673E-07	2.245E-07	5.000E-10	2.200E-09	1.200E-09	1.100E-09	2.635E+00	
3	11	5	1	0.000E+00	0.000E+00	7.000E-10	1.300E-09	2.657E+00	2.888E+02	2.903E+02	1.635E-07	2.173E-07	1.500E-09	3.900E-09	2.600E-09	1.800E-09	2.657E+00	
4	12	5	1	1.000E-03	1.000E-08	1.500E-09	2.100E-09	2.691E+00	2.894E+02	2.911E+02	1.620E-07	2.141E-07	2.400E-09	0.000E+00	5.000E-10	2.300E-09	2.692E+00	
5	13	5	1	0.000E+00	0.000E+00	1.700E-09	2.400E-09	2.650E+00	2.897E+02	2.911E+02	1.669E-07	2.199E-07	2.900E-09	3.100E-09	1.000E-10	3.200E-09	2.650E+00	
6	14	6	1	0.000E+00	0.000E+00	0.000E+00	1.200E-09	2.611E+00	2.875E+02	2.892E+02	1.781E-07	2.368E-07	2.300E-09	6.600E-09	2.000E-10	1.600E-09	2.611E+00	
7	13	6	1	0.000E+00	1.000E-08	1.300E-09	4.000E-10	2.643E+00	2.874E+02	2.888E+02	1.712E-07	2.307E-07	5.000E-09	3.300E-09	1.800E-09	1.100E-09	2.643E+00	
8	12	6	1	1.000E-03	0.000E+00	1.000E-10	5.600E-09	2.678E+00	2.875E+02	2.891E+02	1.655E-07	2.232E-07	1.200E-09	2.400E-09	1.000E-10	5.600E-09	2.678E+00	
9	11	6	4	0.000E+00	9.752E-05	999.9												
10	10	6	1	0.000E+00	0.000E+00	2.000E-10	1.700E-09	2.637E+00	2.865E+02	2.880E+02	1.705E-07	2.315E-07	3.000E-10	1.900E-09	1.300E-09	2.000E-10	2.636E+00	
11	9	6	1	0.000E+00	0.000E+00	3.600E-09	1.000E-09	2.619E+00	2.870E+02	2.886E+02	1.728E-07	2.335E-07	1.000E-09	1.300E-09	4.000E-10	1.400E-09	2.618E+00	
12	8	6	1	0.000E+00	1.000E-08	1.900E-09	0.000E+00	2.590E+00	2.867E+02	2.885E+02	1.781E-07	2.400E-07	2.100E-09	1.600E-09	1.100E-09	1.700E-09	2.589E+00	
13	7	7	1	0.000E+00	0.000E+00	1.800E-09	1.000E-09	2.575E+00	2.877E+02	2.893E+02	1.778E-07	2.380E-07	8.000E-10	2.700E-09	3.000E-10	6.000E-10	2.575E+00	
14	8	7	1	0.000E+00	0.000E+00	1.600E-09	2.000E-09	2.600E+00	2.868E+02	2.884E+02	1.771E-07	2.362E-07	1.000E-09	2.000E-10	3.000E-10	3.700E-09	2.599E+00	
15	9	7	1	0.000E+00	1.000E-08	3.000E-10	2.100E-09	2.696E+00	2.870E+02	2.886E+02	1.664E-07	2.242E-07	3.000E-09	3.600E-09	7.000E-10	3.000E-09	2.695E+00	
16	10	7	1	0.000E+00	0.000E+00	3.500E-09	4.000E-10	2.744E+00	2.873E+02	2.887E+02	1.602E-07	2.161E-07	1.000E-10	1.400E-09	4.100E-09	3.000E-10	2.743E+00	
17	11	7	1	1.000E-03	0.000E+00	3.200E-09	1.400E-09	2.784E+00	2.879E+02	2.892E+02	1.561E-07	2.099E-07	2.000E-09	2.700E-09	3.000E-09	2.000E-09	2.785E+00	
18	12	7	1	1.000E-03	1.000E-08	0.000E+00	1.900E-09	2.844E+00	2.885E+02	2.899E+02	1.527E-07	2.035E-07	2.200E-09	3.100E-09	2.000E-10	2.300E-09	2.844E+00	
19	13	7	1	0.000E+00	0.000E+00	1.800E-09	7.000E-10	2.715E+00	2.873E+02	2.887E+02	1.661E-07	2.235E-07	0.000E+00	1.900E-09	3.000E-10	1.000E-09	2.716E+00	
20	14	7	1	0.000E+00	0.000E+00	3.400E-09	1.700E-09	2.627E+00	2.854E+02	2.871E+02	1.834E-07	2.462E-07	2.200E-09	3.400E-09	5.000E-10	2.000E-10	2.626E+00	
21	15	7	1	0.000E+00	1.000E-08	1.000E-10	8.000E-10	2.636E+00	2.861E+02	2.880E+02	1.838E-07	2.455E-07	6.000E-10	1.500E-09	1.600E-09	5.000E-10	2.636E+00	
22	16	8	1	0.000E+00	0.000E+00	1.500E-09	9.000E-10	2.562E+00	2.855E+02	2.875E+02	1.920E-07	2.563E-07	7.000E-10	3.900E-09	7.000E-10	2.500E-09	2.562E+00	
23	15	8	1	0.000E+00	1.000E-08	2.100E-09	1.000E-10	2.640E+00	2.849E+02	2.867E+02	1.874E-07	2.504E-07	3.000E-10	2.500E-09	7.000E-10	2.600E-09	2.638E+00	
24	14	8	1	0.000E+00	0.000E+00	1.000E-10	1.300E-09	2.694E+00	2.860E+02	2.877E+02	1.740E-07	2.330E-07	4.700E-09	2.100E-09	6.000E-10	3.000E-10	2.695E+00	
25	13	8	1	1.000E-03	0.000E+00	1.400E-09	2.600E-09	2.825E+00	2.882E+02	2.895E+02	1.551E-07	2.080E-07	2.800E-09	4.200E-09	1.000E-10	2.000E-10	2.824E+00	
26	12	8	1	0.000E+00	2.000E-08	6.000E-10	2.800E-09	2.915E+00	2.892E+02	2.900E+02	1.443E-07	1.937E-07	1.400E-09	2.300E-09	2.500E-09	3.000E-09	2.914E+00	
27	11	8	1	0.000E+00	0.000E+00	6.000E-10	1.800E-09	2.889E+00	2.888E+02	2.896E+02	1.438E-07	1.945E-07	3.600E-09	1.400E-09	1.900E-09	2.800E-09	2.889E+00	
28	10	8	1	1.000E-03	1.000E-08	2.000E-10	3.400E-09	2.826E+00	2.881E+02	2.894E+02	1.512E-07	2.046E-07	4.200E-09	3.000E-10	1.100E-09	2.000E-09	2.826E+00	
29	9	8	4	0.000E+00	2.425E-05	999.9												
30	8	8	1	0.000E+00	0.000E+00	2.900E-09	1.400E-09	2.641E+00	2.865E+02	2.881E+02	1.708E-07	2.308E-07	4.000E-10	1.400E-09	3.000E-09	2.000E-10	2.641E+00	
31	7	8	1	0.000E+00	0.000E+00	2.100E-09	5.000E-10	2.560E+00	2.867E+02	2.885E+02	1.785E-07	2.403E-07	8.000E-10	2.600E-09	1.800E-09	1.400E-09	2.560E+00	
32	6	9	1	0.000E+00	0.000E+00	3.300E-09	3.900E-09	2.593E+00	2.887E+02	2.904E+02	1.726E-07	2.303E-07	1.200E-09	2.800E-09	2.700E-09	2.700E-09	2.593E+00	
33	7	9	1	0.000E+00	0.000E+00	3.000E-10	2.700E-09	2.646E+00	2.866E+02	2.881E+02	1.736E-07	2.341E-07	2.900E-09	1.900E-09	3.000E-10	2.500E-09	2.645E+00	
34	8	9	1	0.000E+00	1.000E-08	0.000E+00	2.400E-09	2.729E+00	2.869E+02	2.885E+02	1.640E-07	2.201E-07	4.400E-09	1.000E-09	1.500E-09	1.400E-09	2.728E+00	
35	9	9	1	1.000E-03	1.000E-08	1.500E-09	1.400E-09	2.838E+00	2.878E+02	2.894E+02	1.520E-07	2.040E-07	5.400E-09	2.000E-09	1.900E-09	1.800E-09	2.839E+00	
36	10	9	1	1.000E-03	0.000E+00	7.000E-10	1.200E-09	2.956E+00	2.892E+02	2.902E+02	1.376E-07	1.849E-07	2.900E-09	7.000E-10	1.500E-09	4.200E-09	2.956E+00	
37	11	9	1	1.000E-03	0.000E+00	2.100E-09	7.000E-10	3.094E+00	2.895E+02	2.907E+02	1.251E-07	1.684E-07	3.300E-09	2.500E-09	2.400E-09	1.000E-09	3.094E+00	
38	12	9	1	0.000E+00	0.000E+00	2.600E-09	4.000E-10	3.150E+00	2.898E+02	2.908E+02	1.223E-07	1.642E-07	4.700E-09	1.100E-09	1.700E-09	7.000E-10	3.151E+00	
39	13	9	1	0.000E+00	0.000E+00	3.000E-10	1.100E-09	3.027E+00	2.897E+02	2.907E+02	1.337E-07	1.794E-07	3.800E-09	1.100E-09	1.700E-09	8.000E-10	3.028E+00	
40	14	9	1	0.000E+00	0.000E+00	3.100E-09	1.900E-09	2.844E+00	2.875E+02	2.890E+02	1.575E-07	2.117E-07	1.000E-09	8.000E-10	4.000E-09	3.000E-10	2.843E+00	
41	15	9	1	1.000E-03	1.000E-08	3.800E-09	1.500E-09	2.694E+00	2.851E+02	2.868E+02	1.796E-07	2.426E-07	1.000E-09	9.000E-10	3.600E-09	8.000E-10	2.694E+00	
42	16	9	1	0.000E+00	2.000E-08	3.200E-09	6.000E-10	2.590E+00	2.841E+02	2.857E+02	1.947E-07	2.625E-07	3.000E-10	1.600E-09	4.200E-09	3.000E-10	2.590E+00	
43	16	10	1	1.000E-03	0.000E+00	2.000E-09	2.500E-09	2.609E+00	2.833E+02	2.849E+02	1.937E-07	2.632E-07	1.000E-10	2.000E-10	2.800E-09	3.900E-09	2.610E+00	
44	15	10	1	1.000E-03	1.000E-08	8.000E-10	5.000E-10	2.765E+00	2.856E+02	2.872E+02	1.712E-07	2.313E-07	1.300E-09	0.000E+00	8.000E-10	1.200E-09	2.764E+00	
45	14	10	1	1.000E-03	1.000E-08	2.100E-09	3.000E-10	2.979E+00	2.887E+02	2.901E+02	1.430E-07	1.922E-07	6.000E-10	2.100E-09	1.400E-09	1.800E-09	2.979E+00	
46	13	10	1	1.000E-03	0.000E+00	1.100E-09	1.200E-09	3.243E+00	2.902E+02	2.911E+02	1.150E-07	1.535E-07	0.000E+00	4.000E-10	3.000E-10	4.000E-10	3.244E+00	
47	12	10	1	0.000E+00	0.000E+00	3.300E-09	1.800E-09	3.414E+00	2.901E+02	2.912E+02	1.032E-07	1.368E-07	1.100E-09	1.000E-09	0.000E+00	1.300E-09	3.414E+00	
48	11	10	1	1.000E-03	1.000E-08	1.700E-09	4.400E-09	3.362E+00	2.901E+02	2.911E+02	1.047E-07	1.391E-07	1.200E-09	0.000E+00	4.700E-09	1.000E-09	3.362E+00	
49	10	10	1	0.000E+00	0.000E+00	2.400E-09	5.900E-09	3.163E+00	2.898E+02	2.910E+02	1.220E-07	1.609E-07	2.700E-09	8.000E-10	2.200E-09	5.000E-09	3.163E+00	
50	9	10	1	0.000E+00	1.000E-08	1.000E-10	9.000E-10	2.928E+00	2.890E+02	2.900E+02	1.426E-07	1.918E-07	4.700E-09	2.000E-09	3.000E-10	1.000E-10	2.928E+00	
51	8	10	1	0.000E+00	1.000E-08	2.000E-10	2.100E-09	2.760E+00	2.870E+02	2.884E+02	1.614E-07	2.176E-07	6.300E-09	1.000E-09	8.000E-10	4.000E-10	2.761E+00	
52	7	10	1	0.000E+00	0.000E+00	2.200E-09	2.000E-09	2.660E+00	2.867E+02	2.882E+02	1.707E-07	2.290E-07	5.100E-09	3.000E-10	1.200E-09	7.000E-10	2.660E+00	
53	6	10	1	0.000E+00	0.000E+00	1.000E-09	4.100E-09	2.615E+00	2.883E+02	2.898E+02	1.724E-07	2.299E-07	0.000E+00	2.000E-10	2.000E-09	2.800E-09	2.615E+00	
54	6	11	1	0.000E+00	1.000E-08	2.200E-09	2.200E-09	2.643E+00	2.878E+02	2.893E+02	1.708E-07	2.284E-07	0.000E+00	9.000E-10	2.800E-09	3.000E-10	2.643E+00	
55	7	11	1	0.000E+00	0.000E+00	3.000E-09	7.000E-10	2.694E+00	2.871E+02	2.886E+02	1.664E-07	2.227E-07	2.000E-10	8.000E-10	3.700E-09	2.000E-10	2.693E+00	
56	8	11	1	1.000E-03	1.000E-08	4.000E-10	3.500E-09	2.802E+00	2.873E+02	2.889E+02	1.585E-07	2.129E-07	7.000E-10	1.300E-09	1.500E-09	1.000E-09	2.802E+00	
57	9	11	1	1.000E-03	1.000E-08	3.300E-09	1.400E-09	3.084E+00	2.898E+02	2.911E+02	1.293E-07	1.724E-07	3.000E-10	1.200E-09	2.700E-09	1.300E-09	3.084E+00	
58	10	11	1	0.000E+00	0.000E+00	1.700E-09	3.500E-09	3.420E+00	2.901E+02	2.911E+02	1.040E-07	1.365E-07	3.100E-09	8.000E-10	1.900E-09	3.000E-09	3.420E+00	
59	11	11	1	0.000E+00	0.000E+00	3.000E-10	0.000E+00	3.572E+00	2.900E+02	2.909E+02	9.210E-08	1.235E-07	5.000E-09	2.800E-09	1.400E-09	1.300E-09	3.573E+00	
60	12	11	1	1.000E-03	1.000E-08	5.000E-10	0.000E+00	3.636E+00	2.902E+02	2.911E+02	9.160E-08	1.224E-07	1.100E-09	1.800E-09	1.000E-09	9.000E-10	3.635E+00	
61	13	11	1	0.000E+00	0.000E+00	1.600E-09	3.000E-10	3.465E+00	2.901E+02	2.911E+02	1.007E-07	1.325E-07	1.600E-09	2.300E-09	1.700E-09	1.000E-10	3.465E+00	
62	14	11	1	0.000E+00	0.000E+00	1.700E-09	1.300E-09	3.138E+00	2.898E+02	2.908E+02	1.263E-07	1.688E-07	5.100E-09	1.000E-09	2.200E-09	8.000E-10	3.138E+00	
63	15	11	1	0.000E+00	0.000E+00	2.200E-09	9.000E-10	2.877E+00	2.867E+02	2.882E+02	1.584E-07	2.144E-07	1.400E-09	1.300E-09	2.400E-09	3.500E-09	2.876E+00	
64	16	11	1	0.000E+00	0.000E+00	1.400E-09	2.200E-09	2.660E+00	2.833E+02	2.849E+02	1.877E-07	2.557E-07	3.200E-09	1.200E-09	1.700E-09	1.700E-09	2.661E+00	
65	17	11	1	0.000E+00	0.000E+00	2.500E-09	1.600E-09	2.601E+00	2.833E+02	2.851E+02	1.965E-07	2.640E-07	3.000E-10	1.600E-09	0.000E+00	1.900E-09	2.600E+00	
66	17	12	1	0.000E+00	1.000E-08	2.000E-10	3.500E-09	2.626E+00	2.833E+02	2.852E+02	1.923E-07	2.593E-07	7.000E-10	5.000E-09	6.000E-10	3.400E-09	2.627E+00	
67	16	12	1	1.000E-03	0.000E+00	1.800E-09	2.600E-09	2.685E+00	2.838E+02	2.855E+02	1.814E-07	2.465E-07	1.300E-09	2.100E-09	1.500E-09	6.500E-09	2.684E+00	
68	15	12	1	0.000E+00	0.000E+00	4.300E-09	1.800E-09	2.914E+00	2.874E+02	2.889E+02	1.516E-07	2.041E-07	5.000E-10	1.600E-09	3.700E-09	1.000E-10	2.913E+00	
69	14	12	1	0.000E+00	0.000E+00	1.900E-09	5.000E-10	3.263E+00	2.899E+02	2.909E+02	1.159E-07	1.545E-07	4.000E-10	1.100E-09	2.100E-09	1.000E-09	3.263E+00	
70	13	12	1	0.000E+00	0.000E+00	7.000E-10	3.800E-09	3.580E+00	2.901E+02	2.910E+02	9.430E-08	1.248E-07	2.000E-09	3.600E-09	5.000E-10	3.100E-09	3.581E+00	
71	12	12	1	1.000E-03	1.000E-08	1.600E-09	3.600E-09	3.680E+00	2.900E+02	2.910E+02	8.930E-08	1.184E-07	3.300E-09	3.300E-09	0.000E+00	5.000E-10	3.681E+00	
72	11	12	1	0.000E+00	0.000E+00	8.000E-10	2.000E-10	3.669E+00	2.900E+02	2.909E+02	8.840E-08	1.189E-07	5.000E-09	7.000E-10	1.900E-09	2.000E-09	3.670E+00	
73	10	12	1	1.000E-03	0.000E+00	1.800E-09	7.000E-10	3.549E+00	2.903E+02	2.911E+02	9.490E-08	1.267E-07	1.000E-10	7.000E-10	1.800E-09	1.000E-09	3.549E+00	
74	9	12	1	1.000E-03	0.000E+00	2.400E-09	2.000E-10	3.195E+00	2.903E+02	2.914E+02	1.194E-07	1.592E-07	1.600E-09	9.000E-10	3.000E-09	2.000E-10	3.195E+00	
75	8	12	1	0.000E+00	1.000E-08	1.400E-09	1.600E-09	2.838E+00	2.878E+02	2.895E+02	1.552E-07	2.073E-07	3.100E-09	4.300E-09	1.700E-09	1.400E-09	2.839E+00	
76	7	12	1	0.000E+00	0.000E+00	2.500E-09	2.100E-09	2.686E+00	2.867E+02	2.882E+02	1.689E-07	2.246E-07	1.700E-09	6.000E-10	1.100E-09	2.900E-09	2.686E+00	
77	6	12	1	0.000E+00	0.000E+00	1.700E-09	1.000E-10	2.625E+00	2.870E+02	2.887E+02	1.745E-07	2.338E-07	3.100E-09	3.500E-09	3.000E-10	2.100E-09	2.625E+00	
78	5	12	1	0.000E+00	1.000E-08	3.000E-10	1.700E-09	2.538E+00	2.878E+02	2.901E+02	1.726E-07	2.324E-07	2.800E-09	1.100E-09	3.000E-10	2.200E-09	2.538E+00	
79	5	13	1	0.000E+00	0.000E+00	1.600E-09	3.200E-09	2.567E+00	2.886E+02	2.901E+02	1.756E-07	2.347E-07	2.400E-09	1.100E-09	4.400E-09	3.000E-09	2.566E+00	
80	6	13	1	0.000E+00	0.000E+00	8.000E-10	2.000E-09	2.670E+00	2.871E+02	2.887E+02	1.728E-07	2.317E-07	1.000E-09	8.000E-10	2.600E-09	1.400E-09	2.669E+00	
81	7	13	1	0.000E+00	1.000E-08	3.700E-09	6.000E-10	2.741E+00	2.867E+02	2.884E+02	1.677E-07	2.241E-07	2.100E-09	2.700E-09	3.100E-09	9.000E-10	2.741E+00	
82	8	13	1	0.000E+00	1.000E-08	2.100E-09	1.000E-10	2.901E+00	2.883E+02	2.900E+02	1.513E-07	2.008E-07	4.000E-10	1.600E-09	6.000E-10	1.800E-09	2.902E+00	
83	9	13	1	0.000E+00	0.000E+00	5.000E-10	2.000E-09	3.326E+00	2.904E+02	2.915E+02	1.111E-07	1.468E-07	4.300E-09	3.000E-09	1.100E-09	6.000E-10	3.327E+00	
84	10	13	1	0.000E+00	0.000E+00	2.000E-09	0.000E+00	3.629E+00	2.904E+02	2.911E+02	9.190E-08	1.221E-07	1.100E-09	7.000E-10	2.600E-09	1.000E-09	3.629E+00	
85	11	13	1	0.000E+00	0.000E+00	3.200E-09	3.000E-09	3.706E+00	2.900E+02	2.909E+02	9.030E-08	1.202E-07	2.600E-09	2.100E-09	5.000E-10	2.600E-09	3.706E+00	
86	12	13	1	1.000E-03	0.000E+00	1.400E-09	1.000E-09	3.709E+00	2.900E+02	2.908E+02	8.990E-08	1.195E-07	2.700E-09	1.200E-09	1.000E-10	1.800E-09	3.710E+00	
87	13	13	1	0.000E+00	0.000E+00	4.000E-10	1.900E-09	3.639E+00	2.900E+02	2.908E+02	9.270E-08	1.221E-07	1.600E-09	3.900E-09	8.000E-10	3.000E-09	3.638E+00	
88	14	13	1	0.000E+00	0.000E+00	1.200E-09	4.500E-09	3.345E+00	2.899E+02	2.908E+02	1.096E-07	1.445E-07	4.000E-09	3.200E-09	7.000E-10	3.800E-09	3.344E+00	
89	15	13	1	1.000E-03	0.000E+00	1.900E-09	3.200E-09	2.968E+00	2.878E+02	2.894E+02	1.468E-07	1.966E-07	5.000E-09	3.000E-10	2.800E-09	7.000E-10	2.968E+00	
90	16	13	1	0.000E+00	1.000E-08	1.100E-09	9.000E-10	2.718E+00	2.839E+02	2.856E+02	1.790E-07	2.412E-07	7.000E-10	5.600E-09	6.000E-10	3.500E-09	2.718E+00	
91	17	13	1	0.000E+00	0.000E+00	1.500E-09	3.800E-09	2.648E+00	2.835E+02	2.853E+02	1.878E-07	2.547E-07	2.700E-09	1.900E-09	1.300E-09	6.400E-09	2.648E+00	
92	17	14	1	0.000E+00	2.000E-08	6.000E-10	1.800E-09	2.622E+00	2.830E+02	2.847E+02	1.915E-07	2.596E-07	3.800E-09	4.600E-09	3.000E-10	1.300E-09	2.621E+00	
93	16	14	1	1.000E-03	1.000E-08	3.000E-10	4.600E-09	2.707E+00	2.835E+02	2.853E+02	1.802E-07	2.435E-07	2.100E-09	2.000E-09	2.100E-09	4.600E-09	2.708E+00	
94	15	14	1	1.000E-03	0.000E+00	1.300E-09	6.100E-09	2.957E+00	2.875E+02	2.890E+02	1.502E-07	1.998E-07	3.200E-09	2.400E-09	3.600E-09	5.500E-09	2.958E+00	
95	14	14	1	0.000E+00	0.000E+00	1.000E-09	3.300E-09	3.342E+00	2.900E+02	2.908E+02	1.098E-07	1.455E-07	5.300E-09	8.000E-10	2.300E-09	1.800E-09	3.341E+00	
96	13	14	1	0.000E+00	0.000E+00	1.000E-10	3.900E-09	3.639E+00	2.900E+02	2.909E+02	9.210E-08	1.223E-07	1.200E-09	1.800E-09	1.400E-09	3.800E-09	3.639E+00	
97	12	14	1	0.000E+00	1.000E-08	3.000E-10	5.000E-10	3.709E+00	2.900E+02	2.908E+02	9.000E-08	1.203E-07	1.800E-09	1.000E-10	1.600E-09	0.000E+00	3.709E+00	
98	11	14	1	0.000E+00	0.000E+00	4.400E-09	1.400E-09	3.705E+00	2.899E+02	2.908E+02	8.990E-08	1.198E-07	1.400E-09	9.000E-10	1.400E-09	2.000E-10	3.705E+00	
99	10	14	1	0.000E+00	0.000E+00	3.500E-09	1.100E-09	3.637E+00	2.902E+02	2.911E+02	9.220E-08	1.227E-07	7.000E-10	3.000E-10	3.000E-09	2.100E-09	3.637E+00	
100	9	14	4	0.000E+00	0.000E+00	999.9												
101	8	14	1	0.000E+00	0.000E+00	3.700E-09	7.000E-10	2.920E+00	2.881E+02	2.899E+02	1.519E-07	2.029E-07	1.100E-09	1.600E-09	7.000E-10	1.500E-09	2.920E+00	
102	7	14	1	0.000E+00	1.000E-08	6.000E-10	1.000E-09	2.762E+00	2.865E+02	2.881E+02	1.707E-07	2.266E-07	2.400E-09	5.000E-10	1.600E-09	3.800E-09	2.763E+00	
103	6	14	1	0.000E+00	0.000E+00	1.700E-09	8.000E-10	2.691E+00	2.869E+02	2.886E+02	1.747E-07	2.318E-07	3.000E-10	4.300E-09	2.000E-10	1.200E-09	2.690E+00	
104	5	14	1	0.000E+00	0.000E+00	5.000E-10	1.000E-10	2.574E+00	2.884E+02	2.901E+02	1.735E-07	2.313E-07	3.200E-09	3.000E-09	4.000E-10	4.000E-10	2.574E+00	
105	5	15	1	0.000E+00	0.000E+00	3.500E-09	2.700E-09	2.627E+00	2.875E+02	2.899E+02	1.696E-07	2.271E-07	6.000E-10	1.000E-10	2.100E-09	1.800E-09	2.628E+00	
106	6	15	1	0.000E+00	0.000E+00	1.500E-09	5.000E-10	2.727E+00	2.874E+02	2.892E+02	1.709E-07	2.255E-07	3.700E-09	2.500E-09	2.000E-09	2.500E-09	2.726E+00	
107	7	15	1	0.000E+00	1.000E-08	8.000E-10	3.700E-09	2.780E+00	2.864E+02	2.881E+02	1.689E-07	2.253E-07	2.100E-09	3.200E-09	3.000E-10	5.000E-09	2.780E+00	
108	8	15	1	0.000E+00	0.000E+00	8.000E-10	6.200E-09	2.936E+00	2.878E+02	2.896E+02	1.531E-07	2.039E-07	2.600E-09	2.900E-09	1.800E-09	4.200E-09	2.935E+00	
109	9	15	1	0.000E+00	1.000E-08	1.800E-09	5.000E-10	3.333E+00	2.900E+02	2.911E+02	1.138E-07	1.523E-07	3.600E-09	3.600E-09	5.000E-10	1.400E-09	3.333E+00	
110	10	15	1	0.000E+00	1.000E-08	1.300E-09	1.200E-09	3.624E+00	2.899E+02	2.909E+02	9.510E-08	1.262E-07	4.000E-09	4.000E-09	6.000E-10	1.500E-09	3.624E+00	
111	11	15	1	0.000E+00	0.000E+00	4.600E-09	3.000E-09	3.702E+00	2.898E+02	2.907E+02	9.140E-08	1.213E-07	4.000E-10	1.000E-10	2.900E-09	1.100E-09	3.703E+00	
112	12	15	1	0.000E+00	0.000E+00	5.000E-10	4.000E-10	3.705E+00	2.901E+02	2.909E+02	9.120E-08	1.191E-07	3.400E-09	2.200E-09	8.000E-10	7.000E-10	3.704E+00	
113	13	15	1	1.000E-03	0.000E+00	1.900E-09	1.600E-09	3.595E+00	2.899E+02	2.908E+02	9.620E-08	1.265E-07	1.800E-09	1.500E-09	1.400E-09	2.300E-09	3.594E+00	
114	14	15	1	0.000E+00	0.000E+00	4.000E-10	3.600E-09	3.232E+00	2.899E+02	2.909E+02	1.201E-07	1.575E-07	2.900E-09	0.000E+00	1.200E-09	5.300E-09	3.232E+00	
115	15	15	1	1.000E-03	0.000E+00	5.000E-10	2.000E-10	2.947E+00	2.871E+02	2.885E+02	1.537E-07	2.052E-07	1.000E-09	2.200E-09	1.000E-10	1.400E-09	2.947E+00	
116	16	15	1	1.000E-03	1.000E-08	2.000E-09	1.000E-09	2.700E+00	2.833E+02	2.849E+02	1.815E-07	2.459E-07	1.300E-09	2.600E-09	5.000E-10	1.600E-09	2.700E+00	
117	17	15	1	0.000E+00	1.000E-08	1.700E-09	5.000E-09	2.642E+00	2.834E+02	2.851E+02	1.893E-07	2.555E-07	2.800E-09	2.200E-09	1.100E-09	3.500E-09	2.642E+00	
118	16	16	1	0.000E+00	0.000E+00	1.200E-09	1.400E-09	2.666E+00	2.833E+02	2.851E+02	1.848E-07	2.494E-07	9.000E-10	2.400E-09	7.000E-10	3.000E-09	2.667E+00	
119	15	16	1	1.000E-03	0.000E+00	4.000E-10	1.000E-09	2.827E+00	2.856E+02	2.874E+02	1.628E-07	2.187E-07	5.400E-09	2.000E-09	2.800E-09	1.100E-09	2.827E+00	
120	14	16	1	0.000E+00	0.000E+00	7.000E-10	7.000E-10	3.092E+00	2.896E+02	2.905E+02	1.309E-07	1.751E-07	4.600E-09	1.800E-09	9.000E-10	1.000E-09	3.092E+00	
121	13	16	1	0.000E+00	0.000E+00	2.500E-09	3.000E-10	3.441E+00	2.900E+02	2.911E+02	1.043E-07	1.377E-07	2.500E-09	3.600E-09	7.000E-10	2.100E-09	3.442E+00	
122	12	16	1	0.000E+00	0.000E+00	7.000E-10	3.200E-09	3.626E+00	2.899E+02	2.908E+02	9.570E-08	1.250E-07	2.700E-09	1.000E-10	2.000E-09	4.400E-09	3.625E+00	
123	11	16	1	0.000E+00	0.000E+00	2.100E-09	2.900E-09	3.645E+00	2.898E+02	2.907E+02	9.500E-08	1.250E-07	3.000E-09	8.000E-10	1.900E-09	1.700E-09	3.645E+00	
124	10	16	1	0.000E+00	0.000E+00	1.000E-09	1.200E-09	3.510E+00	2.898E+02	2.908E+02	1.014E-07	1.351E-07	3.000E-09	3.300E-09	4.000E-10	7.000E-10	3.510E+00	
125	9	16	1	1.000E-03	0.000E+00	0.000E+00	2.700E-09	3.172E+00	2.895E+02	2.907E+02	1.278E-07	1.705E-07	4.900E-09	2.600E-09	2.100E-09	4.000E-10	3.173E+00	
126	8	16	1	0.000E+00	1.000E-08	1.300E-09	1.100E-09	2.886E+00	2.869E+02	2.885E+02	1.601E-07	2.145E-07	3.200E-09	4.400E-09	5.000E-10	1.000E-09	2.886E+00	
127	7	16	1	0.000E+00	0.000E+00	2.200E-09	1.800E-09	2.771E+00	2.863E+02	2.879E+02	1.707E-07	2.288E-07	2.500E-09	1.000E-09	3.600E-09	2.800E-09	2.772E+00	
128	6	16	1	1.000E-03	0.000E+00	3.800E-09	2.700E-09	2.716E+00	2.876E+02	2.892E+02	1.708E-07	2.273E-07	1.200E-09	2.200E-09	4.100E-09	3.500E-09	2.716E+00	
129	6	17	1	0.000E+00	0.000E+00	1.500E-09	2.000E-10	2.737E+00	2.882E+02	2.900E+02	1.676E-07	2.230E-07	2.000E-09	8.000E-10	4.700E-09	1.000E-09	2.737E+00	
130	7	17	1	0.000E+00	0.000E+00	1.100E-09	1.000E-09	2.777E+00	2.860E+02	2.876E+02	1.742E-07	2.339E-07	1.900E-09	1.800E-09	1.600E-09	6.000E-10	2.777E+00	
131	8	17	1	0.000E+00	0.000E+00	7.000E-10	1.300E-09	2.870E+00	2.860E+02	2.875E+02	1.660E-07	2.234E-07	1.900E-09	4.200E-09	1.700E-09	1.900E-09	2.870E+00	
132	9	17	1	0.000E+00	1.000E-08	2.000E-10	1.000E-10	3.031E+00	2.882E+02	2.895E+02	1.457E-07	1.939E-07	7.000E-10	2.000E-09	7.000E-10	2.700E-09	3.031E+00	
133	10	17	1	1.000E-03	0.000E+00	6.000E-10	5.500E-09	3.297E+00	2.895E+02	2.905E+02	1.190E-07	1.574E-07	1.700E-09	1.800E-09	6.000E-10	4.100E-09	3.297E+00	
134	11	17	1	1.000E-03	0.000E+00	1.800E-09	3.500E-09	3.437E+00	2.896E+02	2.907E+02	1.063E-07	1.422E-07	3.100E-09	1.500E-09	0.000E+00	2.800E-09	3.437E+00	
135	12	17	1	1.000E-03	3.000E-08	0.000E+00	5.600E-09	3.420E+00	2.899E+02	2.908E+02	1.069E-07	1.429E-07	1.000E-10	1.800E-09	1.000E-10	4.900E-09	3.420E+00	
136	13	17	1	0.000E+00	0.000E+00	4.000E-10	5.700E-09	3.195E+00	2.900E+02	2.910E+02	1.217E-07	1.616E-07	1.000E-09	0.000E+00	2.000E-09	4.300E-09	3.195E+00	
137	14	17	1	0.000E+00	0.000E+00	4.000E-10	0.000E+00	2.947E+00	2.879E+02	2.896E+02	1.470E-07	1.970E-07	2.700E-09	0.000E+00	4.000E-10	2.000E-10	2.947E+00	
138	15	17	1	0.000E+00	0.000E+00	1.800E-09	2.500E-09	2.792E+00	2.855E+02	2.871E+02	1.692E-07	2.260E-07	4.200E-09	2.900E-09	2.900E-09	2.200E-09	2.792E+00	
139	16	17	1	0.000E+00	0.000E+00	1.400E-09	5.000E-10	2.646E+00	2.834E+02	2.852E+02	1.891E-07	2.539E-07	1.100E-09	2.500E-09	7.000E-10	2.000E-09	2.647E+00	
140	16	18	1	0.000E+00	0.000E+00	6.000E-10	3.000E-09	2.633E+00	2.843E+02	2.862E+02	1.890E-07	2.525E-07	2.000E-09	2.300E-09	3.000E-10	3.900E-09	2.633E+00	
141	15	18	1	0.000E+00	0.000E+00	1.700E-09	3.100E-09	2.693E+00	2.845E+02	2.863E+02	1.793E-07	2.426E-07	6.000E-10	1.400E-09	1.000E-10	6.600E-09	2.694E+00	
142	14	18	1	0.000E+00	1.000E-08	5.000E-10	5.600E-09	2.820E+00	2.861E+02	2.879E+02	1.628E-07	2.189E-07	2.000E-10	4.000E-10	2.600E-09	6.000E-09	2.819E+00	
143	13	18	1	0.000E+00	1.000E-08	1.800E-09	1.000E-09	2.955E+00	2.886E+02	2.900E+02	1.435E-07	1.928E-07	1.100E-09	8.000E-10	1.700E-09	1.000E-09	2.954E+00	
144	12	18	1	1.000E-03	0.000E+00	3.200E-09	2.400E-09	3.113E+00	2.894E+02	2.905E+02	1.320E-07	1.770E-07	3.000E-10	0.000E+00	0.000E+00	1.500E-09	3.113E+00	
145	11	18	1	1.000E-03	0.000E+00	2.100E-09	1.500E-09	3.135E+00	2.892E+02	2.903E+02	1.315E-07	1.750E-07	1.200E-09	2.700E-09	2.000E-10	2.400E-09	3.136E+00	
146	10	18	1	0.000E+00	0.000E+00	9.000E-10	6.000E-10	3.033E+00	2.886E+02	2.897E+02	1.440E-07	1.917E-07	6.000E-10	4.600E-09	7.000E-10	1.000E-10	3.033E+00	
147	9	18	1	0.000E+00	0.000E+00	4.000E-10	1.900E-09	2.916E+00	2.864E+02	2.883E+02	1.603E-07	2.148E-07	2.800E-09	1.300E-09	2.400E-09	2.600E-09	2.915E+00	
148	8	18	1	0.000E+00	0.000E+00	1.200E-09	2.500E-09	2.813E+00	2.850E+02	2.866E+02	1.758E-07	2.381E-07	2.900E-09	1.000E-09	3.000E-10	1.300E-09	2.812E+00	
149	7	18	1	0.000E+00	0.000E+00	2.700E-09	2.200E-09	2.719E+00	2.855E+02	2.873E+02	1.787E-07	2.400E-07	3.600E-09	5.300E-09	1.000E-10	1.400E-09	2.719E+00	
150	6	18	1	0.000E+00	1.000E-08	1.400E-09	3.000E-10	2.673E+00	2.887E+02	2.903E+02	1.690E-07	2.234E-07	6.000E-10	8.000E-10	6.000E-10	9.000E-10	2.674E+00	
151	7	19	1	0.000E+00	0.000E+00	1.500E-09	2.500E-09	2.692E+00	2.859E+02	2.878E+02	1.800E-07	2.411E-07	4.000E-09	3.300E-09	1.100E-09	2.000E-10	2.692E+00	
152	8	19	1	0.000E+00	1.000E-08	3.300E-09	8.000E-10	2.724E+00	2.842E+02	2.858E+02	1.838E-07	2.489E-07	1.000E-10	1.800E-09	5.300E-09	2.300E-09	2.723E+00	
153	9	19	1	1.000E-03	0.000E+00	2.400E-09	1.800E-09	2.802E+00	2.851E+02	2.869E+02	1.740E-07	2.339E-07	2.500E-09	3.600E-09	3.000E-10	9.000E-10	2.803E+00	
154	10	19	1	0.000E+00	0.000E+00	2.000E-09	2.600E-09	2.892E+00	2.862E+02	2.878E+02	1.626E-07	2.167E-07	4.300E-09	1.300E-09	1.800E-09	4.100E-09	2.892E+00	
155	11	19	1	0.000E+00	0.000E+00	9.000E-10	2.000E-09	2.952E+00	2.873E+02	2.886E+02	1.543E-07	2.073E-07	1.700E-09	3.500E-09	1.100E-09	3.900E-09	2.951E+00	
156	12	19	1	0.000E+00	1.000E-08	2.600E-09	5.400E-09	2.932E+00	2.875E+02	2.890E+02	1.526E-07	2.048E-07	6.000E-10	1.800E-09	9.000E-10	5.600E-09	2.932E+00	
157	13	19	1	1.000E-03	0.000E+00	2.700E-09	1.600E-09	2.803E+00	2.867E+02	2.884E+02	1.603E-07	2.154E-07	1.700E-09	2.300E-09	2.500E-09	2.500E-09	2.804E+00	
158	14	19	1	0.000E+00	1.000E-08	2.800E-09	1.000E-10	2.702E+00	2.850E+02	2.867E+02	1.758E-07	2.363E-07	1.200E-09	2.700E-09	3.500E-09	2.500E-09	2.703E+00	
159	15	19	1	0.000E+00	1.000E-08	1.100E-09	1.000E-10	2.669E+00	2.848E+02	2.868E+02	1.819E-07	2.441E-07	6.000E-10	1.800E-09	1.700E-09	2.000E-10	2.669E+00	
160	15	20	1	0.000E+00	0.000E+00	1.000E-10	2.500E-09	2.650E+00	2.865E+02	2.885E+02	1.805E-07	2.392E-07	4.000E-09	3.400E-09	3.800E-09	1.500E-09	2.650E+00	
161	14	20	1	0.000E+00	0.000E+00	0.000E+00	1.600E-09	2.644E+00	2.849E+02	2.867E+02	1.826E-07	2.453E-07	2.000E-09	2.100E-09	2.000E-10	5.000E-10	2.645E+00	
162	13	20	1	0.000E+00	0.000E+00	8.000E-10	1.300E-09	2.688E+00	2.856E+02	2.871E+02	1.733E-07	2.338E-07	5.200E-09	1.400E-09	1.400E-09	1.400E-09	2.689E+00	
163	12	20	1	0.000E+00	0.000E+00	0.000E+00	3.700E-09	2.769E+00	2.859E+02	2.876E+02	1.679E-07	2.257E-07	9.000E-10	1.900E-09	3.100E-09	5.300E-09	2.769E+00	
164	11	20	1	0.000E+00	1.000E-08	2.000E-10	2.000E-10	2.807E+00	2.853E+02	2.869E+02	1.714E-07	2.312E-07	3.200E-09	3.000E-10	7.000E-10	1.300E-09	2.806E+00	
165	10	20	1	0.000E+00	1.000E-08	3.100E-09	9.000E-10	2.773E+00	2.852E+02	2.867E+02	1.751E-07	2.362E-07	1.800E-09	2.400E-09	3.900E-09	1.200E-09	2.773E+00	
166	9	20	1	0.000E+00	1.000E-08	4.200E-09	1.200E-09	2.709E+00	2.847E+02	2.864E+02	1.827E-07	2.464E-07	1.400E-09	1.400E-09	2.300E-09	2.300E-09	2.709E+00	
167	8	20	1	1.000E-03	0.000E+00	2.600E-09	0.000E+00	2.653E+00	2.849E+02	2.865E+02	1.849E-07	2.495E-07	2.200E-09	3.000E-09	0.000E+00	3.000E-10	2.654E+00	
168	7	20	1	0.000E+00	0.000E+00	3.200E-09	1.600E-09	2.610E+00	2.866E+02	2.884E+02	1.786E-07	2.383E-07	2.600E-09	1.500E-09	1.500E-09	2.400E-09	2.610E+00	
169	8	21	1	1.000E-03	1.000E-08	1.500E-09	1.800E-09	2.675E+00	2.866E+02	2.882E+02	1.761E-07	2.384E-07	3.300E-09	3.000E-09	0.000E+00	2.300E-09	2.674E+00	
170	9	21	1	0.000E+00	0.000E+00	1.700E-09	3.500E-09	2.713E+00	2.861E+02	2.877E+02	1.769E-07	2.393E-07	8.000E-10	1.800E-09	1.000E-09	5.100E-09	2.712E+00	
171	10	21	1	0.000E+00	1.000E-08	0.000E+00	1.100E-09	2.708E+00	2.853E+02	2.868E+02	1.793E-07	2.415E-07	3.900E-09	1.200E-09	2.600E-09	1.200E-09	2.709E+00	
172	11	21	1	0.000E+00	0.000E+00	3.500E-09	6.000E-10	2.719E+00	2.852E+02	2.868E+02	1.780E-07	2.398E-07	6.000E-10	2.000E-09	3.400E-09	3.400E-09	2.720E+00	
173	12	21	1	0.000E+00	0.000E+00	1.700E-09	9.000E-10	2.716E+00	2.863E+02	2.879E+02	1.724E-07	2.309E-07	6.500E-09	6.000E-10	2.200E-09	2.200E-09	2.716E+00	
174	13	21	1	1.000E-03	0.000E+00	6.000E-10	2.000E-10	2.685E+00	2.864E+02	2.881E+02	1.755E-07	2.350E-07	3.100E-09	1.800E-09	3.000E-10	4.000E-09	2.685E+00	
175	14	21	1	0.000E+00	0.000E+00	2.800E-09	2.300E-09	2.663E+00	2.873E+02	2.890E+02	1.762E-07	2.349E-07	1.100E-09	3.000E-10	3.400E-09	1.600E-09	2.663E+00	
176	12	22	1	1.000E-03	1.000E-08	1.200E-09	1.400E-09	2.731E+00	2.894E+02	2.911E+02	1.626E-07	2.154E-07	5.400E-09	1.000E-10	2.300E-09	3.000E-09	2.731E+00	
177	11	22	1	0.000E+00	0.000E+00	1.200E-09	2.000E-10	2.728E+00	2.886E+02	2.902E+02	1.646E-07	2.198E-07	4.800E-09	1.800E-09	5.000E-10	2.600E-09	2.728E+00	
178	10	22	1	0.000E+00	0.000E+00	4.000E-10	3.700E-09	2.746E+00	2.878E+02	2.893E+02	1.670E-07	2.239E-07	2.000E-09	9.000E-10	1.700E-09	5.800E-09	2.746E+00	
