Program name	ME58P82_G0A89BA.jtf
Lot number	FA55-4307-327A-250501@203
Wafer number	14
Date	2025/05/01
Time	05:44:07

No.U	X	Y	Bin	CONT	IGSS0	IGSS10	ISGS10	VTH0.25	BVDSS0.25	BVDSS10	IDSS240	IDSS250	IGSS16	ISGS16	IGSS18	ISGS18	VTH0.25_2
LimitU				0.500V	99.00uA	100.0nA	100.0nA	4.500V	300.0V	300.0V	800.0nA	800.0nA	200.0nA	200.0nA	200.0nA	200.0nA	4.500V	
LimitL				0V	0A	0A	0A	2.500V	250.0V	250.0V	0A	0A	0A	0A	0A	0A	2.500V	
Bias 1				1.00mA	1.00V	10.0V	10.0V	250uA	250uA	10.0mA	240V	250V	16.0V	16.0V	18.0V	18.0V	250uA
Bias 2				
Bias 3									350V	350V
Bias 4				2.50ms	10.0ms	40.0ms	40.0ms	2.00ms	20.0ms	10.0ms	20.0ms	20.0ms	40.0ms	40.0ms	40.0ms	40.0ms	2.00ms	
Bias 5				
Bias 6				
1	9	5	1	0.000E+00	0.000E+00	5.000E-10	3.000E-10	2.792E+00	2.875E+02	2.893E+02	1.628E-07	2.187E-07	0.000E+00	1.700E-09	7.000E-10	1.900E-09	2.792E+00	
2	10	5	1	1.000E-03	0.000E+00	1.200E-09	6.000E-10	2.676E+00	2.865E+02	2.881E+02	1.722E-07	2.291E-07	2.700E-09	4.700E-09	2.000E-10	1.100E-09	2.676E+00	
3	11	5	4	0.000E+00	3.412E-05	999.9												
4	12	5	1	0.000E+00	1.000E-08	1.800E-09	6.300E-09	2.650E+00	2.870E+02	2.889E+02	1.674E-07	2.225E-07	2.700E-09	3.000E-10	3.600E-09	4.100E-09	2.651E+00	
5	13	5	4	0.000E+00	2.600E-07	999.9												
6	14	6	1	0.000E+00	1.000E-08	0.000E+00	6.300E-09	2.590E+00	2.847E+02	2.864E+02	1.838E-07	2.463E-07	7.000E-10	2.200E-09	2.100E-09	5.000E-09	2.590E+00	
7	13	6	1	0.000E+00	0.000E+00	4.000E-10	2.400E-09	2.585E+00	2.844E+02	2.860E+02	1.815E-07	2.435E-07	1.700E-09	0.000E+00	2.000E-09	2.700E-09	2.584E+00	
8	12	6	1	0.000E+00	0.000E+00	4.300E-09	1.300E-09	2.632E+00	2.843E+02	2.863E+02	1.758E-07	2.368E-07	1.100E-09	3.000E-10	1.600E-09	5.000E-10	2.631E+00	
9	11	6	1	0.000E+00	0.000E+00	2.500E-09	3.200E-09	2.672E+00	2.843E+02	2.860E+02	1.755E-07	2.361E-07	3.200E-09	5.700E-09	6.000E-10	2.000E-09	2.671E+00	
10	10	6	1	0.000E+00	0.000E+00	2.400E-09	1.900E-09	2.676E+00	2.839E+02	2.857E+02	1.795E-07	2.403E-07	3.400E-09	2.000E-10	3.100E-09	3.100E-09	2.676E+00	
11	9	6	1	0.000E+00	0.000E+00	1.700E-09	3.000E-09	2.683E+00	2.852E+02	2.870E+02	1.767E-07	2.379E-07	5.400E-09	7.000E-10	1.300E-09	1.600E-09	2.683E+00	
12	8	6	1	1.000E-03	1.000E-08	8.000E-10	1.700E-09	2.630E+00	2.857E+02	2.874E+02	1.803E-07	2.423E-07	2.100E-09	8.000E-10	4.700E-09	2.000E-09	2.630E+00	
13	7	7	1	0.000E+00	0.000E+00	3.100E-09	5.000E-10	2.679E+00	2.871E+02	2.889E+02	1.775E-07	2.370E-07	1.000E-09	9.000E-10	5.400E-09	1.100E-09	2.679E+00	
14	8	7	1	0.000E+00	2.000E-08	2.000E-10	1.400E-09	2.669E+00	2.851E+02	2.869E+02	1.807E-07	2.427E-07	2.000E-09	1.500E-09	7.000E-10	1.000E-10	2.668E+00	
15	9	7	1	0.000E+00	0.000E+00	1.000E-09	2.600E-09	2.763E+00	2.849E+02	2.867E+02	1.736E-07	2.319E-07	2.400E-09	1.600E-09	2.800E-09	3.800E-09	2.763E+00	
16	10	7	1	0.000E+00	2.000E-08	1.400E-09	4.500E-09	2.785E+00	2.846E+02	2.863E+02	1.703E-07	2.287E-07	2.700E-09	1.300E-09	1.800E-09	5.500E-09	2.784E+00	
17	11	7	1	0.000E+00	0.000E+00	8.000E-10	3.000E-09	2.785E+00	2.849E+02	2.865E+02	1.663E-07	2.253E-07	1.300E-09	7.000E-10	2.100E-09	2.000E-09	2.786E+00	
18	12	7	1	0.000E+00	0.000E+00	1.600E-09	2.200E-09	2.759E+00	2.852E+02	2.871E+02	1.640E-07	2.205E-07	3.000E-09	4.300E-09	7.000E-10	6.000E-10	2.759E+00	
19	13	7	1	0.000E+00	0.000E+00	1.700E-09	6.700E-09	2.652E+00	2.837E+02	2.856E+02	1.772E-07	2.380E-07	2.800E-09	1.800E-09	2.700E-09	5.200E-09	2.652E+00	
20	14	7	1	0.000E+00	1.000E-08	1.000E-09	4.100E-09	2.608E+00	2.826E+02	2.846E+02	1.884E-07	2.533E-07	4.100E-09	5.600E-09	1.300E-09	6.000E-10	2.608E+00	
21	15	7	1	1.000E-03	0.000E+00	3.300E-09	4.200E-09	2.604E+00	2.836E+02	2.856E+02	1.884E-07	2.524E-07	4.000E-10	6.000E-10	2.300E-09	8.000E-10	2.604E+00	
22	16	8	1	0.000E+00	1.000E-08	1.400E-09	7.000E-10	2.563E+00	2.832E+02	2.853E+02	1.924E-07	2.581E-07	5.000E-10	5.000E-10	2.200E-09	6.000E-10	2.563E+00	
23	15	8	1	1.000E-03	0.000E+00	2.600E-09	0.000E+00	2.615E+00	2.824E+02	2.845E+02	1.879E-07	2.541E-07	3.000E-10	1.500E-09	3.000E-10	3.000E-10	2.615E+00	
24	14	8	1	0.000E+00	1.000E-08	1.000E-10	6.000E-10	2.664E+00	2.831E+02	2.850E+02	1.795E-07	2.401E-07	2.500E-09	2.900E-09	1.700E-09	1.800E-09	2.664E+00	
25	13	8	1	0.000E+00	0.000E+00	1.800E-09	3.000E-09	2.752E+00	2.848E+02	2.864E+02	1.659E-07	2.235E-07	1.800E-09	1.100E-09	1.200E-09	3.100E-09	2.752E+00	
26	12	8	1	0.000E+00	0.000E+00	3.000E-10	2.000E-10	2.846E+00	2.857E+02	2.874E+02	1.581E-07	2.124E-07	4.200E-09	8.000E-10	1.000E-09	2.200E-09	2.846E+00	
27	11	8	1	0.000E+00	0.000E+00	1.000E-09	2.900E-09	2.861E+00	2.855E+02	2.870E+02	1.594E-07	2.136E-07	1.000E-09	1.600E-09	5.000E-10	2.900E-09	2.861E+00	
28	10	8	1	0.000E+00	2.000E-08	5.000E-10	3.800E-09	2.824E+00	2.853E+02	2.870E+02	1.629E-07	2.184E-07	4.000E-09	2.500E-09	1.300E-09	4.300E-09	2.824E+00	
29	9	8	1	0.000E+00	0.000E+00	3.000E-10	3.500E-09	2.791E+00	2.852E+02	2.869E+02	1.666E-07	2.247E-07	1.100E-09	1.200E-09	1.200E-09	6.600E-09	2.790E+00	
30	8	8	1	1.000E-03	0.000E+00	0.000E+00	3.000E-10	2.725E+00	2.849E+02	2.867E+02	1.750E-07	2.356E-07	3.900E-09	1.100E-09	7.000E-10	1.300E-09	2.725E+00	
31	7	8	1	0.000E+00	0.000E+00	2.100E-09	2.400E-09	2.661E+00	2.863E+02	2.880E+02	1.758E-07	2.332E-07	2.500E-09	3.600E-09	3.600E-09	1.100E-09	2.661E+00	
32	6	9	1	1.000E-03	0.000E+00	1.600E-09	5.200E-09	2.692E+00	2.893E+02	2.911E+02	1.626E-07	2.157E-07	7.000E-10	1.500E-09	2.400E-09	1.700E-09	2.691E+00	
33	7	9	3	0.000E+00	99.99													
34	8	9	1	0.000E+00	1.000E-08	1.200E-09	1.900E-09	2.795E+00	2.857E+02	2.872E+02	1.647E-07	2.218E-07	1.700E-09	1.200E-09	1.000E-10	1.200E-09	2.796E+00	
35	9	9	1	0.000E+00	1.000E-08	8.000E-10	1.700E-09	2.883E+00	2.861E+02	2.878E+02	1.579E-07	2.126E-07	4.000E-09	1.800E-09	1.000E-10	2.300E-09	2.883E+00	
36	10	9	1	0.000E+00	0.000E+00	1.100E-09	0.000E+00	2.935E+00	2.868E+02	2.885E+02	1.519E-07	2.015E-07	3.000E-10	1.700E-09	2.000E-10	9.000E-10	2.936E+00	
37	11	9	1	0.000E+00	1.000E-08	1.000E-09	5.100E-09	3.032E+00	2.886E+02	2.896E+02	1.420E-07	1.885E-07	1.700E-09	1.400E-09	1.500E-09	3.300E-09	3.032E+00	
38	12	9	1	0.000E+00	1.000E-08	1.600E-09	4.400E-09	3.068E+00	2.889E+02	2.899E+02	1.381E-07	1.834E-07	2.900E-09	1.800E-09	2.500E-09	4.300E-09	3.068E+00	
39	13	9	1	0.000E+00	0.000E+00	1.900E-09	3.000E-10	2.985E+00	2.873E+02	2.889E+02	1.466E-07	1.961E-07	3.000E-10	5.000E-10	2.200E-09	2.000E-10	2.986E+00	
40	14	9	1	0.000E+00	1.000E-08	8.000E-10	6.000E-10	2.833E+00	2.847E+02	2.866E+02	1.620E-07	2.186E-07	3.400E-09	7.000E-10	0.000E+00	4.000E-10	2.833E+00	
41	15	9	1	0.000E+00	1.000E-08	2.500E-09	8.000E-10	2.703E+00	2.829E+02	2.848E+02	1.795E-07	2.428E-07	4.000E-10	9.000E-10	3.000E-09	1.000E-09	2.703E+00	
42	16	9	1	0.000E+00	0.000E+00	1.900E-09	2.000E-09	2.596E+00	2.817E+02	2.837E+02	1.932E-07	2.593E-07	4.000E-09	3.000E-10	2.000E-09	4.900E-09	2.596E+00	
43	16	10	1	0.000E+00	0.000E+00	1.700E-09	3.500E-09	2.647E+00	2.814E+02	2.833E+02	1.894E-07	2.558E-07	2.400E-09	3.500E-09	6.000E-10	1.600E-09	2.648E+00	
44	15	10	1	0.000E+00	0.000E+00	6.000E-10	3.400E-09	2.818E+00	2.838E+02	2.856E+02	1.683E-07	2.262E-07	1.300E-09	3.100E-09	2.000E-10	2.800E-09	2.818E+00	
45	14	10	1	0.000E+00	1.000E-08	1.900E-09	5.400E-09	3.014E+00	2.869E+02	2.889E+02	1.444E-07	1.924E-07	4.000E-09	2.700E-09	2.300E-09	4.400E-09	3.013E+00	
46	13	10	1	0.000E+00	0.000E+00	2.000E-10	3.400E-09	3.242E+00	2.895E+02	2.905E+02	1.213E-07	1.621E-07	1.000E-09	1.000E-10	2.100E-09	3.200E-09	3.242E+00	
47	12	10	1	0.000E+00	0.000E+00	3.500E-09	2.900E-09	3.347E+00	2.898E+02	2.906E+02	1.108E-07	1.479E-07	1.800E-09	3.000E-10	2.100E-09	1.200E-09	3.347E+00	
48	11	10	1	0.000E+00	0.000E+00	1.800E-09	1.700E-09	3.321E+00	2.897E+02	2.907E+02	1.136E-07	1.515E-07	1.100E-09	1.200E-09	2.400E-09	1.300E-09	3.321E+00	
49	10	10	1	0.000E+00	1.000E-08	3.000E-09	1.300E-09	3.129E+00	2.893E+02	2.904E+02	1.295E-07	1.732E-07	0.000E+00	0.000E+00	2.200E-09	1.500E-09	3.129E+00	
50	9	10	1	1.000E-03	0.000E+00	0.000E+00	1.700E-09	2.968E+00	2.872E+02	2.892E+02	1.488E-07	1.970E-07	3.300E-09	3.000E-10	2.900E-09	3.000E-09	2.968E+00	
51	8	10	1	0.000E+00	0.000E+00	4.000E-10	2.100E-09	2.846E+00	2.859E+02	2.875E+02	1.615E-07	2.157E-07	1.800E-09	1.500E-09	1.700E-09	3.200E-09	2.846E+00	
52	7	10	1	0.000E+00	0.000E+00	7.000E-10	2.300E-09	2.753E+00	2.862E+02	2.878E+02	1.659E-07	2.223E-07	4.100E-09	5.000E-10	1.800E-09	2.200E-09	2.753E+00	
53	6	10	1	0.000E+00	0.000E+00	9.000E-10	1.600E-09	2.715E+00	2.886E+02	2.903E+02	1.617E-07	2.153E-07	4.900E-09	9.000E-10	1.000E-09	1.700E-09	2.715E+00	
54	6	11	1	0.000E+00	0.000E+00	1.200E-09	1.600E-09	2.767E+00	2.879E+02	2.896E+02	1.627E-07	2.162E-07	5.500E-09	1.800E-09	2.900E-09	9.000E-10	2.768E+00	
55	7	11	1	0.000E+00	0.000E+00	3.200E-09	1.700E-09	2.821E+00	2.865E+02	2.881E+02	1.619E-07	2.166E-07	0.000E+00	5.000E-10	2.800E-09	2.500E-09	2.821E+00	
56	8	11	1	0.000E+00	1.000E-08	2.200E-09	2.000E-10	2.907E+00	2.870E+02	2.886E+02	1.529E-07	2.060E-07	1.400E-09	6.000E-10	9.000E-10	1.000E-09	2.907E+00	
57	9	11	1	0.000E+00	0.000E+00	1.000E-10	2.600E-09	3.136E+00	2.894E+02	2.904E+02	1.289E-07	1.722E-07	3.900E-09	3.900E-09	4.000E-10	2.800E-09	3.137E+00	
58	10	11	1	0.000E+00	0.000E+00	2.000E-09	4.000E-10	3.417E+00	2.895E+02	2.905E+02	1.065E-07	1.410E-07	2.900E-09	2.200E-09	1.600E-09	2.900E-09	3.417E+00	
59	11	11	1	0.000E+00	0.000E+00	7.000E-10	3.600E-09	3.572E+00	2.896E+02	2.905E+02	9.610E-08	1.262E-07	3.000E-09	2.000E-10	1.700E-09	3.100E-09	3.570E+00	
60	12	11	1	0.000E+00	0.000E+00	3.000E-10	3.500E-09	3.642E+00	2.896E+02	2.906E+02	9.310E-08	1.229E-07	1.200E-09	2.000E-10	7.000E-10	1.700E-09	3.643E+00	
61	13	11	1	0.000E+00	1.000E-08	2.700E-09	3.200E-09	3.534E+00	2.894E+02	2.902E+02	1.005E-07	1.316E-07	3.600E-09	1.000E-09	2.700E-09	2.900E-09	3.534E+00	
62	14	11	1	0.000E+00	0.000E+00	2.100E-09	1.500E-09	3.272E+00	2.890E+02	2.899E+02	1.202E-07	1.585E-07	3.000E-09	1.300E-09	1.800E-09	2.400E-09	3.271E+00	
63	15	11	1	0.000E+00	0.000E+00	1.300E-09	3.700E-09	2.991E+00	2.858E+02	2.874E+02	1.511E-07	2.032E-07	2.800E-09	4.100E-09	8.000E-10	2.700E-09	2.990E+00	
64	16	11	1	1.000E-03	0.000E+00	2.000E-10	4.700E-09	2.722E+00	2.819E+02	2.838E+02	1.805E-07	2.435E-07	3.500E-09	3.200E-09	1.200E-09	4.900E-09	2.722E+00	
65	17	11	1	1.000E-03	0.000E+00	1.100E-09	2.300E-09	2.685E+00	2.825E+02	2.843E+02	1.839E-07	2.489E-07	1.400E-09	4.200E-09	4.000E-10	3.400E-09	2.684E+00	
66	17	12	1	0.000E+00	0.000E+00	6.000E-10	1.600E-09	2.714E+00	2.824E+02	2.842E+02	1.813E-07	2.458E-07	3.500E-09	2.500E-09	0.000E+00	1.100E-09	2.714E+00	
67	16	12	1	1.000E-03	0.000E+00	3.600E-09	5.800E-09	2.802E+00	2.830E+02	2.847E+02	1.712E-07	2.306E-07	5.400E-09	4.300E-09	1.600E-09	5.000E-09	2.802E+00	
68	15	12	1	0.000E+00	1.000E-08	6.000E-10	3.700E-09	3.107E+00	2.876E+02	2.887E+02	1.382E-07	1.846E-07	2.700E-09	3.600E-09	8.000E-10	3.900E-09	3.107E+00	
69	14	12	1	1.000E-03	0.000E+00	1.300E-09	3.000E-10	3.462E+00	2.888E+02	2.898E+02	1.054E-07	1.403E-07	6.300E-09	1.900E-09	1.100E-09	1.600E-09	3.462E+00	
70	13	12	1	0.000E+00	0.000E+00	8.000E-10	6.000E-10	3.666E+00	2.891E+02	2.900E+02	9.330E-08	1.232E-07	4.400E-09	4.000E-09	7.000E-10	3.500E-09	3.666E+00	
71	12	12	1	0.000E+00	1.000E-08	2.000E-09	1.100E-09	3.722E+00	2.893E+02	2.903E+02	8.940E-08	1.195E-07	2.700E-09	1.000E-09	7.000E-10	2.000E-10	3.723E+00	
72	11	12	1	0.000E+00	1.000E-08	6.000E-10	2.700E-09	3.683E+00	2.894E+02	2.904E+02	9.030E-08	1.202E-07	8.000E-10	6.900E-09	1.000E-10	2.400E-09	3.683E+00	
73	10	12	1	0.000E+00	0.000E+00	3.100E-09	2.000E-10	3.574E+00	2.896E+02	2.905E+02	9.560E-08	1.271E-07	7.000E-10	2.500E-09	3.200E-09	1.100E-09	3.574E+00	
74	9	12	1	1.000E-03	1.000E-08	3.600E-09	9.000E-10	3.295E+00	2.898E+02	2.908E+02	1.149E-07	1.523E-07	2.300E-09	1.700E-09	3.600E-09	1.000E-10	3.294E+00	
75	8	12	1	0.000E+00	0.000E+00	3.100E-09	4.000E-10	2.960E+00	2.878E+02	2.893E+02	1.480E-07	1.984E-07	1.300E-09	1.000E-10	3.700E-09	1.400E-09	2.959E+00	
76	7	12	1	0.000E+00	0.000E+00	8.000E-10	8.000E-10	2.832E+00	2.867E+02	2.883E+02	1.602E-07	2.147E-07	1.700E-09	3.000E-10	1.800E-09	7.000E-10	2.833E+00	
77	6	12	1	1.000E-03	0.000E+00	3.000E-10	4.000E-10	2.752E+00	2.871E+02	2.889E+02	1.672E-07	2.206E-07	2.600E-09	3.300E-09	5.000E-10	1.000E-10	2.752E+00	
78	5	12	4	0.000E+00	4.564E-05	999.9												
79	5	13	1	0.000E+00	1.000E-08	1.200E-09	1.200E-09	2.605E+00	2.889E+02	2.911E+02	1.583E-07	2.109E-07	3.200E-09	1.900E-09	1.200E-09	2.000E-10	2.606E+00	
80	6	13	1	0.000E+00	1.000E-08	1.200E-09	1.800E-09	2.739E+00	2.871E+02	2.888E+02	1.649E-07	2.189E-07	5.700E-09	2.600E-09	2.100E-09	9.000E-10	2.738E+00	
81	7	13	1	0.000E+00	0.000E+00	4.200E-09	1.200E-09	2.853E+00	2.871E+02	2.886E+02	1.568E-07	2.100E-07	2.300E-09	1.300E-09	2.900E-09	3.100E-09	2.853E+00	
82	8	13	1	1.000E-03	0.000E+00	1.600E-09	3.800E-09	3.037E+00	2.887E+02	2.898E+02	1.405E-07	1.875E-07	2.500E-09	2.900E-09	4.600E-09	2.400E-09	3.037E+00	
83	9	13	1	0.000E+00	0.000E+00	1.700E-09	5.000E-10	3.425E+00	2.896E+02	2.907E+02	1.057E-07	1.407E-07	1.000E-09	0.000E+00	5.000E-10	2.000E-10	3.423E+00	
84	10	13	1	0.000E+00	0.000E+00	2.300E-09	6.000E-10	3.671E+00	2.897E+02	2.905E+02	9.130E-08	1.217E-07	0.000E+00	6.000E-10	3.700E-09	7.000E-10	3.671E+00	
85	11	13	1	0.000E+00	0.000E+00	2.300E-09	1.500E-09	3.731E+00	2.895E+02	2.903E+02	8.920E-08	1.184E-07	7.000E-10	2.000E-09	3.200E-09	6.000E-10	3.732E+00	
86	12	13	1	0.000E+00	0.000E+00	2.600E-09	1.200E-09	3.763E+00	2.892E+02	2.900E+02	9.000E-08	1.201E-07	1.100E-09	3.000E-10	4.700E-09	2.000E-10	3.763E+00	
87	13	13	1	0.000E+00	0.000E+00	4.000E-10	1.000E-09	3.718E+00	2.889E+02	2.898E+02	9.120E-08	1.218E-07	2.300E-09	5.000E-10	8.000E-10	5.000E-10	3.717E+00	
88	14	13	1	0.000E+00	1.000E-08	5.000E-10	2.300E-09	3.604E+00	2.887E+02	2.897E+02	9.790E-08	1.309E-07	6.000E-10	1.700E-09	5.000E-10	1.000E-09	3.604E+00	
89	15	13	1	0.000E+00	0.000E+00	4.000E-10	3.100E-09	3.239E+00	2.883E+02	2.893E+02	1.251E-07	1.674E-07	4.600E-09	5.600E-09	4.000E-10	4.000E-10	3.239E+00	
90	16	13	1	0.000E+00	0.000E+00	1.500E-09	5.400E-09	2.885E+00	2.839E+02	2.859E+02	1.623E-07	2.183E-07	4.000E-09	3.300E-09	1.000E-09	5.200E-09	2.884E+00	
91	17	13	1	0.000E+00	1.000E-08	7.000E-10	3.600E-09	2.767E+00	2.828E+02	2.846E+02	1.783E-07	2.394E-07	3.200E-09	3.700E-09	2.100E-09	3.300E-09	2.767E+00	
92	17	14	1	0.000E+00	0.000E+00	1.400E-09	1.500E-09	2.789E+00	2.828E+02	2.846E+02	1.761E-07	2.369E-07	9.000E-10	4.300E-09	1.000E-10	2.000E-09	2.789E+00	
93	16	14	1	0.000E+00	0.000E+00	1.000E-10	1.000E-09	2.910E+00	2.839E+02	2.858E+02	1.608E-07	2.171E-07	4.900E-09	0.000E+00	1.400E-09	5.000E-10	2.911E+00	
94	15	14	1	0.000E+00	1.000E-08	6.000E-10	1.700E-09	3.271E+00	2.883E+02	2.893E+02	1.224E-07	1.637E-07	4.700E-09	4.600E-09	1.800E-09	5.000E-10	3.272E+00	
95	14	14	1	0.000E+00	0.000E+00	2.100E-09	1.800E-09	3.640E+00	2.887E+02	2.896E+02	9.560E-08	1.278E-07	2.800E-09	2.700E-09	3.200E-09	2.300E-09	3.640E+00	
96	13	14	1	1.000E-03	0.000E+00	5.000E-10	2.900E-09	3.727E+00	2.889E+02	2.897E+02	9.140E-08	1.201E-07	3.500E-09	3.000E-09	1.600E-09	2.000E-09	3.728E+00	
97	12	14	1	0.000E+00	0.000E+00	9.000E-10	2.700E-09	3.756E+00	2.891E+02	2.900E+02	8.910E-08	1.195E-07	3.300E-09	6.000E-10	1.200E-09	3.900E-09	3.756E+00	
98	11	14	1	0.000E+00	0.000E+00	1.800E-09	2.900E-09	3.736E+00	2.893E+02	2.901E+02	8.880E-08	1.190E-07	2.300E-09	1.400E-09	6.000E-10	2.700E-09	3.736E+00	
99	10	14	1	0.000E+00	0.000E+00	2.600E-09	2.000E-10	3.686E+00	2.895E+02	2.903E+02	9.180E-08	1.214E-07	1.100E-09	1.200E-09	4.500E-09	2.000E-10	3.686E+00	
100	9	14	1	0.000E+00	1.000E-08	3.400E-09	1.000E-10	3.448E+00	2.896E+02	2.906E+02	1.044E-07	1.385E-07	1.100E-09	1.300E-09	4.500E-09	1.300E-09	3.448E+00	
101	8	14	1	1.000E-03	0.000E+00	3.800E-09	3.000E-10	3.047E+00	2.887E+02	2.898E+02	1.388E-07	1.851E-07	4.000E-10	1.000E-09	3.500E-09	4.000E-10	3.047E+00	
102	7	14	1	0.000E+00	0.000E+00	2.400E-09	2.500E-09	2.821E+00	2.867E+02	2.884E+02	1.584E-07	2.117E-07	7.000E-10	1.100E-09	2.100E-09	8.000E-10	2.821E+00	
103	6	14	1	1.000E-03	1.000E-08	1.100E-09	2.000E-10	2.718E+00	2.870E+02	2.888E+02	1.652E-07	2.196E-07	2.500E-09	1.100E-09	5.000E-10	1.000E-09	2.717E+00	
104	5	14	1	0.000E+00	0.000E+00	0.000E+00	2.600E-09	2.641E+00	2.890E+02	2.911E+02	1.578E-07	2.109E-07	4.600E-09	2.500E-09	5.000E-10	3.400E-09	2.642E+00	
105	5	15	1	1.000E-03	0.000E+00	3.100E-09	1.100E-09	2.698E+00	2.876E+02	2.904E+02	1.557E-07	2.069E-07	1.900E-09	1.200E-09	1.200E-09	1.600E-09	2.698E+00	
106	6	15	1	0.000E+00	0.000E+00	7.000E-10	3.500E-09	2.750E+00	2.874E+02	2.891E+02	1.626E-07	2.143E-07	3.600E-09	2.100E-09	2.500E-09	3.900E-09	2.750E+00	
107	7	15	1	0.000E+00	0.000E+00	4.000E-10	4.000E-09	2.817E+00	2.866E+02	2.882E+02	1.585E-07	2.105E-07	2.400E-09	3.300E-09	1.800E-09	3.400E-09	2.816E+00	
108	8	15	1	0.000E+00	0.000E+00	7.000E-10	2.500E-09	3.009E+00	2.881E+02	2.893E+02	1.419E-07	1.889E-07	2.400E-09	6.300E-09	1.800E-09	2.200E-09	3.008E+00	
109	9	15	1	0.000E+00	0.000E+00	4.000E-10	1.500E-09	3.418E+00	2.893E+02	2.904E+02	1.084E-07	1.439E-07	2.300E-09	5.000E-09	1.000E-10	6.000E-10	3.420E+00	
110	10	15	1	1.000E-03	0.000E+00	2.000E-09	2.100E-09	3.669E+00	2.894E+02	2.902E+02	9.370E-08	1.249E-07	6.000E-10	1.300E-09	3.900E-09	2.400E-09	3.669E+00	
111	11	15	1	0.000E+00	1.000E-08	0.000E+00	1.900E-09	3.759E+00	2.891E+02	2.900E+02	9.030E-08	1.206E-07	2.000E-10	9.000E-10	8.000E-10	5.000E-10	3.759E+00	
112	12	15	1	0.000E+00	0.000E+00	2.200E-09	2.100E-09	3.772E+00	2.892E+02	2.900E+02	8.930E-08	1.176E-07	1.400E-09	1.400E-09	2.200E-09	9.000E-10	3.773E+00	
113	13	15	1	0.000E+00	0.000E+00	4.000E-10	1.700E-09	3.731E+00	2.888E+02	2.897E+02	9.200E-08	1.224E-07	1.300E-09	3.000E-10	3.500E-09	0.000E+00	3.731E+00	
114	14	15	1	0.000E+00	0.000E+00	1.800E-09	2.200E-09	3.593E+00	2.887E+02	2.896E+02	9.880E-08	1.310E-07	3.500E-09	3.800E-09	1.200E-09	2.100E-09	3.593E+00	
115	15	15	1	0.000E+00	0.000E+00	2.500E-09	6.000E-10	3.259E+00	2.881E+02	2.890E+02	1.255E-07	1.690E-07	2.400E-09	1.700E-09	9.000E-10	5.000E-10	3.259E+00	
116	16	15	1	0.000E+00	0.000E+00	8.000E-10	1.800E-09	2.917E+00	2.837E+02	2.855E+02	1.616E-07	2.182E-07	2.300E-09	3.800E-09	3.000E-10	1.000E-10	2.918E+00	
117	17	15	1	0.000E+00	0.000E+00	0.000E+00	3.800E-09	2.811E+00	2.832E+02	2.850E+02	1.732E-07	2.332E-07	2.100E-09	6.500E-09	3.000E-10	4.000E-10	2.811E+00	
118	16	16	1	0.000E+00	1.000E-08	8.000E-10	2.800E-09	2.875E+00	2.835E+02	2.852E+02	1.675E-07	2.257E-07	4.000E-09	6.200E-09	1.000E-10	8.000E-10	2.876E+00	
119	15	16	1	1.000E-03	0.000E+00	1.900E-09	3.000E-10	3.115E+00	2.871E+02	2.885E+02	1.396E-07	1.867E-07	1.400E-09	1.400E-09	1.400E-09	3.000E-10	3.114E+00	
120	14	16	1	1.000E-03	0.000E+00	1.700E-09	0.000E+00	3.450E+00	2.885E+02	2.896E+02	1.077E-07	1.424E-07	1.800E-09	1.500E-09	8.000E-10	1.000E-09	3.450E+00	
121	13	16	1	0.000E+00	0.000E+00	4.000E-10	1.500E-09	3.662E+00	2.888E+02	2.897E+02	9.600E-08	1.260E-07	1.700E-09	5.000E-10	0.000E+00	1.800E-09	3.662E+00	
122	12	16	1	1.000E-03	0.000E+00	4.000E-10	5.000E-10	3.724E+00	2.890E+02	2.899E+02	9.200E-08	1.226E-07	4.300E-09	4.000E-10	1.700E-09	1.800E-09	3.723E+00	
123	11	16	1	1.000E-03	1.000E-08	7.000E-10	3.000E-09	3.693E+00	2.892E+02	2.900E+02	9.240E-08	1.242E-07	2.700E-09	0.000E+00	1.700E-09	6.300E-09	3.693E+00	
124	10	16	1	0.000E+00	1.000E-08	1.800E-09	5.300E-09	3.572E+00	2.891E+02	2.900E+02	1.004E-07	1.316E-07	3.900E-09	2.000E-10	1.800E-09	4.500E-09	3.572E+00	
125	9	16	1	1.000E-03	2.000E-08	1.800E-09	8.000E-10	3.243E+00	2.889E+02	2.900E+02	1.200E-07	1.615E-07	3.500E-09	2.800E-09	1.100E-09	3.100E-09	3.244E+00	
126	8	16	1	1.000E-03	1.000E-08	3.400E-09	1.600E-09	2.947E+00	2.870E+02	2.886E+02	1.479E-07	1.982E-07	2.500E-09	1.900E-09	3.200E-09	3.500E-09	2.947E+00	
127	7	16	1	0.000E+00	0.000E+00	3.200E-09	1.900E-09	2.792E+00	2.862E+02	2.878E+02	1.614E-07	2.157E-07	1.600E-09	2.800E-09	3.800E-09	7.000E-10	2.792E+00	
128	6	16	1	0.000E+00	1.000E-08	1.700E-09	8.000E-10	2.735E+00	2.875E+02	2.894E+02	1.612E-07	2.144E-07	1.700E-09	1.400E-09	1.000E-09	1.400E-09	2.735E+00	
129	6	17	1	1.000E-03	0.000E+00	7.000E-10	1.800E-09	2.745E+00	2.884E+02	2.902E+02	1.576E-07	2.090E-07	2.300E-09	4.200E-09	2.000E-09	1.600E-09	2.745E+00	
130	7	17	3	0.000E+00	99.99													
131	8	17	1	1.000E-03	1.000E-08	1.400E-09	2.000E-09	2.906E+00	2.856E+02	2.872E+02	1.582E-07	2.104E-07	2.700E-09	1.600E-09	1.800E-09	4.500E-09	2.906E+00	
132	9	17	1	0.000E+00	1.000E-08	1.000E-09	1.000E-10	3.119E+00	2.880E+02	2.891E+02	1.351E-07	1.819E-07	3.000E-09	1.800E-09	1.000E-10	2.000E-09	3.119E+00	
133	10	17	1	0.000E+00	1.000E-08	0.000E+00	1.300E-09	3.321E+00	2.889E+02	2.899E+02	1.174E-07	1.567E-07	2.500E-09	7.000E-10	1.700E-09	2.500E-09	3.320E+00	
134	11	17	1	0.000E+00	1.000E-08	2.900E-09	3.700E-09	3.517E+00	2.890E+02	2.900E+02	1.042E-07	1.386E-07	1.000E-10	4.000E-10	4.100E-09	1.700E-09	3.516E+00	
135	12	17	1	0.000E+00	0.000E+00	3.900E-09	5.000E-10	3.577E+00	2.889E+02	2.899E+02	1.009E-07	1.342E-07	1.600E-09	1.000E-10	1.800E-09	1.300E-09	3.578E+00	
136	13	17	1	0.000E+00	0.000E+00	4.000E-10	2.700E-09	3.483E+00	2.888E+02	2.896E+02	1.067E-07	1.414E-07	1.800E-09	7.000E-10	4.300E-09	3.800E-09	3.484E+00	
137	14	17	1	0.000E+00	0.000E+00	4.000E-10	1.900E-09	3.230E+00	2.886E+02	2.893E+02	1.258E-07	1.688E-07	3.600E-09	1.800E-09	5.000E-10	1.700E-09	3.230E+00	
138	15	17	1	0.000E+00	1.000E-08	6.000E-10	1.400E-09	3.022E+00	2.861E+02	2.877E+02	1.508E-07	2.022E-07	3.400E-09	3.000E-09	1.000E-09	1.000E-09	3.022E+00	
139	16	17	1	1.000E-03	1.000E-08	3.100E-09	1.100E-09	2.824E+00	2.832E+02	2.849E+02	1.734E-07	2.343E-07	1.300E-09	6.000E-10	1.700E-09	3.000E-10	2.824E+00	
140	16	18	1	0.000E+00	2.000E-08	1.400E-09	2.200E-09	2.801E+00	2.836E+02	2.855E+02	1.759E-07	2.367E-07	1.800E-09	2.400E-09	2.700E-09	3.000E-10	2.801E+00	
141	15	18	1	1.000E-03	1.000E-08	1.000E-10	2.600E-09	2.876E+00	2.842E+02	2.860E+02	1.671E-07	2.244E-07	3.500E-09	4.400E-09	1.900E-09	1.800E-09	2.876E+00	
142	14	18	1	0.000E+00	0.000E+00	1.300E-09	1.200E-09	3.024E+00	2.864E+02	2.881E+02	1.478E-07	1.972E-07	3.400E-09	4.600E-09	1.000E-09	1.200E-09	3.025E+00	
143	13	18	1	0.000E+00	1.000E-08	1.300E-09	1.000E-10	3.188E+00	2.886E+02	2.894E+02	1.303E-07	1.732E-07	2.700E-09	5.100E-09	4.000E-10	3.000E-10	3.188E+00	
144	12	18	1	0.000E+00	1.000E-08	5.000E-10	4.500E-09	3.263E+00	2.886E+02	2.896E+02	1.240E-07	1.640E-07	3.100E-09	6.000E-10	2.800E-09	5.700E-09	3.264E+00	
145	11	18	1	0.000E+00	0.000E+00	1.100E-09	1.600E-09	3.204E+00	2.885E+02	2.894E+02	1.294E-07	1.739E-07	2.800E-09	1.800E-09	8.000E-10	1.100E-09	3.204E+00	
146	10	18	1	0.000E+00	0.000E+00	3.000E-10	3.600E-09	3.090E+00	2.872E+02	2.886E+02	1.425E-07	1.914E-07	3.100E-09	2.500E-09	7.000E-10	2.100E-09	3.090E+00	
147	9	18	1	0.000E+00	0.000E+00	7.000E-10	1.500E-09	2.991E+00	2.855E+02	2.876E+02	1.527E-07	2.062E-07	9.000E-10	5.000E-10	1.900E-09	3.500E-09	2.990E+00	
148	8	18	1	0.000E+00	0.000E+00	3.000E-10	1.600E-09	2.841E+00	2.843E+02	2.860E+02	1.678E-07	2.269E-07	1.400E-09	6.000E-10	2.000E-09	1.300E-09	2.841E+00	
149	7	18	1	0.000E+00	1.000E-08	9.000E-10	6.000E-10	2.740E+00	2.850E+02	2.869E+02	1.697E-07	2.276E-07	1.000E-09	1.500E-09	1.000E-09	1.800E-09	2.741E+00	
150	6	18	1	0.000E+00	1.000E-08	1.400E-09	2.700E-09	2.745E+00	2.895E+02	2.909E+02	1.545E-07	2.053E-07	2.600E-09	1.100E-09	9.000E-10	3.000E-09	2.745E+00	
151	7	19	1	0.000E+00	0.000E+00	3.500E-09	1.500E-09	2.733E+00	2.856E+02	2.878E+02	1.681E-07	2.241E-07	2.200E-09	3.300E-09	2.100E-09	1.100E-09	2.733E+00	
152	8	19	1	1.000E-03	0.000E+00	5.000E-10	8.000E-10	2.778E+00	2.831E+02	2.849E+02	1.784E-07	2.396E-07	1.000E-09	2.900E-09	1.000E-09	0.000E+00	2.777E+00	
153	9	19	1	0.000E+00	0.000E+00	4.000E-10	2.000E-09	2.895E+00	2.836E+02	2.859E+02	1.693E-07	2.262E-07	1.800E-09	2.000E-10	1.400E-09	2.300E-09	2.895E+00	
154	10	19	1	0.000E+00	0.000E+00	1.200E-09	2.100E-09	2.940E+00	2.846E+02	2.863E+02	1.625E-07	2.177E-07	2.300E-09	5.000E-09	1.200E-09	2.100E-09	2.940E+00	
155	11	19	1	0.000E+00	0.000E+00	1.400E-09	1.100E-09	2.991E+00	2.852E+02	2.867E+02	1.553E-07	2.083E-07	1.600E-09	7.000E-09	0.000E+00	2.800E-09	2.991E+00	
156	12	19	1	0.000E+00	0.000E+00	6.000E-10	2.100E-09	3.060E+00	2.864E+02	2.881E+02	1.475E-07	1.968E-07	2.500E-09	6.800E-09	4.000E-10	2.000E-09	3.059E+00	
157	13	19	1	0.000E+00	0.000E+00	4.000E-10	2.700E-09	2.993E+00	2.862E+02	2.877E+02	1.506E-07	2.025E-07	4.200E-09	4.000E-10	1.400E-09	1.000E-09	2.993E+00	
158	14	19	1	1.000E-03	0.000E+00	3.300E-09	1.200E-09	2.896E+00	2.847E+02	2.865E+02	1.631E-07	2.192E-07	8.000E-10	1.200E-09	4.500E-09	1.200E-09	2.896E+00	
159	15	19	1	0.000E+00	0.000E+00	1.900E-09	2.400E-09	2.858E+00	2.840E+02	2.860E+02	1.719E-07	2.305E-07	1.300E-09	2.200E-09	3.400E-09	2.000E-10	2.860E+00	
160	15	20	1	0.000E+00	0.000E+00	4.200E-09	1.900E-09	2.834E+00	2.856E+02	2.877E+02	1.703E-07	2.268E-07	1.000E-09	1.600E-09	3.700E-09	1.000E-09	2.834E+00	
161	14	20	1	0.000E+00	0.000E+00	5.000E-10	1.100E-09	2.828E+00	2.843E+02	2.860E+02	1.720E-07	2.312E-07	1.200E-09	1.300E-09	1.300E-09	0.000E+00	2.828E+00	
162	13	20	1	0.000E+00	0.000E+00	5.300E-09	2.600E-09	2.843E+00	2.845E+02	2.863E+02	1.661E-07	2.225E-07	1.100E-09	2.000E-09	4.400E-09	1.000E-09	2.843E+00	
163	12	20	1	0.000E+00	1.000E-08	1.100E-09	8.000E-10	2.888E+00	2.841E+02	2.860E+02	1.649E-07	2.224E-07	3.500E-09	6.000E-10	0.000E+00	4.000E-10	2.888E+00	
164	11	20	1	0.000E+00	0.000E+00	1.300E-09	2.600E-09	2.854E+00	2.831E+02	2.848E+02	1.712E-07	2.312E-07	5.900E-09	2.000E-09	2.500E-09	2.100E-09	2.855E+00	
165	10	20	1	0.000E+00	0.000E+00	1.500E-09	2.200E-09	2.820E+00	2.831E+02	2.849E+02	1.755E-07	2.359E-07	3.700E-09	4.500E-09	9.000E-10	1.800E-09	2.820E+00	
166	9	20	1	0.000E+00	0.000E+00	1.600E-09	2.400E-09	2.787E+00	2.832E+02	2.852E+02	1.777E-07	2.398E-07	2.800E-09	1.000E-09	1.500E-09	1.200E-09	2.786E+00	
167	8	20	1	0.000E+00	0.000E+00	2.500E-09	1.400E-09	2.734E+00	2.841E+02	2.859E+02	1.756E-07	2.361E-07	1.500E-09	2.100E-09	3.000E-10	4.000E-10	2.734E+00	
168	7	20	1	1.000E-03	0.000E+00	1.300E-09	2.100E-09	2.743E+00	2.874E+02	2.890E+02	1.623E-07	2.162E-07	3.800E-09	4.700E-09	9.000E-10	1.800E-09	2.743E+00	
169	8	21	1	0.000E+00	0.000E+00	8.000E-10	1.500E-09	2.792E+00	2.865E+02	2.881E+02	1.661E-07	2.219E-07	5.600E-09	3.200E-09	1.200E-09	4.000E-10	2.793E+00	
170	9	21	1	1.000E-03	1.000E-08	2.200E-09	3.800E-09	2.777E+00	2.851E+02	2.868E+02	1.690E-07	2.275E-07	6.000E-10	8.000E-10	2.700E-09	1.800E-09	2.776E+00	
171	10	21	1	0.000E+00	0.000E+00	2.500E-09	2.000E-09	2.790E+00	2.838E+02	2.855E+02	1.739E-07	2.341E-07	2.400E-09	2.600E-09	4.300E-09	1.800E-09	2.790E+00	
172	11	21	1	0.000E+00	0.000E+00	1.500E-09	3.000E-10	2.809E+00	2.835E+02	2.853E+02	1.729E-07	2.338E-07	8.000E-10	2.200E-09	2.200E-09	1.200E-09	2.810E+00	
173	12	21	1	0.000E+00	0.000E+00	6.000E-10	1.000E-09	2.854E+00	2.849E+02	2.868E+02	1.658E-07	2.225E-07	2.400E-09	1.000E-09	8.000E-10	1.800E-09	2.854E+00	
174	13	21	1	0.000E+00	0.000E+00	2.400E-09	1.300E-09	2.845E+00	2.858E+02	2.877E+02	1.644E-07	2.187E-07	1.600E-09	2.300E-09	1.700E-09	1.400E-09	2.845E+00	
175	14	21	1	0.000E+00	0.000E+00	1.100E-09	1.800E-09	2.852E+00	2.870E+02	2.886E+02	1.647E-07	2.183E-07	5.600E-09	3.000E-10	2.600E-09	1.800E-09	2.853E+00	
176	12	22	1	0.000E+00	1.000E-08	3.000E-10	3.500E-09	2.902E+00	2.890E+02	2.906E+02	1.521E-07	1.997E-07	3.600E-09	4.800E-09	1.300E-09	2.500E-09	2.902E+00	
177	11	22	1	0.000E+00	1.000E-08	6.000E-10	2.200E-09	2.852E+00	2.877E+02	2.894E+02	1.574E-07	2.079E-07	1.000E-09	5.700E-09	0.000E+00	3.500E-09	2.853E+00	
178	10	22	1	1.000E-03	1.000E-08	3.000E-10	4.400E-09	2.826E+00	2.871E+02	2.888E+02	1.596E-07	2.120E-07	2.800E-09	4.400E-09	8.000E-10	2.500E-09	2.827E+00	
