Program name	ME58P82_G0A89BA.jtf
Lot number	FA55-4307-327A-250501@203
Wafer number	17
Date	2025/05/01
Time	06:00:43

No.U	X	Y	Bin	CONT	IGSS0	IGSS10	ISGS10	VTH0.25	BVDSS0.25	BVDSS10	IDSS240	IDSS250	IGSS16	ISGS16	IGSS18	ISGS18	VTH0.25_2
LimitU				0.500V	99.00uA	100.0nA	100.0nA	4.500V	300.0V	300.0V	800.0nA	800.0nA	200.0nA	200.0nA	200.0nA	200.0nA	4.500V	
LimitL				0V	0A	0A	0A	2.500V	250.0V	250.0V	0A	0A	0A	0A	0A	0A	2.500V	
Bias 1				1.00mA	1.00V	10.0V	10.0V	250uA	250uA	10.0mA	240V	250V	16.0V	16.0V	18.0V	18.0V	250uA
Bias 2				
Bias 3									350V	350V
Bias 4				2.50ms	10.0ms	40.0ms	40.0ms	2.00ms	20.0ms	10.0ms	20.0ms	20.0ms	40.0ms	40.0ms	40.0ms	40.0ms	2.00ms	
Bias 5				
Bias 6				
1	9	5	1	1.000E-03	1.000E-08	1.400E-09	2.300E-09	2.617E+00	2.866E+02	2.882E+02	1.871E-07	2.519E-07	3.700E-09	5.400E-09	1.300E-09	2.700E-09	2.617E+00	
2	10	5	1	1.000E-03	0.000E+00	3.900E-09	2.800E-09	2.577E+00	2.859E+02	2.875E+02	1.894E-07	2.562E-07	2.000E-09	2.100E-09	3.600E-09	1.100E-09	2.576E+00	
3	11	5	1	0.000E+00	0.000E+00	3.700E-09	1.400E-09	2.580E+00	2.860E+02	2.876E+02	1.881E-07	2.529E-07	8.000E-10	2.400E-09	3.300E-09	2.900E-09	2.579E+00	
4	12	5	1	0.000E+00	1.000E-08	1.900E-09	1.800E-09	2.580E+00	2.866E+02	2.885E+02	1.835E-07	2.468E-07	2.500E-09	4.700E-09	2.000E-10	7.000E-10	2.579E+00	
5	13	5	1	0.000E+00	0.000E+00	1.100E-09	3.900E-09	2.540E+00	2.871E+02	2.889E+02	1.878E-07	2.502E-07	2.800E-09	4.700E-09	1.000E-10	3.600E-09	2.541E+00	
6	14	6	1	0.000E+00	1.000E-08	1.800E-09	2.600E-09	2.537E+00	2.855E+02	2.874E+02	1.949E-07	2.611E-07	5.000E-09	1.200E-09	2.100E-09	7.000E-10	2.536E+00	
7	13	6	1	0.000E+00	0.000E+00	2.900E-09	7.000E-10	2.557E+00	2.855E+02	2.871E+02	1.907E-07	2.564E-07	1.100E-09	5.000E-10	3.500E-09	6.000E-10	2.557E+00	
8	12	6	1	1.000E-03	1.000E-08	1.400E-09	2.300E-09	2.600E+00	2.854E+02	2.872E+02	1.856E-07	2.511E-07	1.000E-09	1.200E-09	1.900E-09	9.000E-10	2.600E+00	
9	11	6	1	0.000E+00	1.000E-08	1.400E-09	8.000E-10	2.640E+00	2.848E+02	2.865E+02	1.879E-07	2.551E-07	1.500E-09	2.100E-09	1.900E-09	2.100E-09	2.640E+00	
10	10	6	1	1.000E-03	0.000E+00	1.400E-09	1.400E-09	2.604E+00	2.844E+02	2.859E+02	1.938E-07	2.603E-07	2.800E-09	0.000E+00	1.900E-09	3.800E-09	2.604E+00	
11	9	6	1	0.000E+00	0.000E+00	9.000E-10	1.400E-09	2.606E+00	2.851E+02	2.867E+02	1.930E-07	2.616E-07	4.200E-09	1.900E-09	7.000E-10	1.100E-09	2.607E+00	
12	8	6	1	1.000E-03	1.000E-08	1.200E-09	1.900E-09	2.576E+00	2.854E+02	2.870E+02	1.969E-07	2.667E-07	2.100E-09	1.100E-09	3.200E-09	3.300E-09	2.576E+00	
13	7	7	1	1.000E-03	0.000E+00	8.000E-10	1.600E-09	2.559E+00	2.867E+02	2.885E+02	1.919E-07	2.588E-07	1.700E-09	7.000E-10	2.200E-09	2.000E-10	2.558E+00	
14	8	7	1	0.000E+00	0.000E+00	3.200E-09	9.000E-10	2.631E+00	2.856E+02	2.871E+02	1.931E-07	2.598E-07	1.700E-09	4.200E-09	2.000E-10	1.900E-09	2.631E+00	
15	9	7	1	0.000E+00	1.000E-08	4.000E-10	3.200E-09	2.711E+00	2.857E+02	2.875E+02	1.830E-07	2.474E-07	1.600E-09	7.000E-10	2.800E-09	4.300E-09	2.709E+00	
16	10	7	1	0.000E+00	0.000E+00	2.500E-09	7.000E-10	2.732E+00	2.856E+02	2.872E+02	1.784E-07	2.423E-07	2.000E-10	4.000E-10	3.400E-09	1.800E-09	2.732E+00	
17	11	7	1	1.000E-03	0.000E+00	2.700E-09	2.400E-09	2.761E+00	2.863E+02	2.877E+02	1.728E-07	2.330E-07	3.100E-09	5.500E-09	1.300E-09	2.200E-09	2.762E+00	
18	12	7	1	1.000E-03	0.000E+00	2.100E-09	9.000E-10	2.781E+00	2.869E+02	2.889E+02	1.679E-07	2.242E-07	1.100E-09	2.300E-09	1.300E-09	1.000E-10	2.780E+00	
19	13	7	1	0.000E+00	1.000E-08	5.000E-10	4.000E-09	2.659E+00	2.860E+02	2.877E+02	1.804E-07	2.414E-07	4.800E-09	4.300E-09	2.100E-09	3.000E-10	2.660E+00	
20	14	7	1	0.000E+00	0.000E+00	0.000E+00	1.400E-09	2.584E+00	2.845E+02	2.863E+02	1.944E-07	2.627E-07	3.800E-09	1.800E-09	2.000E-10	3.400E-09	2.584E+00	
21	15	7	1	0.000E+00	1.000E-08	5.000E-10	4.300E-09	2.560E+00	2.850E+02	2.868E+02	1.966E-07	2.645E-07	1.000E-09	1.600E-09	1.800E-09	5.400E-09	2.560E+00	
22	16	8	1	0.000E+00	1.000E-08	0.000E+00	3.400E-09	2.501E+00	2.847E+02	2.864E+02	2.031E-07	2.731E-07	1.800E-09	3.000E-10	2.100E-09	2.100E-09	2.501E+00	
23	15	8	1	0.000E+00	0.000E+00	3.500E-09	2.200E-09	2.605E+00	2.847E+02	2.864E+02	1.940E-07	2.611E-07	5.000E-10	3.100E-09	1.400E-09	1.000E-09	2.605E+00	
24	14	8	1	1.000E-03	1.000E-08	2.400E-09	3.000E-10	2.712E+00	2.861E+02	2.879E+02	1.781E-07	2.380E-07	8.000E-10	8.000E-10	0.000E+00	8.000E-10	2.712E+00	
25	13	8	1	1.000E-03	0.000E+00	1.000E-10	2.500E-09	2.831E+00	2.882E+02	2.896E+02	1.605E-07	2.140E-07	2.800E-09	1.200E-09	1.800E-09	2.000E-10	2.832E+00	
26	12	8	1	1.000E-03	0.000E+00	2.000E-10	4.000E-10	2.948E+00	2.893E+02	2.901E+02	1.490E-07	2.006E-07	4.100E-09	1.900E-09	3.000E-10	1.700E-09	2.948E+00	
27	11	8	3	1.000E-03	99.99													
28	10	8	1	1.000E-03	0.000E+00	8.000E-10	2.600E-09	2.834E+00	2.872E+02	2.888E+02	1.656E-07	2.206E-07	3.900E-09	1.200E-09	3.100E-09	4.700E-09	2.834E+00	
29	9	8	1	0.000E+00	2.000E-08	3.000E-10	4.700E-09	2.781E+00	2.863E+02	2.881E+02	1.740E-07	2.337E-07	2.000E-10	4.800E-09	2.000E-10	2.300E-09	2.781E+00	
30	8	8	1	0.000E+00	1.000E-08	2.700E-09	5.400E-09	2.680E+00	2.854E+02	2.869E+02	1.874E-07	2.527E-07	5.900E-09	3.300E-09	1.600E-09	3.400E-09	2.680E+00	
31	7	8	1	1.000E-03	1.000E-08	3.000E-10	1.000E-09	2.569E+00	2.860E+02	2.878E+02	1.900E-07	2.556E-07	4.200E-09	1.600E-09	1.100E-09	2.000E-10	2.569E+00	
32	6	9	1	0.000E+00	0.000E+00	3.200E-09	1.300E-09	2.581E+00	2.889E+02	2.905E+02	1.802E-07	2.395E-07	2.200E-09	1.000E-09	4.600E-09	1.000E-09	2.580E+00	
33	7	9	1	1.000E-03	1.000E-08	2.100E-09	1.300E-09	2.618E+00	2.859E+02	2.876E+02	1.859E-07	2.503E-07	3.000E-10	9.000E-10	3.700E-09	8.000E-10	2.618E+00	
34	8	9	4	1.000E-03	4.672E-05	999.9												
35	9	9	1	0.000E+00	1.000E-08	3.000E-10	3.300E-09	2.896E+00	2.878E+02	2.894E+02	1.596E-07	2.127E-07	1.800E-09	3.900E-09	1.300E-09	3.900E-09	2.896E+00	
36	10	9	1	0.000E+00	1.000E-08	1.700E-09	1.100E-09	3.055E+00	2.895E+02	2.905E+02	1.387E-07	1.860E-07	4.700E-09	2.800E-09	2.800E-09	3.000E-10	3.055E+00	
37	11	9	1	1.000E-03	0.000E+00	3.000E-10	2.000E-09	3.229E+00	2.898E+02	2.909E+02	1.214E-07	1.597E-07	3.000E-09	2.000E-10	2.200E-09	3.700E-09	3.230E+00	
38	12	9	1	1.000E-03	0.000E+00	1.500E-09	2.000E-10	3.300E+00	2.900E+02	2.911E+02	1.152E-07	1.530E-07	1.800E-09	5.000E-09	6.000E-10	6.000E-10	3.301E+00	
39	13	9	1	0.000E+00	1.000E-08	3.000E-10	3.700E-09	3.194E+00	2.898E+02	2.910E+02	1.238E-07	1.660E-07	3.500E-09	1.100E-09	2.000E-10	3.400E-09	3.195E+00	
40	14	9	1	1.000E-03	1.000E-08	2.000E-10	9.000E-10	2.942E+00	2.890E+02	2.902E+02	1.512E-07	2.020E-07	4.200E-09	2.200E-09	1.500E-09	1.000E-10	2.942E+00	
41	15	9	1	0.000E+00	1.000E-08	0.000E+00	5.000E-10	2.708E+00	2.860E+02	2.875E+02	1.794E-07	2.424E-07	3.100E-09	3.000E-09	1.000E-10	1.900E-09	2.707E+00	
42	16	9	1	0.000E+00	0.000E+00	1.500E-09	3.100E-09	2.549E+00	2.838E+02	2.856E+02	2.001E-07	2.711E-07	4.800E-09	7.000E-10	1.300E-09	5.000E-10	2.549E+00	
43	16	10	1	0.000E+00	1.000E-08	2.000E-09	1.000E-09	2.606E+00	2.837E+02	2.854E+02	1.942E-07	2.640E-07	6.500E-09	5.000E-10	1.900E-09	2.000E-10	2.607E+00	
44	15	10	1	1.000E-03	0.000E+00	2.900E-09	1.000E-09	2.849E+00	2.877E+02	2.892E+02	1.623E-07	2.183E-07	1.000E-09	7.000E-10	2.500E-09	1.000E-10	2.850E+00	
45	14	10	1	0.000E+00	0.000E+00	1.300E-09	8.000E-10	3.229E+00	2.899E+02	2.908E+02	1.220E-07	1.627E-07	7.000E-10	1.000E-09	4.300E-09	1.200E-09	3.229E+00	
46	13	10	1	1.000E-03	1.000E-08	2.900E-09	1.100E-09	3.500E+00	2.903E+02	2.911E+02	1.021E-07	1.353E-07	6.000E-10	3.000E-10	4.700E-09	1.700E-09	3.500E+00	
47	12	10	1	0.000E+00	0.000E+00	2.800E-09	1.600E-09	3.596E+00	2.902E+02	2.912E+02	9.600E-08	1.276E-07	1.000E-09	2.000E-10	2.500E-09	9.000E-10	3.596E+00	
48	11	10	1	0.000E+00	0.000E+00	7.000E-10	2.500E-09	3.557E+00	2.902E+02	2.911E+02	9.750E-08	1.301E-07	4.400E-09	1.800E-09	1.000E-10	2.100E-09	3.557E+00	
49	10	10	1	0.000E+00	0.000E+00	7.000E-10	0.000E+00	3.359E+00	2.899E+02	2.911E+02	1.120E-07	1.470E-07	1.800E-09	2.800E-09	0.000E+00	3.000E-10	3.358E+00	
50	9	10	1	0.000E+00	1.000E-08	1.100E-09	1.900E-09	3.043E+00	2.893E+02	2.905E+02	1.366E-07	1.841E-07	4.600E-09	2.300E-09	1.000E-09	7.000E-10	3.044E+00	
51	8	10	1	0.000E+00	0.000E+00	4.000E-10	2.000E-09	2.795E+00	2.874E+02	2.889E+02	1.658E-07	2.233E-07	8.000E-10	1.600E-09	1.900E-09	1.000E-10	2.796E+00	
52	7	10	1	0.000E+00	1.000E-08	2.100E-09	2.100E-09	2.670E+00	2.865E+02	2.882E+02	1.792E-07	2.413E-07	2.400E-09	6.000E-10	1.600E-09	1.000E-10	2.669E+00	
53	6	10	1	0.000E+00	0.000E+00	0.000E+00	2.700E-09	2.613E+00	2.881E+02	2.898E+02	1.803E-07	2.409E-07	1.400E-09	1.500E-09	7.000E-10	2.300E-09	2.613E+00	
54	6	11	1	0.000E+00	0.000E+00	1.400E-09	1.700E-09	2.662E+00	2.879E+02	2.896E+02	1.777E-07	2.376E-07	1.500E-09	1.100E-09	2.500E-09	1.500E-09	2.662E+00	
55	7	11	1	0.000E+00	0.000E+00	1.000E-09	3.000E-10	2.741E+00	2.874E+02	2.890E+02	1.708E-07	2.286E-07	2.100E-09	2.000E-09	7.000E-10	1.900E-09	2.741E+00	
56	8	11	1	0.000E+00	1.000E-08	2.400E-09	1.600E-09	2.897E+00	2.889E+02	2.900E+02	1.531E-07	2.055E-07	9.000E-10	1.900E-09	1.600E-09	2.000E-10	2.897E+00	
57	9	11	1	0.000E+00	1.000E-08	2.000E-10	2.000E-10	3.282E+00	2.900E+02	2.912E+02	1.158E-07	1.539E-07	3.800E-09	2.000E-09	4.000E-10	0.000E+00	3.283E+00	
58	10	11	1	0.000E+00	0.000E+00	2.200E-09	2.100E-09	3.595E+00	2.902E+02	2.912E+02	9.660E-08	1.287E-07	1.400E-09	2.200E-09	2.900E-09	3.600E-09	3.595E+00	
59	11	11	1	0.000E+00	1.000E-08	3.000E-10	7.000E-10	3.680E+00	2.900E+02	2.910E+02	9.210E-08	1.235E-07	3.000E-10	1.200E-09	2.000E-09	0.000E+00	3.680E+00	
60	12	11	1	0.000E+00	0.000E+00	3.100E-09	1.400E-09	3.708E+00	2.902E+02	2.912E+02	9.140E-08	1.216E-07	1.000E-09	6.000E-10	7.000E-10	0.000E+00	3.708E+00	
61	13	11	1	0.000E+00	1.000E-08	2.800E-09	7.000E-10	3.669E+00	2.902E+02	2.912E+02	9.420E-08	1.255E-07	4.000E-10	2.300E-09	3.000E-09	7.000E-10	3.669E+00	
62	14	11	1	1.000E-03	0.000E+00	2.300E-09	1.000E-10	3.477E+00	2.901E+02	2.910E+02	1.041E-07	1.395E-07	2.500E-09	1.200E-09	1.000E-09	9.000E-10	3.477E+00	
63	15	11	1	1.000E-03	0.000E+00	3.500E-09	3.000E-10	3.072E+00	2.891E+02	2.901E+02	1.396E-07	1.872E-07	1.700E-09	2.700E-09	1.300E-09	8.000E-10	3.071E+00	
64	16	11	1	0.000E+00	0.000E+00	4.200E-09	1.200E-09	2.685E+00	2.843E+02	2.860E+02	1.853E-07	2.512E-07	1.000E-10	5.000E-10	3.800E-09	5.000E-10	2.685E+00	
65	17	11	1	0.000E+00	0.000E+00	1.300E-09	2.600E-09	2.564E+00	2.830E+02	2.847E+02	2.030E-07	2.760E-07	2.500E-09	1.800E-09	2.000E-10	3.500E-09	2.564E+00	
66	17	12	1	0.000E+00	1.000E-08	2.100E-09	5.000E-10	2.583E+00	2.828E+02	2.848E+02	2.003E-07	2.719E-07	5.400E-09	1.400E-09	2.100E-09	1.400E-09	2.583E+00	
67	16	12	1	1.000E-03	1.000E-08	7.000E-10	2.000E-09	2.739E+00	2.849E+02	2.869E+02	1.775E-07	2.393E-07	5.100E-09	5.900E-09	9.000E-10	2.000E-09	2.739E+00	
68	15	12	1	1.000E-03	0.000E+00	2.500E-09	1.000E-09	3.176E+00	2.893E+02	2.903E+02	1.260E-07	1.702E-07	3.500E-09	1.500E-09	2.300E-09	3.200E-09	3.176E+00	
69	14	12	1	1.000E-03	0.000E+00	5.000E-10	3.600E-09	3.610E+00	2.902E+02	2.910E+02	9.710E-08	1.296E-07	3.100E-09	7.000E-10	1.700E-09	1.800E-09	3.610E+00	
70	13	12	1	0.000E+00	1.000E-08	9.000E-10	2.100E-09	3.697E+00	2.900E+02	2.909E+02	9.310E-08	1.246E-07	2.500E-09	3.400E-09	7.000E-10	2.500E-09	3.697E+00	
71	12	12	1	1.000E-03	0.000E+00	3.900E-09	3.100E-09	3.696E+00	2.901E+02	2.910E+02	9.200E-08	1.220E-07	1.900E-09	1.000E-10	4.100E-09	1.500E-09	3.696E+00	
72	11	12	1	0.000E+00	0.000E+00	4.000E-10	1.600E-09	3.684E+00	2.900E+02	2.910E+02	9.200E-08	1.231E-07	2.200E-09	8.000E-10	1.000E-09	1.000E-10	3.685E+00	
73	10	12	1	0.000E+00	0.000E+00	3.000E-10	3.200E-09	3.673E+00	2.903E+02	2.912E+02	9.340E-08	1.247E-07	1.100E-09	2.400E-09	1.300E-09	9.000E-10	3.673E+00	
74	9	12	1	0.000E+00	0.000E+00	1.000E-09	2.400E-09	3.463E+00	2.905E+02	2.915E+02	1.038E-07	1.378E-07	3.200E-09	1.200E-09	1.700E-09	3.300E-09	3.463E+00	
75	8	12	1	0.000E+00	0.000E+00	1.700E-09	1.500E-09	2.992E+00	2.898E+02	2.907E+02	1.414E-07	1.894E-07	2.100E-09	2.400E-09	1.600E-09	2.000E-09	2.992E+00	
76	7	12	1	0.000E+00	0.000E+00	9.000E-10	1.400E-09	2.745E+00	2.875E+02	2.892E+02	1.695E-07	2.271E-07	3.800E-09	1.800E-09	1.000E-09	1.400E-09	2.744E+00	
77	6	12	1	1.000E-03	0.000E+00	2.100E-09	6.000E-10	2.649E+00	2.874E+02	2.890E+02	1.805E-07	2.391E-07	3.400E-09	3.900E-09	1.500E-09	2.300E-09	2.648E+00	
78	5	12	1	0.000E+00	1.000E-08	3.000E-10	5.300E-09	2.530E+00	2.862E+02	2.896E+02	1.779E-07	2.386E-07	3.300E-09	1.700E-09	2.200E-09	4.300E-09	2.530E+00	
79	5	13	1	1.000E-03	0.000E+00	1.000E-10	3.500E-09	2.557E+00	2.872E+02	2.899E+02	1.789E-07	2.393E-07	2.500E-09	5.000E-09	1.000E-09	2.900E-09	2.557E+00	
80	6	13	1	0.000E+00	0.000E+00	1.100E-09	2.300E-09	2.672E+00	2.877E+02	2.894E+02	1.768E-07	2.341E-07	2.400E-09	4.900E-09	1.000E-10	1.000E-09	2.672E+00	
81	7	13	1	1.000E-03	0.000E+00	2.800E-09	8.000E-10	2.786E+00	2.879E+02	2.895E+02	1.643E-07	2.201E-07	4.300E-09	2.900E-09	2.600E-09	2.900E-09	2.787E+00	
82	8	13	1	1.000E-03	0.000E+00	0.000E+00	4.000E-09	3.100E+00	2.899E+02	2.910E+02	1.307E-07	1.743E-07	1.600E-09	1.000E-09	2.500E-09	4.300E-09	3.100E+00	
83	9	13	1	0.000E+00	0.000E+00	3.000E-10	5.100E-09	3.596E+00	2.906E+02	2.915E+02	9.630E-08	1.287E-07	0.000E+00	9.000E-10	8.000E-10	3.700E-09	3.595E+00	
84	10	13	1	1.000E-03	0.000E+00	9.000E-10	3.000E-09	3.708E+00	2.904E+02	2.912E+02	9.270E-08	1.231E-07	6.000E-10	1.100E-09	2.200E-09	2.900E-09	3.707E+00	
85	11	13	1	1.000E-03	0.000E+00	1.300E-09	6.000E-10	3.690E+00	2.902E+02	2.911E+02	9.280E-08	1.238E-07	2.200E-09	5.000E-10	6.000E-10	1.200E-09	3.691E+00	
86	12	13	4	0.000E+00	3.400E-05	999.9												
87	13	13	1	1.000E-03	0.000E+00	9.000E-10	8.000E-10	3.701E+00	2.899E+02	2.907E+02	9.410E-08	1.240E-07	3.000E-09	3.900E-09	1.500E-09	1.000E-09	3.701E+00	
88	14	13	1	1.000E-03	0.000E+00	5.000E-10	2.800E-09	3.659E+00	2.900E+02	2.908E+02	9.730E-08	1.269E-07	1.100E-09	1.600E-09	1.000E-10	7.000E-10	3.659E+00	
89	15	13	1	1.000E-03	0.000E+00	1.300E-09	2.000E-09	3.291E+00	2.893E+02	2.903E+02	1.185E-07	1.597E-07	0.000E+00	9.000E-10	1.400E-09	2.300E-09	3.293E+00	
90	16	13	1	0.000E+00	0.000E+00	7.000E-10	3.500E-09	2.795E+00	2.855E+02	2.873E+02	1.725E-07	2.327E-07	3.900E-09	1.400E-09	8.000E-10	2.300E-09	2.795E+00	
91	17	13	1	0.000E+00	1.000E-08	1.600E-09	8.000E-10	2.619E+00	2.831E+02	2.850E+02	1.966E-07	2.665E-07	2.500E-09	2.000E-09	2.100E-09	1.000E-09	2.619E+00	
92	17	14	1	0.000E+00	0.000E+00	1.100E-09	1.200E-09	2.618E+00	2.828E+02	2.846E+02	1.984E-07	2.688E-07	1.700E-09	1.000E-09	1.000E-10	1.800E-09	2.618E+00	
93	16	14	1	1.000E-03	1.000E-08	3.100E-09	3.700E-09	2.781E+00	2.849E+02	2.869E+02	1.743E-07	2.351E-07	5.300E-09	6.000E-10	2.000E-09	1.600E-09	2.782E+00	
94	15	14	1	1.000E-03	0.000E+00	3.000E-10	1.800E-09	3.261E+00	2.892E+02	2.902E+02	1.197E-07	1.610E-07	3.400E-09	1.300E-09	8.000E-10	4.200E-09	3.261E+00	
95	14	14	1	0.000E+00	0.000E+00	1.400E-09	1.000E-10	3.659E+00	2.901E+02	2.908E+02	9.500E-08	1.270E-07	3.500E-09	3.300E-09	1.000E-09	2.500E-09	3.659E+00	
96	13	14	1	1.000E-03	1.000E-08	2.500E-09	7.000E-10	3.696E+00	2.898E+02	2.907E+02	9.440E-08	1.259E-07	1.800E-09	3.000E-10	2.600E-09	5.000E-10	3.695E+00	
97	12	14	1	1.000E-03	0.000E+00	3.000E-10	5.000E-10	3.704E+00	2.900E+02	2.909E+02	9.410E-08	1.256E-07	2.000E-09	6.000E-10	1.600E-09	3.000E-10	3.704E+00	
98	11	14	1	2.000E-03	1.000E-08	1.500E-09	2.500E-09	3.691E+00	2.901E+02	2.909E+02	9.420E-08	1.235E-07	3.000E-09	1.600E-09	2.800E-09	4.100E-09	3.691E+00	
99	10	14	1	0.000E+00	1.000E-08	0.000E+00	2.500E-09	3.698E+00	2.902E+02	2.911E+02	9.500E-08	1.242E-07	2.100E-09	4.500E-09	1.100E-09	2.600E-09	3.698E+00	
100	9	14	1	1.000E-03	0.000E+00	1.400E-09	4.400E-09	3.612E+00	2.905E+02	2.915E+02	9.650E-08	1.276E-07	3.300E-09	2.100E-09	4.400E-09	1.500E-09	3.612E+00	
101	8	14	1	1.000E-03	0.000E+00	1.000E-10	3.800E-09	3.147E+00	2.897E+02	2.909E+02	1.255E-07	1.681E-07	1.900E-09	7.000E-10	3.000E-09	1.400E-09	3.147E+00	
102	7	14	1	1.000E-03	1.000E-08	0.000E+00	3.000E-10	2.790E+00	2.882E+02	2.898E+02	1.627E-07	2.173E-07	2.200E-09	3.200E-09	7.000E-10	2.500E-09	2.791E+00	
103	6	14	1	0.000E+00	1.000E-08	1.000E-09	3.700E-09	2.673E+00	2.877E+02	2.894E+02	1.757E-07	2.340E-07	7.000E-10	9.000E-10	1.800E-09	2.000E-09	2.674E+00	
104	5	14	1	0.000E+00	1.000E-08	2.500E-09	6.000E-10	2.579E+00	2.867E+02	2.896E+02	1.781E-07	2.403E-07	7.000E-10	1.400E-09	5.000E-10	1.500E-09	2.579E+00	
105	5	15	4	0.000E+00	1.000E-08	999.9												
106	6	15	1	0.000E+00	0.000E+00	1.000E-10	2.600E-09	2.708E+00	2.881E+02	2.897E+02	1.728E-07	2.306E-07	4.300E-09	1.300E-09	1.100E-09	1.000E-09	2.709E+00	
107	7	15	1	0.000E+00	0.000E+00	6.000E-10	1.800E-09	2.801E+00	2.882E+02	2.897E+02	1.631E-07	2.172E-07	3.800E-09	4.600E-09	5.000E-10	2.500E-09	2.802E+00	
108	8	15	1	0.000E+00	0.000E+00	2.000E-10	3.300E-09	3.111E+00	2.895E+02	2.905E+02	1.298E-07	1.729E-07	8.000E-10	5.800E-09	0.000E+00	2.800E-09	3.111E+00	
109	9	15	1	0.000E+00	2.000E-08	1.500E-09	5.000E-09	3.588E+00	2.900E+02	2.911E+02	9.860E-08	1.303E-07	6.000E-09	2.500E-09	2.300E-09	3.000E-10	3.588E+00	
110	10	15	1	1.000E-03	0.000E+00	7.000E-10	2.800E-09	3.712E+00	2.900E+02	2.909E+02	9.570E-08	1.254E-07	2.600E-09	5.700E-09	2.000E-10	1.400E-09	3.713E+00	
111	11	15	1	0.000E+00	0.000E+00	1.000E-09	8.000E-10	3.705E+00	2.900E+02	2.908E+02	9.410E-08	1.254E-07	1.200E-09	1.200E-09	4.000E-10	3.000E-10	3.705E+00	
112	12	15	1	0.000E+00	0.000E+00	2.400E-09	6.000E-10	3.725E+00	2.901E+02	2.911E+02	9.290E-08	1.220E-07	9.000E-10	3.000E-10	7.000E-10	8.000E-10	3.725E+00	
113	13	15	1	1.000E-03	1.000E-08	2.300E-09	3.200E-09	3.709E+00	2.901E+02	2.910E+02	9.530E-08	1.250E-07	3.400E-09	7.000E-10	2.800E-09	3.100E-09	3.710E+00	
114	14	15	1	1.000E-03	0.000E+00	1.200E-09	1.000E-10	3.627E+00	2.900E+02	2.908E+02	9.640E-08	1.295E-07	4.400E-09	1.100E-09	1.000E-09	1.000E-09	3.627E+00	
115	15	15	1	0.000E+00	0.000E+00	2.200E-09	2.600E-09	3.207E+00	2.891E+02	2.900E+02	1.271E-07	1.704E-07	1.200E-09	1.200E-09	4.000E-09	2.500E-09	3.206E+00	
116	16	15	1	1.000E-03	0.000E+00	8.000E-10	2.100E-09	2.773E+00	2.846E+02	2.864E+02	1.769E-07	2.398E-07	2.500E-09	2.000E-09	1.500E-09	1.500E-09	2.773E+00	
117	17	15	1	0.000E+00	0.000E+00	1.800E-09	1.800E-09	2.632E+00	2.833E+02	2.850E+02	1.954E-07	2.652E-07	3.900E-09	4.100E-09	1.700E-09	2.800E-09	2.631E+00	
118	16	16	1	1.000E-03	1.000E-08	1.100E-09	2.400E-09	2.723E+00	2.842E+02	2.859E+02	1.841E-07	2.482E-07	2.300E-09	4.900E-09	6.000E-10	1.600E-09	2.723E+00	
119	15	16	1	0.000E+00	0.000E+00	3.000E-10	3.700E-09	3.031E+00	2.887E+02	2.898E+02	1.440E-07	1.934E-07	3.900E-09	2.400E-09	1.000E-09	2.000E-10	3.031E+00	
120	14	16	1	0.000E+00	0.000E+00	9.000E-10	3.100E-09	3.481E+00	2.898E+02	2.906E+02	1.043E-07	1.387E-07	1.300E-09	1.600E-09	1.800E-09	4.300E-09	3.481E+00	
121	13	16	1	1.000E-03	0.000E+00	1.300E-09	1.500E-09	3.686E+00	2.900E+02	2.908E+02	9.490E-08	1.269E-07	3.000E-10	2.400E-09	1.600E-09	2.000E-10	3.686E+00	
122	12	16	1	0.000E+00	1.000E-08	1.200E-09	1.500E-09	3.715E+00	2.899E+02	2.909E+02	9.440E-08	1.240E-07	2.800E-09	3.100E-09	9.000E-10	7.000E-10	3.715E+00	
123	11	16	1	1.000E-03	0.000E+00	1.600E-09	4.000E-10	3.709E+00	2.898E+02	2.907E+02	9.480E-08	1.246E-07	1.000E-09	9.000E-10	0.000E+00	3.000E-10	3.709E+00	
124	10	16	1	0.000E+00	0.000E+00	2.000E-10	8.000E-10	3.668E+00	2.898E+02	2.907E+02	9.670E-08	1.278E-07	4.000E-09	4.400E-09	2.100E-09	1.700E-09	3.668E+00	
125	9	16	1	1.000E-03	0.000E+00	1.300E-09	1.000E-09	3.455E+00	2.893E+02	2.905E+02	1.054E-07	1.416E-07	3.500E-09	1.000E-10	2.000E-10	1.700E-09	3.455E+00	
126	8	16	1	1.000E-03	1.000E-08	1.200E-09	7.000E-10	3.012E+00	2.893E+02	2.901E+02	1.399E-07	1.890E-07	3.100E-09	1.300E-09	1.200E-09	1.800E-09	3.011E+00	
127	7	16	1	0.000E+00	0.000E+00	7.000E-10	4.500E-09	2.769E+00	2.875E+02	2.892E+02	1.681E-07	2.243E-07	2.100E-09	3.000E-10	3.900E-09	3.000E-09	2.769E+00	
128	6	16	1	0.000E+00	1.000E-08	3.000E-10	2.600E-09	2.672E+00	2.879E+02	2.895E+02	1.758E-07	2.341E-07	2.200E-09	7.000E-10	3.000E-10	2.000E-09	2.671E+00	
129	6	17	1	0.000E+00	0.000E+00	1.200E-09	1.700E-09	2.680E+00	2.885E+02	2.902E+02	1.743E-07	2.311E-07	3.200E-09	4.700E-09	0.000E+00	1.200E-09	2.679E+00	
130	7	17	1	0.000E+00	0.000E+00	1.300E-09	8.000E-10	2.742E+00	2.867E+02	2.883E+02	1.742E-07	2.321E-07	1.800E-09	3.500E-09	1.400E-09	4.000E-10	2.741E+00	
131	8	17	1	0.000E+00	1.000E-08	2.700E-09	2.000E-10	2.922E+00	2.882E+02	2.894E+02	1.562E-07	2.095E-07	9.000E-10	6.000E-10	2.400E-09	8.000E-10	2.922E+00	
132	9	17	1	0.000E+00	1.000E-08	0.000E+00	8.000E-10	3.255E+00	2.889E+02	2.900E+02	1.218E-07	1.631E-07	2.700E-09	4.100E-09	0.000E+00	1.600E-09	3.255E+00	
133	10	17	1	0.000E+00	2.000E-08	4.000E-10	1.900E-09	3.538E+00	2.893E+02	2.904E+02	1.036E-07	1.368E-07	1.400E-09	3.400E-09	1.000E-10	2.300E-09	3.538E+00	
134	11	17	1	0.000E+00	0.000E+00	1.300E-09	2.700E-09	3.668E+00	2.896E+02	2.905E+02	9.720E-08	1.279E-07	9.000E-10	4.300E-09	3.000E-10	1.800E-09	3.669E+00	
135	12	17	1	0.000E+00	0.000E+00	8.000E-10	4.200E-09	3.683E+00	2.898E+02	2.907E+02	9.560E-08	1.265E-07	3.200E-09	2.800E-09	9.000E-10	2.100E-09	3.683E+00	
136	13	17	1	1.000E-03	0.000E+00	3.000E-10	5.900E-09	3.570E+00	2.898E+02	2.907E+02	1.011E-07	1.347E-07	0.000E+00	7.000E-10	1.500E-09	6.000E-09	3.570E+00	
137	14	17	1	0.000E+00	0.000E+00	3.500E-09	1.900E-09	3.256E+00	2.896E+02	2.905E+02	1.222E-07	1.628E-07	9.000E-10	1.300E-09	4.900E-09	1.000E-09	3.256E+00	
138	15	17	1	1.000E-03	0.000E+00	1.700E-09	1.300E-09	2.914E+00	2.876E+02	2.890E+02	1.603E-07	2.152E-07	4.000E-10	1.400E-09	2.600E-09	2.700E-09	2.914E+00	
139	16	17	1	1.000E-03	0.000E+00	5.000E-10	3.300E-09	2.686E+00	2.838E+02	2.856E+02	1.905E-07	2.579E-07	1.400E-09	1.900E-09	2.000E-09	1.900E-09	2.687E+00	
140	16	18	1	0.000E+00	1.000E-08	2.400E-09	8.000E-10	2.657E+00	2.843E+02	2.861E+02	1.934E-07	2.614E-07	1.500E-09	4.000E-10	2.300E-09	8.000E-10	2.657E+00	
141	15	18	1	0.000E+00	0.000E+00	2.800E-09	6.000E-10	2.768E+00	2.858E+02	2.874E+02	1.780E-07	2.402E-07	1.100E-09	2.600E-09	2.800E-09	2.000E-09	2.767E+00	
142	14	18	1	0.000E+00	0.000E+00	3.300E-09	2.000E-09	2.987E+00	2.885E+02	2.902E+02	1.511E-07	2.020E-07	6.000E-10	7.000E-10	4.100E-09	2.900E-09	2.987E+00	
143	13	18	1	0.000E+00	0.000E+00	2.500E-09	5.000E-10	3.240E+00	2.897E+02	2.907E+02	1.249E-07	1.667E-07	8.000E-10	1.000E-09	3.600E-09	5.000E-10	3.239E+00	
144	12	18	1	0.000E+00	0.000E+00	1.700E-09	1.200E-09	3.399E+00	2.894E+02	2.904E+02	1.118E-07	1.490E-07	2.600E-09	2.500E-09	2.000E-10	1.400E-09	3.399E+00	
145	11	18	1	0.000E+00	0.000E+00	6.000E-10	3.200E-09	3.396E+00	2.891E+02	2.902E+02	1.126E-07	1.508E-07	3.700E-09	1.000E-09	0.000E+00	2.100E-09	3.395E+00	
146	10	18	1	0.000E+00	1.000E-08	0.000E+00	2.000E-09	3.229E+00	2.891E+02	2.902E+02	1.258E-07	1.685E-07	4.000E-09	2.800E-09	9.000E-10	2.600E-09	3.228E+00	
147	9	18	1	1.000E-03	1.000E-08	5.000E-10	1.600E-09	2.997E+00	2.885E+02	2.898E+02	1.492E-07	1.995E-07	2.900E-09	4.500E-09	1.400E-09	7.000E-10	2.998E+00	
148	8	18	1	0.000E+00	0.000E+00	2.000E-10	1.700E-09	2.812E+00	2.860E+02	2.876E+02	1.740E-07	2.341E-07	2.600E-09	2.100E-09	2.900E-09	6.000E-10	2.813E+00	
149	7	18	1	1.000E-03	0.000E+00	2.900E-09	5.000E-10	2.681E+00	2.859E+02	2.875E+02	1.833E-07	2.457E-07	8.000E-10	2.000E-09	3.400E-09	2.000E-10	2.680E+00	
150	6	18	1	1.000E-03	0.000E+00	2.000E-10	2.100E-09	2.650E+00	2.876E+02	2.899E+02	1.750E-07	2.332E-07	3.300E-09	5.800E-09	2.700E-09	2.100E-09	2.650E+00	
151	7	19	1	1.000E-03	0.000E+00	1.800E-09	2.600E-09	2.648E+00	2.859E+02	2.878E+02	1.866E-07	2.505E-07	2.000E-10	2.100E-09	3.100E-09	1.800E-09	2.648E+00	
152	8	19	1	0.000E+00	1.000E-08	2.900E-09	2.300E-09	2.719E+00	2.843E+02	2.860E+02	1.892E-07	2.552E-07	2.200E-09	2.200E-09	4.600E-09	3.000E-09	2.720E+00	
153	9	19	1	0.000E+00	0.000E+00	0.000E+00	5.600E-09	2.840E+00	2.858E+02	2.878E+02	1.734E-07	2.329E-07	5.000E-10	3.000E-10	2.900E-09	5.600E-09	2.840E+00	
154	10	19	1	0.000E+00	0.000E+00	3.200E-09	2.100E-09	2.963E+00	2.879E+02	2.894E+02	1.578E-07	2.103E-07	2.000E-10	2.800E-09	3.400E-09	2.500E-09	2.963E+00	
155	11	19	1	0.000E+00	1.000E-08	3.800E-09	1.000E-10	3.055E+00	2.890E+02	2.898E+02	1.459E-07	1.957E-07	1.700E-09	1.000E-09	4.100E-09	1.000E-10	3.055E+00	
156	12	19	1	0.000E+00	0.000E+00	9.000E-10	2.200E-09	3.064E+00	2.895E+02	2.904E+02	1.422E-07	1.916E-07	3.100E-09	3.000E-10	5.000E-10	7.000E-10	3.064E+00	
157	13	19	1	0.000E+00	1.000E-08	2.000E-10	2.700E-09	2.952E+00	2.885E+02	2.899E+02	1.553E-07	2.070E-07	1.400E-09	0.000E+00	1.500E-09	2.100E-09	2.952E+00	
158	14	19	1	0.000E+00	1.000E-08	1.600E-09	1.800E-09	2.808E+00	2.861E+02	2.879E+02	1.736E-07	2.334E-07	1.600E-09	1.000E-10	3.300E-09	7.000E-10	2.808E+00	
159	15	19	1	0.000E+00	1.000E-08	5.000E-10	1.900E-09	2.736E+00	2.854E+02	2.873E+02	1.828E-07	2.467E-07	3.000E-09	5.000E-10	6.000E-10	2.600E-09	2.736E+00	
160	15	20	1	0.000E+00	0.000E+00	1.000E-09	2.600E-09	2.704E+00	2.867E+02	2.889E+02	1.815E-07	2.432E-07	3.700E-09	2.500E-09	1.000E-10	1.300E-09	2.704E+00	
161	14	20	1	0.000E+00	0.000E+00	3.000E-10	1.500E-09	2.704E+00	2.853E+02	2.870E+02	1.858E-07	2.492E-07	3.200E-09	3.700E-09	3.000E-10	3.000E-10	2.704E+00	
162	13	20	1	0.000E+00	1.000E-08	3.000E-10	1.500E-09	2.770E+00	2.860E+02	2.876E+02	1.763E-07	2.369E-07	4.900E-09	2.000E-10	2.000E-09	1.800E-09	2.770E+00	
163	12	20	1	0.000E+00	0.000E+00	3.000E-10	2.400E-09	2.845E+00	2.864E+02	2.882E+02	1.696E-07	2.277E-07	4.300E-09	2.000E-09	1.800E-09	1.600E-09	2.845E+00	
164	11	20	1	0.000E+00	0.000E+00	8.000E-10	5.000E-10	2.844E+00	2.859E+02	2.874E+02	1.727E-07	2.335E-07	4.300E-09	0.000E+00	1.800E-09	2.700E-09	2.844E+00	
165	10	20	1	0.000E+00	1.000E-08	4.600E-09	8.000E-10	2.791E+00	2.851E+02	2.867E+02	1.802E-07	2.431E-07	1.100E-09	2.700E-09	4.600E-09	1.500E-09	2.791E+00	
166	9	20	1	0.000E+00	1.000E-08	1.000E-09	2.000E-09	2.709E+00	2.846E+02	2.865E+02	1.874E-07	2.533E-07	2.900E-09	2.000E-10	0.000E+00	2.000E-09	2.709E+00	
167	8	20	1	1.000E-03	0.000E+00	4.000E-10	1.200E-09	2.642E+00	2.844E+02	2.863E+02	1.937E-07	2.607E-07	2.200E-09	2.400E-09	2.600E-09	1.900E-09	2.642E+00	
168	7	20	1	0.000E+00	1.000E-08	4.000E-09	1.300E-09	2.607E+00	2.812E+02	2.864E+02	1.896E-07	2.589E-07	8.000E-10	2.200E-09	7.000E-10	3.000E-10	2.606E+00	
169	8	21	1	0.000E+00	0.000E+00	9.000E-10	7.000E-10	2.650E+00	2.831E+02	2.867E+02	1.881E-07	2.545E-07	2.900E-09	1.200E-09	1.500E-09	2.900E-09	2.650E+00	
170	9	21	1	0.000E+00	0.000E+00	1.000E-10	4.000E-10	2.678E+00	2.849E+02	2.869E+02	1.872E-07	2.513E-07	1.000E-09	1.700E-09	7.000E-10	7.000E-10	2.679E+00	
171	10	21	1	0.000E+00	1.000E-08	2.200E-09	5.400E-09	2.699E+00	2.849E+02	2.867E+02	1.861E-07	2.503E-07	5.000E-09	5.000E-10	1.800E-09	4.400E-09	2.698E+00	
172	11	21	1	0.000E+00	0.000E+00	6.000E-10	3.100E-09	2.737E+00	2.853E+02	2.871E+02	1.827E-07	2.442E-07	5.400E-09	3.200E-09	1.700E-09	5.000E-10	2.738E+00	
173	12	21	1	0.000E+00	0.000E+00	1.000E-09	3.800E-09	2.763E+00	2.865E+02	2.883E+02	1.765E-07	2.357E-07	3.000E-09	3.500E-09	4.000E-10	0.000E+00	2.763E+00	
174	13	21	1	0.000E+00	0.000E+00	8.000E-10	2.100E-09	2.731E+00	2.867E+02	2.884E+02	1.796E-07	2.391E-07	3.600E-09	6.400E-09	0.000E+00	1.300E-09	2.733E+00	
175	14	21	1	0.000E+00	0.000E+00	3.000E-10	4.500E-09	2.703E+00	2.876E+02	2.893E+02	1.786E-07	2.383E-07	6.000E-10	7.000E-10	6.000E-10	6.500E-09	2.703E+00	
176	12	22	1	0.000E+00	0.000E+00	2.000E-10	7.000E-10	2.792E+00	2.898E+02	2.916E+02	1.634E-07	2.155E-07	1.500E-09	1.800E-09	1.000E-10	1.000E-10	2.793E+00	
177	11	22	1	0.000E+00	0.000E+00	1.500E-09	2.200E-09	2.743E+00	2.888E+02	2.904E+02	1.685E-07	2.241E-07	3.500E-09	3.400E-09	1.600E-09	4.000E-10	2.742E+00	
178	10	22	1	0.000E+00	0.000E+00	1.100E-09	7.000E-10	2.732E+00	2.879E+02	2.893E+02	1.704E-07	2.300E-07	3.600E-09	3.200E-09	9.000E-10	2.700E-09	2.731E+00	
