Program name	ME58P82_G0A89BA.jtf
Lot number	FA55-4307-327A-250501@203
Wafer number	7
Date	2025/05/01
Time	05:06:19

No.U	X	Y	Bin	CONT	IGSS0	IGSS10	ISGS10	VTH0.25	BVDSS0.25	BVDSS10	IDSS240	IDSS250	IGSS16	ISGS16	IGSS18	ISGS18	VTH0.25_2
LimitU				0.500V	99.00uA	100.0nA	100.0nA	4.500V	300.0V	300.0V	800.0nA	800.0nA	200.0nA	200.0nA	200.0nA	200.0nA	4.500V	
LimitL				0V	0A	0A	0A	2.500V	250.0V	250.0V	0A	0A	0A	0A	0A	0A	2.500V	
Bias 1				1.00mA	1.00V	10.0V	10.0V	250uA	250uA	10.0mA	240V	250V	16.0V	16.0V	18.0V	18.0V	250uA
Bias 2				
Bias 3									350V	350V
Bias 4				2.50ms	10.0ms	40.0ms	40.0ms	2.00ms	20.0ms	10.0ms	20.0ms	20.0ms	40.0ms	40.0ms	40.0ms	40.0ms	2.00ms	
Bias 5				
Bias 6				
1	9	5	1	0.000E+00	1.000E-08	8.000E-10	6.000E-09	2.720E+00	2.867E+02	2.885E+02	1.751E-07	2.346E-07	5.000E-09	2.800E-09	3.300E-09	2.600E-09	2.721E+00	
2	10	5	1	0.000E+00	0.000E+00	5.000E-10	2.000E-10	2.688E+00	2.871E+02	2.886E+02	1.750E-07	2.353E-07	5.000E-09	3.000E-10	2.600E-09	5.000E-10	2.688E+00	
3	11	5	1	0.000E+00	0.000E+00	1.200E-09	3.400E-09	2.671E+00	2.869E+02	2.884E+02	1.726E-07	2.332E-07	2.100E-09	4.000E-10	1.600E-09	5.300E-09	2.671E+00	
4	12	5	1	0.000E+00	2.000E-08	1.100E-09	4.400E-09	2.659E+00	2.873E+02	2.890E+02	1.736E-07	2.322E-07	1.300E-09	5.000E-10	2.400E-09	1.700E-09	2.659E+00	
5	13	5	1	0.000E+00	0.000E+00	6.000E-10	2.800E-09	2.622E+00	2.878E+02	2.894E+02	1.779E-07	2.376E-07	3.200E-09	2.200E-09	8.000E-10	5.000E-10	2.622E+00	
6	14	6	1	0.000E+00	1.000E-08	6.000E-10	1.000E-10	2.566E+00	2.853E+02	2.871E+02	1.915E-07	2.559E-07	3.200E-09	5.500E-09	8.000E-10	2.300E-09	2.566E+00	
7	13	6	1	0.000E+00	0.000E+00	1.100E-09	1.100E-09	2.600E+00	2.850E+02	2.866E+02	1.873E-07	2.502E-07	2.800E-09	1.000E-09	3.000E-09	3.200E-09	2.600E+00	
8	12	6	1	0.000E+00	0.000E+00	1.200E-09	1.400E-09	2.661E+00	2.854E+02	2.874E+02	1.784E-07	2.390E-07	1.100E-09	3.200E-09	1.500E-09	2.000E-09	2.661E+00	
9	11	6	1	0.000E+00	0.000E+00	1.600E-09	2.500E-09	2.689E+00	2.854E+02	2.870E+02	1.762E-07	2.388E-07	4.800E-09	3.000E-10	1.800E-09	2.300E-09	2.689E+00	
10	10	6	1	0.000E+00	0.000E+00	0.000E+00	2.600E-09	2.716E+00	2.860E+02	2.877E+02	1.751E-07	2.379E-07	1.200E-09	1.300E-09	1.000E-10	7.900E-09	2.716E+00	
11	9	6	1	0.000E+00	0.000E+00	5.000E-10	4.900E-09	2.705E+00	2.870E+02	2.886E+02	1.755E-07	2.358E-07	3.000E-10	9.000E-10	2.100E-09	3.900E-09	2.705E+00	
12	8	6	1	0.000E+00	0.000E+00	2.700E-09	0.000E+00	2.667E+00	2.875E+02	2.893E+02	1.780E-07	2.388E-07	2.100E-09	4.000E-10	1.800E-09	5.000E-10	2.666E+00	
13	7	7	4	0.000E+00	7.284E-05	999.9												
14	8	7	1	0.000E+00	0.000E+00	6.000E-10	4.800E-09	2.693E+00	2.864E+02	2.881E+02	1.802E-07	2.414E-07	3.000E-10	4.800E-09	8.000E-10	4.200E-09	2.693E+00	
15	9	7	1	0.000E+00	1.000E-08	2.000E-10	6.600E-09	2.800E+00	2.869E+02	2.888E+02	1.692E-07	2.267E-07	3.600E-09	5.400E-09	5.000E-10	2.100E-09	2.799E+00	
16	10	7	1	0.000E+00	1.000E-08	1.800E-09	4.800E-09	2.812E+00	2.869E+02	2.885E+02	1.663E-07	2.241E-07	1.000E-10	1.100E-09	1.600E-09	4.400E-09	2.812E+00	
17	11	7	1	0.000E+00	0.000E+00	8.000E-10	3.000E-09	2.815E+00	2.866E+02	2.881E+02	1.668E-07	2.233E-07	1.800E-09	3.400E-09	2.300E-09	4.600E-09	2.815E+00	
18	12	7	1	1.000E-03	2.000E-08	6.000E-10	2.400E-09	2.814E+00	2.865E+02	2.885E+02	1.647E-07	2.206E-07	3.100E-09	5.500E-09	1.000E-10	1.900E-09	2.814E+00	
19	13	7	1	0.000E+00	0.000E+00	2.100E-09	1.400E-09	2.692E+00	2.854E+02	2.869E+02	1.776E-07	2.401E-07	1.500E-09	1.800E-09	3.000E-09	3.500E-09	2.692E+00	
20	14	7	1	0.000E+00	0.000E+00	1.200E-09	3.200E-09	2.596E+00	2.839E+02	2.856E+02	1.932E-07	2.607E-07	2.100E-09	1.000E-09	5.000E-09	3.600E-09	2.596E+00	
21	15	7	1	1.000E-03	0.000E+00	1.100E-09	1.700E-09	2.602E+00	2.844E+02	2.866E+02	1.944E-07	2.613E-07	1.000E-09	9.000E-10	1.200E-09	3.400E-09	2.602E+00	
22	16	8	4	0.000E+00	6.602E-05	999.9												
23	15	8	1	0.000E+00	0.000E+00	0.000E+00	3.000E-10	2.625E+00	2.832E+02	2.852E+02	1.973E-07	2.664E-07	8.000E-10	2.300E-09	1.200E-09	1.000E-10	2.625E+00	
24	14	8	1	0.000E+00	0.000E+00	8.000E-10	2.400E-09	2.689E+00	2.843E+02	2.859E+02	1.853E-07	2.494E-07	6.000E-10	2.900E-09	2.200E-09	2.100E-09	2.688E+00	
25	13	8	1	0.000E+00	1.000E-08	7.000E-10	1.200E-09	2.777E+00	2.860E+02	2.875E+02	1.700E-07	2.275E-07	2.800E-09	5.100E-09	1.000E-10	0.000E+00	2.779E+00	
26	12	8	1	0.000E+00	0.000E+00	7.000E-10	2.300E-09	2.883E+00	2.871E+02	2.885E+02	1.596E-07	2.139E-07	1.500E-09	5.100E-09	2.000E-09	1.900E-09	2.882E+00	
27	11	8	1	0.000E+00	0.000E+00	2.700E-09	1.200E-09	2.904E+00	2.875E+02	2.889E+02	1.580E-07	2.109E-07	1.000E-10	5.200E-09	5.000E-10	3.200E-09	2.904E+00	
28	10	8	1	0.000E+00	0.000E+00	0.000E+00	2.800E-09	2.856E+00	2.870E+02	2.885E+02	1.631E-07	2.188E-07	6.000E-10	5.500E-09	1.000E-10	5.000E-10	2.856E+00	
29	9	8	1	0.000E+00	0.000E+00	7.000E-10	1.300E-09	2.834E+00	2.867E+02	2.884E+02	1.675E-07	2.238E-07	1.000E-09	4.100E-09	3.000E-10	3.200E-09	2.834E+00	
30	8	8	1	1.000E-03	1.000E-08	1.200E-09	3.100E-09	2.760E+00	2.864E+02	2.880E+02	1.753E-07	2.349E-07	3.700E-09	5.000E-09	1.200E-09	1.700E-09	2.759E+00	
31	7	8	1	0.000E+00	0.000E+00	7.000E-10	1.300E-09	2.702E+00	2.876E+02	2.894E+02	1.760E-07	2.335E-07	3.400E-09	5.200E-09	1.000E-09	5.000E-10	2.702E+00	
32	6	9	1	0.000E+00	1.000E-08	2.000E-09	3.800E-09	2.720E+00	2.907E+02	2.921E+02	1.648E-07	2.173E-07	1.800E-09	1.300E-09	1.600E-09	3.400E-09	2.720E+00	
33	7	9	1	0.000E+00	0.000E+00	1.800E-09	2.500E-09	2.770E+00	2.874E+02	2.890E+02	1.729E-07	2.288E-07	3.800E-09	1.800E-09	3.000E-09	4.400E-09	2.770E+00	
34	8	9	1	0.000E+00	0.000E+00	1.200E-09	6.000E-09	2.826E+00	2.869E+02	2.885E+02	1.682E-07	2.248E-07	4.900E-09	4.100E-09	1.500E-09	4.400E-09	2.826E+00	
35	9	9	1	0.000E+00	0.000E+00	2.100E-09	4.200E-09	2.893E+00	2.870E+02	2.887E+02	1.620E-07	2.164E-07	3.300E-09	2.000E-09	2.100E-09	4.300E-09	2.893E+00	
36	10	9	1	1.000E-03	0.000E+00	1.600E-09	8.000E-10	2.979E+00	2.886E+02	2.900E+02	1.502E-07	2.013E-07	4.600E-09	3.000E-10	1.400E-09	1.200E-09	2.978E+00	
37	11	9	1	0.000E+00	0.000E+00	1.000E-09	1.200E-09	3.071E+00	2.896E+02	2.907E+02	1.406E-07	1.864E-07	2.800E-09	3.900E-09	2.200E-09	1.200E-09	3.070E+00	
38	12	9	1	0.000E+00	0.000E+00	2.800E-09	5.000E-10	3.090E+00	2.898E+02	2.907E+02	1.400E-07	1.874E-07	7.000E-10	8.000E-10	4.700E-09	1.900E-09	3.089E+00	
39	13	9	1	0.000E+00	0.000E+00	2.800E-09	7.000E-10	2.977E+00	2.882E+02	2.896E+02	1.534E-07	2.054E-07	6.000E-10	1.000E-09	1.700E-09	1.000E-09	2.976E+00	
40	14	9	1	0.000E+00	0.000E+00	6.000E-10	1.000E-09	2.843E+00	2.859E+02	2.875E+02	1.691E-07	2.282E-07	1.200E-09	1.400E-09	2.800E-09	1.200E-09	2.843E+00	
41	15	9	1	0.000E+00	0.000E+00	2.700E-09	8.000E-10	2.729E+00	2.842E+02	2.859E+02	1.872E-07	2.533E-07	1.000E-09	1.100E-09	2.200E-09	1.600E-09	2.730E+00	
42	16	9	1	0.000E+00	0.000E+00	5.000E-10	7.000E-10	2.602E+00	2.828E+02	2.846E+02	2.046E-07	2.749E-07	3.100E-09	2.100E-09	9.000E-10	1.000E-09	2.601E+00	
43	16	10	1	0.000E+00	0.000E+00	2.700E-09	1.800E-09	2.636E+00	2.824E+02	2.844E+02	2.008E-07	2.715E-07	5.000E-10	1.700E-09	2.000E-09	1.400E-09	2.636E+00	
44	15	10	1	0.000E+00	0.000E+00	1.300E-09	3.500E-09	2.811E+00	2.852E+02	2.867E+02	1.766E-07	2.383E-07	1.400E-09	1.500E-09	2.400E-09	1.500E-09	2.810E+00	
45	14	10	1	0.000E+00	1.000E-08	2.200E-09	1.000E-09	2.980E+00	2.875E+02	2.894E+02	1.555E-07	2.083E-07	2.000E-09	1.100E-09	2.000E-09	1.000E-09	2.980E+00	
46	13	10	1	0.000E+00	1.000E-08	2.600E-09	4.000E-10	3.200E+00	2.901E+02	2.911E+02	1.305E-07	1.741E-07	2.000E-10	2.900E-09	4.200E-09	1.400E-09	3.200E+00	
47	12	10	1	1.000E-03	0.000E+00	4.000E-10	9.000E-10	3.378E+00	2.902E+02	2.912E+02	1.148E-07	1.528E-07	1.400E-09	1.800E-09	1.300E-09	9.000E-10	3.379E+00	
48	11	10	1	0.000E+00	0.000E+00	2.000E-09	5.000E-10	3.350E+00	2.902E+02	2.910E+02	1.157E-07	1.545E-07	1.700E-09	0.000E+00	1.900E-09	9.000E-10	3.351E+00	
49	10	10	1	0.000E+00	0.000E+00	2.100E-09	1.300E-09	3.174E+00	2.899E+02	2.911E+02	1.320E-07	1.741E-07	1.800E-09	1.400E-09	1.100E-09	7.000E-10	3.174E+00	
50	9	10	1	0.000E+00	0.000E+00	1.600E-09	2.400E-09	2.988E+00	2.885E+02	2.903E+02	1.501E-07	1.997E-07	5.000E-10	1.100E-09	1.900E-09	2.300E-09	2.988E+00	
51	8	10	1	1.000E-03	0.000E+00	1.800E-09	5.100E-09	2.840E+00	2.872E+02	2.888E+02	1.658E-07	2.206E-07	2.800E-09	4.000E-10	3.300E-09	5.700E-09	2.841E+00	
52	7	10	1	0.000E+00	1.000E-08	2.200E-09	5.300E-09	2.785E+00	2.874E+02	2.891E+02	1.704E-07	2.259E-07	2.900E-09	1.000E-10	2.700E-09	5.600E-09	2.785E+00	
53	6	10	1	1.000E-03	0.000E+00	9.000E-10	5.700E-09	2.754E+00	2.895E+02	2.911E+02	1.679E-07	2.214E-07	3.300E-09	1.000E-09	3.300E-09	5.100E-09	2.753E+00	
54	6	11	1	0.000E+00	1.000E-08	1.900E-09	2.100E-09	2.776E+00	2.886E+02	2.902E+02	1.689E-07	2.255E-07	1.200E-09	1.000E-10	6.000E-10	5.000E-10	2.776E+00	
55	7	11	1	1.000E-03	1.000E-08	1.000E-10	4.500E-09	2.796E+00	2.872E+02	2.889E+02	1.686E-07	2.254E-07	3.000E-10	8.000E-10	2.100E-09	5.300E-09	2.797E+00	
56	8	11	1	0.000E+00	1.000E-08	1.100E-09	2.200E-09	2.884E+00	2.875E+02	2.890E+02	1.610E-07	2.167E-07	2.500E-09	1.100E-09	2.000E-10	3.200E-09	2.884E+00	
57	9	11	1	0.000E+00	0.000E+00	1.400E-09	5.400E-09	3.143E+00	2.903E+02	2.914E+02	1.335E-07	1.786E-07	1.000E-09	2.500E-09	5.000E-10	1.300E-09	3.143E+00	
58	10	11	1	0.000E+00	0.000E+00	1.200E-09	2.000E-10	3.439E+00	2.902E+02	2.911E+02	1.112E-07	1.480E-07	1.400E-09	2.000E-10	2.000E-09	7.000E-10	3.438E+00	
59	11	11	1	0.000E+00	0.000E+00	1.400E-09	2.200E-09	3.596E+00	2.900E+02	2.909E+02	1.011E-07	1.334E-07	3.700E-09	3.900E-09	5.000E-10	1.800E-09	3.595E+00	
60	12	11	1	0.000E+00	1.000E-08	9.000E-10	1.800E-09	3.641E+00	2.902E+02	2.910E+02	9.940E-08	1.329E-07	2.900E-09	8.000E-10	1.000E-09	2.100E-09	3.641E+00	
61	13	11	1	0.000E+00	0.000E+00	2.100E-09	1.500E-09	3.458E+00	2.901E+02	2.910E+02	1.113E-07	1.470E-07	3.000E-10	1.000E-10	2.000E-10	1.800E-09	3.459E+00	
62	14	11	1	0.000E+00	0.000E+00	2.000E-10	8.000E-10	3.145E+00	2.897E+02	2.906E+02	1.362E-07	1.814E-07	1.500E-09	1.900E-09	1.500E-09	1.800E-09	3.144E+00	
63	15	11	1	1.000E-03	0.000E+00	1.100E-09	1.800E-09	2.938E+00	2.863E+02	2.878E+02	1.662E-07	2.224E-07	2.500E-09	6.000E-10	1.700E-09	4.000E-10	2.938E+00	
64	16	11	1	0.000E+00	0.000E+00	1.300E-09	5.200E-09	2.715E+00	2.830E+02	2.847E+02	1.924E-07	2.603E-07	4.300E-09	3.900E-09	1.800E-09	3.800E-09	2.715E+00	
65	17	11	1	0.000E+00	1.000E-08	1.700E-09	5.700E-09	2.634E+00	2.839E+02	2.859E+02	1.958E-07	2.622E-07	4.800E-09	1.600E-09	1.200E-09	5.400E-09	2.635E+00	
66	17	12	1	1.000E-03	0.000E+00	2.100E-09	6.100E-09	2.666E+00	2.828E+02	2.846E+02	1.992E-07	2.690E-07	3.500E-09	1.900E-09	2.000E-09	6.600E-09	2.667E+00	
67	16	12	1	0.000E+00	1.000E-08	3.000E-10	3.000E-10	2.744E+00	2.828E+02	2.846E+02	1.891E-07	2.576E-07	3.900E-09	3.100E-09	9.000E-10	7.000E-10	2.743E+00	
68	15	12	1	0.000E+00	0.000E+00	5.000E-10	2.800E-09	2.983E+00	2.870E+02	2.884E+02	1.596E-07	2.132E-07	4.500E-09	2.900E-09	1.800E-09	2.200E-09	2.983E+00	
69	14	12	1	0.000E+00	0.000E+00	1.200E-09	2.800E-09	3.286E+00	2.896E+02	2.906E+02	1.250E-07	1.657E-07	1.400E-09	4.900E-09	9.000E-10	1.600E-09	3.286E+00	
70	13	12	1	0.000E+00	1.000E-08	1.500E-09	1.300E-09	3.595E+00	2.898E+02	2.907E+02	1.022E-07	1.360E-07	5.400E-09	3.000E-10	2.100E-09	1.000E-09	3.595E+00	
71	12	12	1	0.000E+00	0.000E+00	1.200E-09	9.000E-10	3.704E+00	2.898E+02	2.907E+02	9.570E-08	1.276E-07	4.900E-09	1.800E-09	1.500E-09	3.000E-10	3.704E+00	
72	11	12	1	0.000E+00	0.000E+00	2.000E-09	1.400E-09	3.693E+00	2.900E+02	2.907E+02	9.820E-08	1.283E-07	1.300E-09	2.500E-09	5.000E-10	2.900E-09	3.693E+00	
73	10	12	1	0.000E+00	0.000E+00	1.300E-09	3.700E-09	3.568E+00	2.902E+02	2.910E+02	1.024E-07	1.362E-07	1.000E-09	1.800E-09	3.800E-09	3.200E-09	3.568E+00	
74	9	12	1	0.000E+00	0.000E+00	1.000E-09	0.000E+00	3.241E+00	2.903E+02	2.914E+02	1.265E-07	1.681E-07	1.900E-09	1.600E-09	7.000E-10	0.000E+00	3.241E+00	
75	8	12	1	0.000E+00	0.000E+00	9.000E-10	1.100E-09	2.896E+00	2.874E+02	2.891E+02	1.612E-07	2.159E-07	7.000E-10	1.900E-09	1.900E-09	5.000E-10	2.896E+00	
76	7	12	1	0.000E+00	1.000E-08	1.400E-09	1.400E-09	2.772E+00	2.865E+02	2.881E+02	1.733E-07	2.309E-07	4.400E-09	4.200E-09	5.000E-10	2.900E-09	2.772E+00	
77	6	12	1	0.000E+00	0.000E+00	0.000E+00	3.200E-09	2.757E+00	2.879E+02	2.895E+02	1.718E-07	2.293E-07	3.400E-09	1.800E-09	3.000E-10	1.800E-09	2.757E+00	
78	5	12	1	0.000E+00	0.000E+00	1.100E-09	1.600E-09	2.651E+00	2.898E+02	2.916E+02	1.682E-07	2.236E-07	2.300E-09	1.800E-09	4.000E-10	2.600E-09	2.651E+00	
79	5	13	1	0.000E+00	0.000E+00	1.100E-09	1.100E-09	2.654E+00	2.898E+02	2.914E+02	1.698E-07	2.255E-07	2.500E-09	3.200E-09	1.500E-09	8.000E-10	2.654E+00	
80	6	13	1	0.000E+00	1.000E-08	2.100E-09	0.000E+00	2.780E+00	2.879E+02	2.894E+02	1.704E-07	2.268E-07	2.000E-09	3.400E-09	1.000E-09	1.100E-09	2.780E+00	
81	7	13	1	1.000E-03	0.000E+00	4.700E-09	1.200E-09	2.798E+00	2.865E+02	2.880E+02	1.722E-07	2.302E-07	1.000E-09	6.000E-10	2.500E-09	1.300E-09	2.797E+00	
82	8	13	1	0.000E+00	0.000E+00	5.000E-10	1.900E-09	2.938E+00	2.876E+02	2.895E+02	1.580E-07	2.114E-07	2.300E-09	2.000E-10	7.000E-10	4.000E-10	2.938E+00	
83	9	13	1	0.000E+00	1.000E-08	1.500E-09	9.000E-10	3.318E+00	2.904E+02	2.913E+02	1.207E-07	1.596E-07	3.000E-10	8.000E-10	3.600E-09	2.100E-09	3.317E+00	
84	10	13	1	0.000E+00	0.000E+00	2.500E-09	3.900E-09	3.640E+00	2.901E+02	2.910E+02	9.950E-08	1.322E-07	7.000E-10	2.000E-10	4.200E-09	2.200E-09	3.639E+00	
85	11	13	1	0.000E+00	0.000E+00	1.700E-09	6.000E-10	3.719E+00	2.900E+02	2.907E+02	9.620E-08	1.282E-07	2.300E-09	7.000E-10	1.000E-09	2.500E-09	3.719E+00	
86	12	13	1	0.000E+00	0.000E+00	3.300E-09	1.200E-09	3.762E+00	2.898E+02	2.905E+02	9.670E-08	1.288E-07	2.000E-10	1.900E-09	3.700E-09	1.700E-09	3.763E+00	
87	13	13	1	1.000E-03	0.000E+00	2.800E-09	5.000E-10	3.655E+00	2.896E+02	2.904E+02	1.003E-07	1.339E-07	1.000E-10	2.200E-09	4.100E-09	1.100E-09	3.654E+00	
88	14	13	1	0.000E+00	1.000E-08	1.900E-09	1.000E-10	3.389E+00	2.895E+02	2.904E+02	1.178E-07	1.572E-07	2.300E-09	1.000E-09	1.000E-09	1.000E-10	3.389E+00	
89	15	13	1	0.000E+00	0.000E+00	1.900E-09	4.000E-10	3.047E+00	2.875E+02	2.889E+02	1.538E-07	2.044E-07	9.000E-10	2.300E-09	4.000E-10	5.000E-10	3.047E+00	
90	16	13	1	0.000E+00	1.000E-08	2.100E-09	0.000E+00	2.805E+00	2.835E+02	2.853E+02	1.827E-07	2.472E-07	1.900E-09	2.600E-09	1.100E-09	1.700E-09	2.806E+00	
91	17	13	1	1.000E-03	0.000E+00	1.700E-09	1.600E-09	2.702E+00	2.834E+02	2.851E+02	1.933E-07	2.597E-07	6.000E-10	6.000E-10	3.000E-10	4.000E-10	2.701E+00	
92	17	14	1	1.000E-03	0.000E+00	6.000E-10	1.400E-09	2.707E+00	2.837E+02	2.854E+02	1.907E-07	2.565E-07	1.600E-09	2.000E-09	1.000E-09	3.000E-10	2.707E+00	
93	16	14	1	1.000E-03	0.000E+00	7.000E-10	1.000E-09	2.818E+00	2.838E+02	2.855E+02	1.821E-07	2.456E-07	2.800E-09	5.800E-09	1.800E-09	2.500E-09	2.819E+00	
94	15	14	1	0.000E+00	0.000E+00	1.800E-09	6.000E-10	3.057E+00	2.877E+02	2.890E+02	1.543E-07	2.047E-07	8.000E-10	9.000E-10	5.000E-10	2.700E-09	3.056E+00	
95	14	14	1	1.000E-03	0.000E+00	4.000E-10	3.200E-09	3.375E+00	2.893E+02	2.905E+02	1.190E-07	1.575E-07	1.400E-09	8.000E-10	1.700E-09	1.400E-09	3.375E+00	
96	13	14	1	1.000E-03	0.000E+00	7.000E-10	2.500E-09	3.644E+00	2.894E+02	2.903E+02	1.021E-07	1.347E-07	4.600E-09	4.400E-09	1.600E-09	3.900E-09	3.644E+00	
97	12	14	1	0.000E+00	0.000E+00	1.200E-09	1.700E-09	3.728E+00	2.897E+02	2.906E+02	9.740E-08	1.285E-07	3.900E-09	6.100E-09	9.000E-10	1.900E-09	3.728E+00	
98	11	14	1	0.000E+00	0.000E+00	4.000E-10	1.900E-09	3.720E+00	2.898E+02	2.907E+02	9.680E-08	1.288E-07	3.300E-09	1.200E-09	1.500E-09	1.100E-09	3.720E+00	
99	10	14	1	0.000E+00	0.000E+00	9.000E-10	3.100E-09	3.627E+00	2.900E+02	2.909E+02	1.007E-07	1.333E-07	2.500E-09	5.900E-09	9.000E-10	1.300E-09	3.628E+00	
100	9	14	1	0.000E+00	0.000E+00	2.800E-09	2.900E-09	3.285E+00	2.904E+02	2.913E+02	1.230E-07	1.627E-07	2.400E-09	3.500E-09	6.000E-10	2.800E-09	3.285E+00	
101	8	14	1	0.000E+00	0.000E+00	2.100E-09	1.500E-09	2.911E+00	2.870E+02	2.889E+02	1.623E-07	2.147E-07	9.000E-10	1.500E-09	1.000E-10	3.000E-10	2.910E+00	
102	7	14	1	1.000E-03	0.000E+00	8.000E-10	6.000E-10	2.763E+00	2.858E+02	2.874E+02	1.759E-07	2.342E-07	2.000E-09	7.000E-10	9.000E-10	4.000E-10	2.764E+00	
103	6	14	1	0.000E+00	0.000E+00	1.400E-09	1.400E-09	2.763E+00	2.878E+02	2.892E+02	1.712E-07	2.273E-07	2.300E-09	5.200E-09	1.900E-09	1.000E-09	2.764E+00	
104	5	14	1	0.000E+00	1.000E-08	1.200E-09	3.400E-09	2.679E+00	2.897E+02	2.913E+02	1.687E-07	2.227E-07	3.000E-09	1.600E-09	2.300E-09	4.600E-09	2.680E+00	
105	5	15	1	1.000E-03	1.000E-08	3.000E-10	1.400E-09	2.701E+00	2.889E+02	2.911E+02	1.656E-07	2.188E-07	3.300E-09	3.000E-10	7.000E-10	1.500E-09	2.702E+00	
106	6	15	1	0.000E+00	1.000E-08	2.100E-09	5.500E-09	2.779E+00	2.876E+02	2.892E+02	1.711E-07	2.272E-07	3.100E-09	2.700E-09	2.300E-09	6.800E-09	2.779E+00	
107	7	15	1	0.000E+00	0.000E+00	1.200E-09	5.000E-09	2.763E+00	2.855E+02	2.872E+02	1.769E-07	2.357E-07	3.100E-09	1.800E-09	1.800E-09	5.300E-09	2.763E+00	
108	8	15	1	0.000E+00	0.000E+00	3.000E-10	2.100E-09	2.874E+00	2.862E+02	2.878E+02	1.661E-07	2.239E-07	3.600E-09	6.000E-10	2.000E-10	1.500E-09	2.874E+00	
109	9	15	1	0.000E+00	0.000E+00	2.000E-10	1.000E-10	3.224E+00	2.900E+02	2.910E+02	1.301E-07	1.740E-07	3.000E-09	4.300E-09	2.000E-10	3.000E-10	3.225E+00	
110	10	15	1	1.000E-03	0.000E+00	0.000E+00	1.000E-10	3.551E+00	2.899E+02	2.908E+02	1.070E-07	1.420E-07	3.500E-09	3.300E-09	1.000E-10	1.400E-09	3.553E+00	
111	11	15	1	0.000E+00	1.000E-08	1.000E-10	2.600E-09	3.675E+00	2.898E+02	2.906E+02	9.940E-08	1.318E-07	4.300E-09	2.200E-09	1.500E-09	1.800E-09	3.676E+00	
112	12	15	1	0.000E+00	0.000E+00	1.400E-09	5.200E-09	3.713E+00	2.898E+02	2.908E+02	9.730E-08	1.294E-07	4.000E-10	4.000E-10	2.000E-09	4.000E-09	3.713E+00	
113	13	15	1	0.000E+00	0.000E+00	9.000E-10	3.400E-09	3.593E+00	2.896E+02	2.905E+02	1.046E-07	1.397E-07	7.000E-10	2.700E-09	4.000E-10	5.200E-09	3.593E+00	
114	14	15	1	0.000E+00	0.000E+00	1.000E-09	1.200E-09	3.289E+00	2.896E+02	2.904E+02	1.255E-07	1.686E-07	3.100E-09	4.000E-10	7.000E-10	1.600E-09	3.289E+00	
115	15	15	1	0.000E+00	0.000E+00	9.000E-10	1.100E-09	3.030E+00	2.870E+02	2.884E+02	1.567E-07	2.106E-07	5.200E-09	5.000E-10	1.600E-09	1.600E-09	3.030E+00	
116	16	15	1	0.000E+00	0.000E+00	2.000E-09	3.700E-09	2.832E+00	2.839E+02	2.856E+02	1.805E-07	2.448E-07	1.200E-09	3.000E-10	3.700E-09	1.000E-10	2.833E+00	
117	17	15	1	1.000E-03	0.000E+00	3.200E-09	3.700E-09	2.735E+00	2.845E+02	2.861E+02	1.859E-07	2.507E-07	3.300E-09	2.700E-09	4.800E-09	2.400E-09	2.735E+00	
118	16	16	1	0.000E+00	0.000E+00	1.800E-09	2.800E-09	2.781E+00	2.826E+02	2.846E+02	1.885E-07	2.570E-07	7.000E-10	3.000E-10	9.000E-10	5.000E-10	2.781E+00	
119	15	16	1	0.000E+00	0.000E+00	3.000E-10	2.400E-09	2.937E+00	2.855E+02	2.870E+02	1.661E-07	2.249E-07	1.000E-09	0.000E+00	3.000E-10	4.000E-10	2.939E+00	
120	14	16	1	0.000E+00	0.000E+00	1.900E-09	3.000E-10	3.140E+00	2.885E+02	2.899E+02	1.410E-07	1.881E-07	2.400E-09	1.800E-09	1.900E-09	5.000E-10	3.142E+00	
121	13	16	1	0.000E+00	0.000E+00	1.100E-09	5.400E-09	3.402E+00	2.896E+02	2.907E+02	1.182E-07	1.558E-07	2.800E-09	7.000E-10	2.200E-09	4.000E-09	3.403E+00	
122	12	16	1	0.000E+00	0.000E+00	1.800E-09	1.500E-09	3.557E+00	2.899E+02	2.908E+02	1.066E-07	1.419E-07	2.400E-09	5.100E-09	0.000E+00	0.000E+00	3.558E+00	
123	11	16	1	0.000E+00	1.000E-08	1.000E-09	4.000E-10	3.518E+00	2.898E+02	2.907E+02	1.085E-07	1.451E-07	2.200E-09	3.600E-09	0.000E+00	3.500E-09	3.518E+00	
124	10	16	1	0.000E+00	0.000E+00	3.200E-09	3.500E-09	3.333E+00	2.899E+02	2.908E+02	1.231E-07	1.634E-07	8.000E-10	7.000E-10	3.700E-09	1.600E-09	3.333E+00	
125	9	16	1	0.000E+00	0.000E+00	5.000E-10	3.600E-09	3.035E+00	2.878E+02	2.900E+02	1.503E-07	1.999E-07	0.000E+00	1.900E-09	3.200E-09	4.800E-09	3.035E+00	
126	8	16	1	0.000E+00	0.000E+00	1.400E-09	5.500E-09	2.817E+00	2.848E+02	2.866E+02	1.739E-07	2.351E-07	1.000E-09	2.600E-09	9.000E-10	2.300E-09	2.817E+00	
127	7	16	1	1.000E-03	0.000E+00	2.000E-10	0.000E+00	2.753E+00	2.851E+02	2.868E+02	1.793E-07	2.417E-07	1.500E-09	2.500E-09	5.000E-10	1.400E-09	2.752E+00	
128	6	16	1	0.000E+00	1.000E-08	1.400E-09	2.200E-09	2.767E+00	2.876E+02	2.893E+02	1.720E-07	2.288E-07	3.200E-09	2.400E-09	1.400E-09	2.000E-10	2.766E+00	
129	6	17	1	0.000E+00	0.000E+00	2.100E-09	1.200E-09	2.763E+00	2.878E+02	2.897E+02	1.707E-07	2.279E-07	9.000E-10	1.500E-09	3.500E-09	1.100E-09	2.763E+00	
130	7	17	1	0.000E+00	1.000E-08	2.300E-09	1.000E-09	2.757E+00	2.845E+02	2.862E+02	1.824E-07	2.465E-07	1.600E-09	1.500E-09	2.100E-09	5.000E-10	2.759E+00	
131	8	17	1	0.000E+00	0.000E+00	1.000E-10	4.000E-10	2.787E+00	2.844E+02	2.861E+02	1.797E-07	2.404E-07	2.200E-09	3.100E-09	1.100E-09	0.000E+00	2.788E+00	
132	9	17	1	1.000E-03	1.000E-08	9.000E-10	4.600E-09	2.905E+00	2.856E+02	2.876E+02	1.658E-07	2.217E-07	3.200E-09	1.000E-09	2.200E-09	4.800E-09	2.905E+00	
133	10	17	1	1.000E-03	0.000E+00	1.800E-09	5.400E-09	3.098E+00	2.885E+02	2.899E+02	1.479E-07	1.950E-07	2.800E-09	1.300E-09	2.200E-09	4.400E-09	3.099E+00	
134	11	17	1	0.000E+00	0.000E+00	2.000E-10	1.100E-09	3.259E+00	2.897E+02	2.907E+02	1.295E-07	1.732E-07	1.700E-09	2.900E-09	6.000E-10	3.300E-09	3.259E+00	
135	12	17	1	0.000E+00	0.000E+00	1.000E-10	2.700E-09	3.298E+00	2.898E+02	2.908E+02	1.265E-07	1.693E-07	3.800E-09	1.600E-09	2.000E-10	2.800E-09	3.298E+00	
136	13	17	1	0.000E+00	1.000E-08	6.000E-10	1.400E-09	3.162E+00	2.895E+02	2.902E+02	1.378E-07	1.855E-07	1.500E-09	1.000E-09	1.000E-10	5.000E-09	3.162E+00	
137	14	17	1	0.000E+00	1.000E-08	3.000E-10	2.200E-09	2.983E+00	2.864E+02	2.882E+02	1.585E-07	2.131E-07	4.000E-09	4.400E-09	4.000E-10	2.500E-09	2.983E+00	
138	15	17	1	0.000E+00	0.000E+00	2.700E-09	2.000E-10	2.887E+00	2.851E+02	2.867E+02	1.730E-07	2.323E-07	4.100E-09	4.100E-09	1.500E-09	1.500E-09	2.888E+00	
139	16	17	1	0.000E+00	1.000E-08	3.400E-09	3.000E-10	2.744E+00	2.829E+02	2.846E+02	1.925E-07	2.611E-07	4.000E-10	9.000E-10	1.300E-09	2.400E-09	2.745E+00	
140	16	18	1	1.000E-03	1.000E-08	5.000E-10	2.500E-09	2.683E+00	2.841E+02	2.860E+02	1.903E-07	2.552E-07	1.300E-09	4.100E-09	0.000E+00	2.400E-09	2.684E+00	
141	15	18	1	1.000E-03	1.000E-08	5.000E-10	2.500E-09	2.780E+00	2.844E+02	2.862E+02	1.817E-07	2.429E-07	3.600E-09	4.400E-09	2.100E-09	1.600E-09	2.781E+00	
142	14	18	1	1.000E-03	0.000E+00	5.000E-10	3.800E-09	2.860E+00	2.853E+02	2.872E+02	1.697E-07	2.273E-07	2.200E-09	3.600E-09	1.000E-10	1.400E-09	2.860E+00	
143	13	18	1	0.000E+00	1.000E-08	9.000E-10	9.000E-10	2.957E+00	2.869E+02	2.882E+02	1.591E-07	2.139E-07	2.900E-09	2.000E-10	3.000E-10	1.800E-09	2.958E+00	
144	12	18	1	0.000E+00	1.000E-08	1.200E-09	0.000E+00	3.030E+00	2.879E+02	2.895E+02	1.514E-07	2.024E-07	8.000E-10	2.100E-09	3.600E-09	1.500E-09	3.030E+00	
145	11	18	1	0.000E+00	1.000E-08	2.100E-09	0.000E+00	3.001E+00	2.873E+02	2.886E+02	1.561E-07	2.096E-07	4.000E-10	0.000E+00	2.200E-09	1.100E-09	3.001E+00	
146	10	18	1	0.000E+00	0.000E+00	2.100E-09	1.000E-10	2.922E+00	2.853E+02	2.870E+02	1.672E-07	2.250E-07	2.300E-09	4.400E-09	1.100E-09	2.500E-09	2.922E+00	
147	9	18	1	1.000E-03	0.000E+00	1.400E-09	3.100E-09	2.828E+00	2.843E+02	2.864E+02	1.770E-07	2.364E-07	3.000E-09	3.200E-09	2.600E-09	2.100E-09	2.827E+00	
148	8	18	1	0.000E+00	0.000E+00	6.000E-10	2.200E-09	2.762E+00	2.842E+02	2.860E+02	1.832E-07	2.475E-07	3.200E-09	2.200E-09	0.000E+00	9.000E-10	2.762E+00	
149	7	18	1	0.000E+00	0.000E+00	1.400E-09	3.700E-09	2.737E+00	2.843E+02	2.862E+02	1.862E-07	2.507E-07	2.300E-09	1.900E-09	1.800E-09	1.500E-09	2.737E+00	
150	6	18	1	0.000E+00	0.000E+00	1.400E-09	1.200E-09	2.734E+00	2.883E+02	2.900E+02	1.701E-07	2.277E-07	6.000E-10	3.000E-10	4.000E-10	1.000E-10	2.734E+00	
151	7	19	1	0.000E+00	1.000E-08	1.300E-09	2.000E-10	2.700E+00	2.851E+02	2.869E+02	1.866E-07	2.493E-07	3.000E-10	5.000E-10	0.000E+00	1.000E-09	2.701E+00	
152	8	19	1	1.000E-03	1.000E-08	5.000E-10	3.400E-09	2.739E+00	2.841E+02	2.859E+02	1.893E-07	2.530E-07	9.000E-10	2.000E-09	1.000E-09	4.700E-09	2.739E+00	
153	9	19	3	1.000E-03	99.99													
154	10	19	1	0.000E+00	1.000E-08	0.000E+00	1.500E-09	2.848E+00	2.841E+02	2.858E+02	1.770E-07	2.390E-07	3.000E-09	1.000E-09	1.600E-09	4.000E-10	2.849E+00	
155	11	19	1	0.000E+00	2.000E-08	7.000E-10	2.900E-09	2.893E+00	2.857E+02	2.872E+02	1.675E-07	2.254E-07	2.700E-09	6.000E-10	4.200E-09	2.000E-09	2.894E+00	
156	12	19	1	0.000E+00	0.000E+00	2.500E-09	1.400E-09	2.917E+00	2.866E+02	2.882E+02	1.626E-07	2.184E-07	3.000E-10	2.100E-09	3.100E-09	2.700E-09	2.917E+00	
157	13	19	1	0.000E+00	0.000E+00	1.500E-09	1.100E-09	2.857E+00	2.859E+02	2.876E+02	1.695E-07	2.253E-07	2.900E-09	5.000E-10	2.400E-09	5.100E-09	2.857E+00	
158	14	19	1	0.000E+00	0.000E+00	2.000E-10	3.600E-09	2.787E+00	2.850E+02	2.868E+02	1.780E-07	2.378E-07	3.400E-09	2.900E-09	1.800E-09	4.200E-09	2.788E+00	
159	15	19	1	0.000E+00	0.000E+00	1.100E-09	1.100E-09	2.763E+00	2.850E+02	2.870E+02	1.824E-07	2.443E-07	5.200E-09	2.200E-09	2.400E-09	5.000E-10	2.763E+00	
160	15	20	1	1.000E-03	0.000E+00	0.000E+00	1.800E-09	2.716E+00	2.864E+02	2.887E+02	1.788E-07	2.391E-07	5.600E-09	1.500E-09	2.500E-09	3.500E-09	2.715E+00	
161	14	20	1	0.000E+00	0.000E+00	8.000E-10	5.300E-09	2.723E+00	2.853E+02	2.869E+02	1.830E-07	2.457E-07	1.000E-09	2.000E-09	1.400E-09	6.100E-09	2.723E+00	
162	13	20	1	0.000E+00	0.000E+00	3.100E-09	1.000E-10	2.771E+00	2.850E+02	2.867E+02	1.790E-07	2.400E-07	1.100E-09	3.800E-09	1.300E-09	1.800E-09	2.771E+00	
163	12	20	1	0.000E+00	0.000E+00	0.000E+00	3.800E-09	2.834E+00	2.855E+02	2.875E+02	1.727E-07	2.305E-07	3.000E-09	4.000E-09	1.000E-09	4.500E-09	2.834E+00	
164	11	20	1	1.000E-03	1.000E-08	1.900E-09	4.200E-09	2.831E+00	2.850E+02	2.867E+02	1.766E-07	2.363E-07	3.900E-09	3.000E-09	2.100E-09	5.000E-09	2.831E+00	
165	10	20	1	0.000E+00	0.000E+00	1.000E-09	5.100E-09	2.794E+00	2.837E+02	2.854E+02	1.844E-07	2.492E-07	4.000E-10	1.800E-09	1.200E-09	5.800E-09	2.793E+00	
166	9	20	1	0.000E+00	0.000E+00	2.200E-09	2.300E-09	2.750E+00	2.838E+02	2.855E+02	1.888E-07	2.553E-07	1.400E-09	1.200E-09	5.500E-09	2.500E-09	2.748E+00	
167	8	20	1	1.000E-03	1.000E-08	2.000E-10	4.900E-09	2.691E+00	2.847E+02	2.865E+02	1.898E-07	2.541E-07	1.500E-09	3.600E-09	1.400E-09	2.900E-09	2.691E+00	
168	7	20	1	0.000E+00	1.000E-08	8.000E-10	5.500E-09	2.642E+00	2.859E+02	2.876E+02	1.855E-07	2.503E-07	3.300E-09	5.000E-10	2.000E-09	4.300E-09	2.641E+00	
169	8	21	1	1.000E-03	0.000E+00	4.000E-10	1.300E-09	2.656E+00	2.860E+02	2.878E+02	1.852E-07	2.467E-07	3.300E-09	1.100E-09	2.000E-10	2.300E-09	2.655E+00	
170	9	21	1	1.000E-03	0.000E+00	1.000E-10	2.200E-09	2.729E+00	2.859E+02	2.878E+02	1.820E-07	2.425E-07	2.400E-09	3.500E-09	9.000E-10	3.400E-09	2.729E+00	
171	10	21	1	0.000E+00	1.000E-08	5.000E-10	2.300E-09	2.735E+00	2.851E+02	2.869E+02	1.844E-07	2.453E-07	2.900E-09	4.200E-09	1.000E-09	1.800E-09	2.735E+00	
172	11	21	1	0.000E+00	1.000E-08	2.000E-09	8.000E-10	2.761E+00	2.857E+02	2.873E+02	1.782E-07	2.394E-07	1.600E-09	2.400E-09	3.400E-09	2.800E-09	2.761E+00	
173	12	21	1	0.000E+00	0.000E+00	9.000E-10	1.000E-09	2.796E+00	2.862E+02	2.882E+02	1.749E-07	2.339E-07	6.000E-10	1.500E-09	8.000E-10	8.000E-10	2.795E+00	
174	13	21	1	1.000E-03	1.000E-08	3.600E-09	4.400E-09	2.736E+00	2.860E+02	2.878E+02	1.813E-07	2.427E-07	2.500E-09	5.000E-10	7.000E-10	2.200E-09	2.737E+00	
175	14	21	1	0.000E+00	1.000E-08	2.100E-09	1.100E-09	2.725E+00	2.877E+02	2.894E+02	1.767E-07	2.348E-07	1.800E-09	2.600E-09	7.000E-10	3.000E-10	2.724E+00	
176	12	22	1	0.000E+00	0.000E+00	2.000E-09	4.100E-09	2.808E+00	2.894E+02	2.911E+02	1.654E-07	2.192E-07	2.600E-09	1.700E-09	1.500E-09	2.000E-09	2.808E+00	
177	11	22	1	0.000E+00	1.000E-08	2.000E-09	6.000E-10	2.757E+00	2.889E+02	2.904E+02	1.680E-07	2.224E-07	2.400E-09	7.000E-10	0.000E+00	1.000E-09	2.757E+00	
178	10	22	1	1.000E-03	0.000E+00	1.700E-09	3.000E-10	2.732E+00	2.889E+02	2.904E+02	1.690E-07	2.246E-07	3.200E-09	1.000E-09	7.000E-10	1.200E-09	2.732E+00	
