Program name	ME58P82_G0A89BA.jtf
Lot number	FA55-4307-327A-250501@203
Wafer number	25
Date	2025/05/01
Time	06:50:00

No.U	X	Y	Bin	CONT	IGSS0	IGSS10	ISGS10	VTH0.25	BVDSS0.25	BVDSS10	IDSS240	IDSS250	IGSS16	ISGS16	IGSS18	ISGS18	VTH0.25_2
LimitU				0.500V	99.00uA	100.0nA	100.0nA	4.500V	300.0V	300.0V	800.0nA	800.0nA	200.0nA	200.0nA	200.0nA	200.0nA	4.500V	
LimitL				0V	0A	0A	0A	2.500V	250.0V	250.0V	0A	0A	0A	0A	0A	0A	2.500V	
Bias 1				1.00mA	1.00V	10.0V	10.0V	250uA	250uA	10.0mA	240V	250V	16.0V	16.0V	18.0V	18.0V	250uA
Bias 2				
Bias 3									350V	350V
Bias 4				2.50ms	10.0ms	40.0ms	40.0ms	2.00ms	20.0ms	10.0ms	20.0ms	20.0ms	40.0ms	40.0ms	40.0ms	40.0ms	2.00ms	
Bias 5				
Bias 6				
1	9	5	1	0.000E+00	0.000E+00	9.000E-10	7.000E-10	2.705E+00	2.885E+02	2.904E+02	1.680E-07	2.250E-07	5.800E-09	9.000E-10	1.600E-09	1.200E-09	2.705E+00	
2	10	5	1	0.000E+00	0.000E+00	1.500E-09	3.500E-09	2.662E+00	2.880E+02	2.896E+02	1.718E-07	2.304E-07	1.800E-09	1.400E-09	0.000E+00	6.500E-09	2.662E+00	
3	11	5	1	0.000E+00	0.000E+00	8.000E-10	3.100E-09	2.666E+00	2.879E+02	2.895E+02	1.698E-07	2.269E-07	2.700E-09	2.600E-09	4.400E-09	1.500E-09	2.666E+00	
4	12	5	1	0.000E+00	0.000E+00	1.200E-09	1.500E-09	2.664E+00	2.880E+02	2.897E+02	1.679E-07	2.255E-07	2.200E-09	8.000E-10	1.700E-09	2.000E-09	2.664E+00	
5	13	5	1	0.000E+00	1.000E-08	6.000E-10	1.600E-09	2.609E+00	2.875E+02	2.892E+02	1.754E-07	2.329E-07	1.000E-09	1.600E-09	5.000E-10	1.800E-09	2.609E+00	
6	14	6	1	0.000E+00	0.000E+00	1.200E-09	3.200E-09	2.566E+00	2.853E+02	2.871E+02	1.869E-07	2.505E-07	3.100E-09	3.400E-09	1.400E-09	3.800E-09	2.566E+00	
7	13	6	1	0.000E+00	0.000E+00	4.000E-10	5.700E-09	2.596E+00	2.853E+02	2.870E+02	1.817E-07	2.452E-07	2.000E-10	1.900E-09	1.700E-09	5.000E-09	2.596E+00	
8	12	6	1	0.000E+00	1.000E-08	1.300E-09	3.000E-10	2.615E+00	2.853E+02	2.872E+02	1.784E-07	2.411E-07	1.000E-10	1.000E-10	4.000E-09	0.000E+00	2.615E+00	
9	11	6	1	1.000E-03	0.000E+00	3.200E-09	1.700E-09	2.657E+00	2.852E+02	2.870E+02	1.800E-07	2.435E-07	1.700E-09	1.400E-09	1.500E-09	2.000E-09	2.657E+00	
10	10	6	1	1.000E-03	0.000E+00	1.300E-09	2.100E-09	2.656E+00	2.853E+02	2.871E+02	1.822E-07	2.455E-07	2.300E-09	7.200E-09	0.000E+00	2.300E-09	2.656E+00	
11	9	6	1	1.000E-03	0.000E+00	1.000E-10	1.500E-09	2.644E+00	2.858E+02	2.876E+02	1.820E-07	2.463E-07	3.900E-09	3.100E-09	2.000E-10	3.000E-09	2.644E+00	
12	8	6	1	1.000E-03	1.000E-08	2.300E-09	2.200E-09	2.599E+00	2.864E+02	2.880E+02	1.823E-07	2.468E-07	1.200E-09	1.200E-09	2.300E-09	3.000E-10	2.600E+00	
13	7	7	1	0.000E+00	0.000E+00	1.900E-09	2.000E-09	2.586E+00	2.853E+02	2.870E+02	1.907E-07	2.580E-07	3.500E-09	4.800E-09	2.500E-09	1.300E-09	2.587E+00	
14	8	7	1	0.000E+00	0.000E+00	8.000E-10	1.500E-09	2.617E+00	2.843E+02	2.860E+02	1.903E-07	2.574E-07	6.000E-10	2.900E-09	6.000E-10	1.300E-09	2.616E+00	
15	9	7	1	0.000E+00	0.000E+00	7.000E-10	3.000E-10	2.674E+00	2.840E+02	2.861E+02	1.849E-07	2.517E-07	3.000E-09	3.200E-09	3.000E-10	2.800E-09	2.674E+00	
16	10	7	1	0.000E+00	0.000E+00	7.000E-10	5.000E-10	2.716E+00	2.848E+02	2.865E+02	1.786E-07	2.426E-07	2.900E-09	1.000E-09	1.200E-09	3.000E-09	2.716E+00	
17	11	7	1	0.000E+00	0.000E+00	5.000E-10	2.300E-09	2.707E+00	2.850E+02	2.868E+02	1.766E-07	2.398E-07	1.200E-09	1.500E-09	2.100E-09	9.000E-10	2.707E+00	
18	12	7	1	0.000E+00	0.000E+00	1.700E-09	2.000E-09	2.711E+00	2.854E+02	2.873E+02	1.737E-07	2.334E-07	1.700E-09	2.200E-09	2.000E-10	9.000E-10	2.711E+00	
19	13	7	1	0.000E+00	1.000E-08	2.300E-09	1.300E-09	2.611E+00	2.844E+02	2.862E+02	1.840E-07	2.476E-07	1.300E-09	6.000E-10	4.000E-10	1.300E-09	2.611E+00	
20	14	7	1	0.000E+00	0.000E+00	2.000E-10	2.500E-09	2.592E+00	2.838E+02	2.856E+02	1.903E-07	2.566E-07	1.400E-09	4.000E-10	1.000E-10	1.400E-09	2.592E+00	
21	15	7	1	1.000E-03	0.000E+00	7.000E-10	1.400E-09	2.594E+00	2.839E+02	2.860E+02	1.921E-07	2.592E-07	2.400E-09	3.800E-09	1.000E-09	1.000E-09	2.595E+00	
22	16	8	1	0.000E+00	1.000E-08	1.700E-09	2.100E-09	2.512E+00	2.824E+02	2.843E+02	2.030E-07	2.761E-07	7.000E-10	0.000E+00	3.000E-09	1.500E-09	2.513E+00	
23	15	8	1	1.000E-03	0.000E+00	1.400E-09	1.200E-09	2.593E+00	2.827E+02	2.846E+02	1.945E-07	2.651E-07	2.300E-09	1.800E-09	9.000E-10	1.500E-09	2.592E+00	
24	14	8	1	0.000E+00	1.000E-08	1.400E-09	2.300E-09	2.615E+00	2.833E+02	2.850E+02	1.871E-07	2.551E-07	1.800E-09	6.000E-10	1.500E-09	4.400E-09	2.615E+00	
25	13	8	1	0.000E+00	0.000E+00	1.000E-10	2.000E-10	2.667E+00	2.846E+02	2.863E+02	1.777E-07	2.412E-07	1.000E-09	1.100E-09	3.000E-10	1.000E-09	2.666E+00	
26	12	8	1	0.000E+00	1.000E-08	3.100E-09	4.200E-09	2.781E+00	2.857E+02	2.874E+02	1.696E-07	2.290E-07	0.000E+00	8.000E-10	2.000E-09	1.800E-09	2.782E+00	
27	11	8	1	0.000E+00	0.000E+00	7.000E-10	8.000E-10	2.793E+00	2.857E+02	2.874E+02	1.670E-07	2.265E-07	5.000E-10	2.700E-09	5.000E-10	7.000E-10	2.794E+00	
28	10	8	1	0.000E+00	0.000E+00	3.800E-09	2.200E-09	2.764E+00	2.850E+02	2.868E+02	1.724E-07	2.336E-07	3.000E-10	1.000E-09	3.900E-09	1.000E-09	2.764E+00	
29	9	8	1	0.000E+00	0.000E+00	1.100E-09	4.400E-09	2.719E+00	2.838E+02	2.860E+02	1.791E-07	2.437E-07	2.600E-09	0.000E+00	0.000E+00	4.000E-09	2.720E+00	
30	8	8	1	0.000E+00	1.000E-08	3.000E-10	2.500E-09	2.643E+00	2.838E+02	2.855E+02	1.889E-07	2.582E-07	2.400E-09	1.300E-09	2.000E-10	2.800E-09	2.643E+00	
31	7	8	1	1.000E-03	0.000E+00	1.100E-09	4.500E-09	2.581E+00	2.845E+02	2.864E+02	1.924E-07	2.607E-07	3.000E-10	2.500E-09	3.200E-09	3.800E-09	2.580E+00	
32	6	9	1	0.000E+00	0.000E+00	2.200E-09	7.000E-10	2.560E+00	2.848E+02	2.867E+02	1.931E-07	2.623E-07	2.300E-09	3.200E-09	1.600E-09	1.700E-09	2.560E+00	
33	7	9	1	0.000E+00	0.000E+00	2.300E-09	1.700E-09	2.603E+00	2.841E+02	2.857E+02	1.910E-07	2.596E-07	2.800E-09	3.900E-09	2.100E-09	8.000E-10	2.603E+00	
34	8	9	1	0.000E+00	0.000E+00	6.000E-10	1.800E-09	2.698E+00	2.846E+02	2.863E+02	1.805E-07	2.449E-07	2.600E-09	0.000E+00	7.000E-10	2.100E-09	2.699E+00	
35	9	9	1	0.000E+00	0.000E+00	1.900E-09	0.000E+00	2.802E+00	2.849E+02	2.870E+02	1.687E-07	2.286E-07	1.000E-10	4.000E-10	3.100E-09	1.300E-09	2.803E+00	
36	10	9	1	0.000E+00	0.000E+00	8.000E-10	1.900E-09	2.831E+00	2.861E+02	2.879E+02	1.633E-07	2.196E-07	3.100E-09	1.500E-09	1.000E-09	1.900E-09	2.831E+00	
37	11	9	1	0.000E+00	1.000E-08	1.800E-09	1.000E-09	2.874E+00	2.874E+02	2.890E+02	1.578E-07	2.110E-07	1.800E-09	1.200E-09	1.100E-09	1.300E-09	2.874E+00	
38	12	9	1	0.000E+00	1.000E-08	2.000E-09	2.200E-09	2.903E+00	2.878E+02	2.894E+02	1.556E-07	2.079E-07	3.600E-09	3.700E-09	1.100E-09	1.300E-09	2.904E+00	
39	13	9	1	0.000E+00	0.000E+00	0.000E+00	2.400E-09	2.831E+00	2.863E+02	2.880E+02	1.634E-07	2.181E-07	3.300E-09	5.100E-09	2.700E-09	2.800E-09	2.831E+00	
40	14	9	1	1.000E-03	0.000E+00	1.900E-09	6.000E-10	2.685E+00	2.835E+02	2.853E+02	1.802E-07	2.442E-07	1.100E-09	2.000E-09	3.000E-09	1.400E-09	2.685E+00	
41	15	9	1	0.000E+00	0.000E+00	1.800E-09	2.800E-09	2.635E+00	2.828E+02	2.844E+02	1.914E-07	2.595E-07	3.100E-09	5.000E-10	1.900E-09	1.800E-09	2.635E+00	
42	16	9	1	1.000E-03	0.000E+00	1.000E-09	9.000E-10	2.548E+00	2.813E+02	2.833E+02	2.057E-07	2.801E-07	1.200E-09	1.100E-09	9.000E-10	3.000E-10	2.548E+00	
43	16	10	1	0.000E+00	0.000E+00	7.000E-10	1.000E-10	2.552E+00	2.811E+02	2.830E+02	2.046E-07	2.794E-07	9.000E-10	2.100E-09	8.000E-10	1.600E-09	2.553E+00	
44	15	10	1	0.000E+00	0.000E+00	2.400E-09	1.300E-09	2.670E+00	2.830E+02	2.848E+02	1.853E-07	2.522E-07	1.700E-09	4.500E-09	1.000E-09	1.700E-09	2.669E+00	
45	14	10	1	1.000E-03	1.000E-08	7.000E-10	1.700E-09	2.796E+00	2.849E+02	2.871E+02	1.676E-07	2.245E-07	6.000E-10	1.100E-09	0.000E+00	2.800E-09	2.797E+00	
46	13	10	1	0.000E+00	0.000E+00	1.000E-10	1.600E-09	2.919E+00	2.879E+02	2.894E+02	1.548E-07	2.050E-07	1.800E-09	2.000E-10	1.100E-09	1.600E-09	2.919E+00	
47	12	10	1	0.000E+00	0.000E+00	6.000E-10	2.300E-09	2.987E+00	2.894E+02	2.909E+02	1.437E-07	1.905E-07	1.100E-09	3.900E-09	2.000E-10	2.400E-09	2.987E+00	
48	11	10	1	0.000E+00	0.000E+00	0.000E+00	5.300E-09	2.946E+00	2.889E+02	2.904E+02	1.479E-07	1.953E-07	1.200E-09	2.000E-10	1.400E-09	5.300E-09	2.945E+00	
49	10	10	1	0.000E+00	0.000E+00	9.000E-10	3.000E-10	2.876E+00	2.873E+02	2.890E+02	1.571E-07	2.093E-07	3.200E-09	5.500E-09	3.000E-10	1.400E-09	2.876E+00	
50	9	10	1	0.000E+00	0.000E+00	1.500E-09	4.000E-09	2.808E+00	2.853E+02	2.875E+02	1.662E-07	2.226E-07	3.900E-09	4.000E-09	1.800E-09	4.300E-09	2.809E+00	
51	8	10	1	0.000E+00	1.000E-08	5.000E-10	5.000E-10	2.734E+00	2.847E+02	2.864E+02	1.763E-07	2.392E-07	2.200E-09	1.100E-09	1.000E-10	1.000E-10	2.734E+00	
52	7	10	1	0.000E+00	1.000E-08	2.200E-09	1.200E-09	2.640E+00	2.837E+02	2.856E+02	1.876E-07	2.553E-07	4.000E-10	1.500E-09	1.400E-09	1.100E-09	2.639E+00	
53	6	10	1	0.000E+00	0.000E+00	2.800E-09	3.000E-09	2.577E+00	2.849E+02	2.866E+02	1.921E-07	2.599E-07	6.000E-10	2.200E-09	3.900E-09	1.600E-09	2.577E+00	
54	6	11	1	1.000E-03	0.000E+00	3.100E-09	1.400E-09	2.609E+00	2.849E+02	2.866E+02	1.891E-07	2.555E-07	4.000E-10	1.500E-09	3.700E-09	1.100E-09	2.608E+00	
55	7	11	1	0.000E+00	0.000E+00	2.300E-09	3.000E-10	2.701E+00	2.842E+02	2.860E+02	1.818E-07	2.470E-07	1.300E-09	0.000E+00	1.300E-09	7.000E-10	2.701E+00	
56	8	11	1	0.000E+00	0.000E+00	2.000E-10	3.300E-09	2.758E+00	2.846E+02	2.863E+02	1.745E-07	2.368E-07	3.200E-09	1.800E-09	0.000E+00	7.000E-10	2.758E+00	
57	9	11	1	0.000E+00	0.000E+00	9.000E-10	5.400E-09	2.878E+00	2.865E+02	2.888E+02	1.576E-07	2.115E-07	1.000E-10	1.900E-09	6.000E-10	5.900E-09	2.878E+00	
58	10	11	1	0.000E+00	2.000E-08	3.000E-10	3.100E-09	2.955E+00	2.886E+02	2.901E+02	1.467E-07	1.966E-07	1.300E-09	1.800E-09	4.000E-10	3.700E-09	2.954E+00	
59	11	11	1	0.000E+00	0.000E+00	6.000E-10	3.400E-09	3.054E+00	2.903E+02	2.911E+02	1.337E-07	1.788E-07	1.300E-09	1.400E-09	3.200E-09	2.000E-09	3.055E+00	
60	12	11	1	0.000E+00	0.000E+00	1.200E-09	2.400E-09	3.137E+00	2.904E+02	2.914E+02	1.262E-07	1.679E-07	1.000E-09	1.600E-09	1.900E-09	4.300E-09	3.137E+00	
61	13	11	1	0.000E+00	0.000E+00	3.000E-09	1.600E-09	3.048E+00	2.899E+02	2.907E+02	1.379E-07	1.838E-07	2.100E-09	2.700E-09	3.300E-09	2.300E-09	3.048E+00	
62	14	11	1	1.000E-03	0.000E+00	2.200E-09	2.000E-10	2.913E+00	2.868E+02	2.887E+02	1.555E-07	2.088E-07	0.000E+00	1.100E-09	3.400E-09	1.900E-09	2.912E+00	
63	15	11	1	0.000E+00	0.000E+00	1.500E-09	5.300E-09	2.780E+00	2.842E+02	2.859E+02	1.758E-07	2.371E-07	3.400E-09	2.300E-09	2.100E-09	5.300E-09	2.779E+00	
64	16	11	1	0.000E+00	1.000E-08	7.000E-10	1.200E-09	2.585E+00	2.811E+02	2.831E+02	2.014E-07	2.735E-07	1.200E-09	3.200E-09	5.000E-10	2.200E-09	2.585E+00	
65	17	11	1	0.000E+00	1.000E-08	1.500E-09	2.000E-09	2.525E+00	2.808E+02	2.828E+02	2.086E-07	2.855E-07	5.500E-09	3.400E-09	2.300E-09	1.000E-09	2.526E+00	
66	17	12	1	0.000E+00	1.000E-08	1.000E-09	7.000E-10	2.538E+00	2.802E+02	2.822E+02	2.096E-07	2.882E-07	4.600E-09	3.600E-09	1.800E-09	1.200E-09	2.538E+00	
67	16	12	1	0.000E+00	1.000E-08	2.300E-09	1.300E-09	2.610E+00	2.806E+02	2.825E+02	2.008E-07	2.761E-07	1.700E-09	1.900E-09	2.300E-09	1.200E-09	2.609E+00	
68	15	12	1	0.000E+00	0.000E+00	0.000E+00	1.400E-09	2.769E+00	2.839E+02	2.856E+02	1.764E-07	2.379E-07	2.600E-09	4.100E-09	3.200E-09	8.000E-10	2.769E+00	
69	14	12	1	0.000E+00	0.000E+00	1.700E-09	1.500E-09	2.929E+00	2.871E+02	2.891E+02	1.526E-07	2.033E-07	1.000E-09	2.100E-09	2.600E-09	9.000E-10	2.928E+00	
70	13	12	1	0.000E+00	1.000E-08	2.600E-09	5.000E-10	3.114E+00	2.902E+02	2.911E+02	1.295E-07	1.726E-07	5.000E-10	9.000E-10	1.900E-09	1.300E-09	3.114E+00	
71	12	12	1	0.000E+00	1.000E-08	2.000E-10	1.500E-09	3.203E+00	2.901E+02	2.913E+02	1.209E-07	1.586E-07	1.600E-09	6.000E-10	2.200E-09	2.200E-09	3.204E+00	
72	11	12	1	0.000E+00	1.000E-08	2.600E-09	1.100E-09	3.138E+00	2.903E+02	2.912E+02	1.254E-07	1.673E-07	2.100E-09	2.900E-09	2.900E-09	2.700E-09	3.138E+00	
73	10	12	1	1.000E-03	0.000E+00	1.100E-09	5.000E-10	3.019E+00	2.892E+02	2.907E+02	1.407E-07	1.872E-07	2.900E-09	5.000E-10	6.000E-10	0.000E+00	3.018E+00	
74	9	12	1	0.000E+00	1.000E-08	1.000E-09	6.000E-10	2.894E+00	2.867E+02	2.891E+02	1.566E-07	2.100E-07	9.000E-10	1.900E-09	1.900E-09	1.700E-09	2.895E+00	
75	8	12	1	0.000E+00	0.000E+00	3.400E-09	3.500E-09	2.755E+00	2.843E+02	2.861E+02	1.757E-07	2.387E-07	3.000E-09	5.000E-10	2.800E-09	2.400E-09	2.756E+00	
76	7	12	1	0.000E+00	0.000E+00	1.900E-09	2.800E-09	2.666E+00	2.840E+02	2.858E+02	1.836E-07	2.488E-07	2.100E-09	3.700E-09	1.000E-09	2.100E-09	2.667E+00	
77	6	12	1	1.000E-03	0.000E+00	4.000E-10	1.600E-09	2.569E+00	2.844E+02	2.862E+02	1.918E-07	2.592E-07	4.100E-09	2.000E-09	1.600E-09	1.900E-09	2.569E+00	
78	5	12	4	0.000E+00	2.727E-05	999.9												
79	5	13	6	1.000E-03	0.000E+00	1.100E-09	1.200E-09	2.466E+00	2.865E+02	2.881E+02	1.915E-07	2.582E-07	3.900E-09	2.200E-09	1.400E-09	2.000E-10	2.466E+00	
80	6	13	1	1.000E-03	0.000E+00	1.500E-09	1.400E-09	2.574E+00	2.846E+02	2.865E+02	1.896E-07	2.563E-07	3.500E-09	1.200E-09	1.900E-09	1.200E-09	2.574E+00	
81	7	13	1	1.000E-03	0.000E+00	2.200E-09	1.900E-09	2.679E+00	2.846E+02	2.863E+02	1.805E-07	2.445E-07	0.000E+00	1.700E-09	2.600E-09	2.800E-09	2.679E+00	
82	8	13	1	0.000E+00	0.000E+00	1.200E-09	3.600E-09	2.791E+00	2.851E+02	2.870E+02	1.712E-07	2.304E-07	3.300E-09	3.800E-09	4.000E-10	3.300E-09	2.792E+00	
83	9	13	1	0.000E+00	0.000E+00	2.000E-10	4.600E-09	2.930E+00	2.875E+02	2.896E+02	1.527E-07	2.026E-07	4.500E-09	2.900E-09	9.000E-10	1.200E-09	2.930E+00	
84	10	13	1	0.000E+00	1.000E-08	1.800E-09	3.300E-09	3.080E+00	2.902E+02	2.911E+02	1.322E-07	1.766E-07	3.000E-10	7.000E-10	1.900E-09	5.200E-09	3.080E+00	
85	11	13	1	0.000E+00	1.000E-08	2.300E-09	4.100E-09	3.236E+00	2.903E+02	2.912E+02	1.180E-07	1.570E-07	2.300E-09	1.200E-09	3.000E-09	3.400E-09	3.236E+00	
86	12	13	1	0.000E+00	0.000E+00	1.400E-09	1.400E-09	3.346E+00	2.900E+02	2.911E+02	1.109E-07	1.476E-07	1.000E-09	1.000E-10	3.000E-10	3.000E-10	3.348E+00	
87	13	13	1	0.000E+00	1.000E-08	2.700E-09	7.000E-10	3.180E+00	2.901E+02	2.910E+02	1.223E-07	1.636E-07	2.800E-09	3.000E-10	1.400E-09	9.000E-10	3.180E+00	
88	14	13	1	0.000E+00	0.000E+00	1.200E-09	2.000E-09	2.993E+00	2.880E+02	2.899E+02	1.467E-07	1.946E-07	2.200E-09	2.100E-09	1.800E-09	1.300E-09	2.992E+00	
89	15	13	1	0.000E+00	0.000E+00	5.000E-10	5.000E-10	2.828E+00	2.846E+02	2.865E+02	1.683E-07	2.268E-07	1.600E-09	8.000E-10	1.000E-09	1.500E-09	2.828E+00	
90	16	13	1	0.000E+00	1.000E-08	7.000E-10	1.800E-09	2.649E+00	2.811E+02	2.829E+02	1.968E-07	2.681E-07	2.100E-09	1.600E-09	0.000E+00	1.400E-09	2.648E+00	
91	17	13	1	1.000E-03	2.000E-08	4.300E-09	1.000E-09	2.553E+00	2.807E+02	2.827E+02	2.060E-07	2.819E-07	3.800E-09	2.900E-09	1.600E-09	9.000E-10	2.553E+00	
92	17	14	1	0.000E+00	0.000E+00	4.400E-09	1.700E-09	2.543E+00	2.809E+02	2.831E+02	2.054E-07	2.802E-07	1.000E-10	2.400E-09	4.000E-10	1.400E-09	2.542E+00	
93	16	14	1	0.000E+00	1.000E-08	7.000E-10	2.200E-09	2.637E+00	2.813E+02	2.832E+02	1.968E-07	2.674E-07	4.400E-09	3.600E-09	1.000E-09	3.900E-09	2.637E+00	
94	15	14	1	1.000E-03	1.000E-08	1.700E-09	1.400E-09	2.834E+00	2.848E+02	2.865E+02	1.693E-07	2.284E-07	1.900E-09	5.400E-09	2.000E-10	9.000E-10	2.834E+00	
95	14	14	1	0.000E+00	1.000E-08	1.500E-09	1.300E-09	2.990E+00	2.880E+02	2.899E+02	1.471E-07	1.957E-07	2.400E-09	4.200E-09	1.000E-09	2.600E-09	2.989E+00	
96	13	14	1	1.000E-03	0.000E+00	1.200E-09	3.500E-09	3.182E+00	2.901E+02	2.911E+02	1.237E-07	1.645E-07	6.000E-10	0.000E+00	2.900E-09	2.000E-09	3.182E+00	
97	12	14	1	1.000E-03	0.000E+00	1.300E-09	1.300E-09	3.344E+00	2.901E+02	2.911E+02	1.107E-07	1.459E-07	2.000E-09	6.400E-09	5.000E-10	1.800E-09	3.344E+00	
98	11	14	1	1.000E-03	0.000E+00	1.600E-09	3.200E-09	3.225E+00	2.902E+02	2.911E+02	1.185E-07	1.581E-07	2.600E-09	1.500E-09	9.000E-10	5.300E-09	3.225E+00	
99	10	14	1	1.000E-03	2.000E-08	6.000E-10	7.000E-10	3.094E+00	2.903E+02	2.911E+02	1.313E-07	1.759E-07	1.000E-09	1.500E-09	1.400E-09	3.400E-09	3.095E+00	
100	9	14	1	1.000E-03	2.000E-08	2.100E-09	3.500E-09	2.925E+00	2.876E+02	2.897E+02	1.524E-07	2.024E-07	2.600E-09	1.800E-09	4.400E-09	3.300E-09	2.926E+00	
101	8	14	1	1.000E-03	1.000E-08	5.000E-10	1.300E-09	2.786E+00	2.853E+02	2.870E+02	1.715E-07	2.315E-07	1.300E-09	5.000E-10	2.000E-10	2.000E-09	2.786E+00	
102	7	14	1	0.000E+00	1.000E-08	0.000E+00	1.500E-09	2.661E+00	2.843E+02	2.863E+02	1.823E-07	2.460E-07	3.700E-09	1.700E-09	1.200E-09	1.400E-09	2.661E+00	
103	6	14	1	0.000E+00	0.000E+00	4.000E-10	9.000E-10	2.544E+00	2.843E+02	2.863E+02	1.928E-07	2.600E-07	2.600E-09	2.000E-10	1.900E-09	3.000E-10	2.545E+00	
104	5	14	6	1.000E-03	0.000E+00	3.200E-09	2.100E-09	2.485E+00	2.860E+02	2.878E+02	1.937E-07	2.615E-07	2.400E-09	1.300E-09	2.500E-09	1.300E-09	2.486E+00	
105	5	15	1	0.000E+00	0.000E+00	3.200E-09	1.700E-09	2.516E+00	2.833E+02	2.867E+02	1.956E-07	2.661E-07	3.000E-10	3.400E-09	4.000E-10	0.000E+00	2.516E+00	
106	6	15	1	0.000E+00	1.000E-08	2.000E-10	1.900E-09	2.574E+00	2.849E+02	2.868E+02	1.915E-07	2.556E-07	2.100E-09	3.000E-09	1.100E-09	3.100E-09	2.573E+00	
107	7	15	1	0.000E+00	0.000E+00	1.100E-09	5.000E-10	2.687E+00	2.849E+02	2.867E+02	1.782E-07	2.401E-07	4.800E-09	1.000E-09	2.100E-09	7.000E-10	2.687E+00	
108	8	15	1	0.000E+00	0.000E+00	7.000E-10	1.900E-09	2.782E+00	2.853E+02	2.870E+02	1.708E-07	2.299E-07	2.100E-09	6.100E-09	4.000E-10	2.900E-09	2.781E+00	
109	9	15	1	0.000E+00	0.000E+00	1.400E-09	1.900E-09	2.924E+00	2.871E+02	2.893E+02	1.547E-07	2.064E-07	2.800E-09	3.900E-09	1.400E-09	2.100E-09	2.925E+00	
110	10	15	1	1.000E-03	1.000E-08	2.200E-09	1.000E-09	3.066E+00	2.894E+02	2.907E+02	1.392E-07	1.851E-07	1.400E-09	5.000E-10	2.100E-09	7.000E-10	3.065E+00	
111	11	15	1	0.000E+00	1.000E-08	7.000E-10	2.000E-09	3.189E+00	2.900E+02	2.910E+02	1.246E-07	1.637E-07	2.200E-09	3.000E-10	2.300E-09	2.300E-09	3.189E+00	
112	12	15	1	0.000E+00	0.000E+00	2.500E-09	3.000E-10	3.301E+00	2.900E+02	2.911E+02	1.155E-07	1.524E-07	1.000E-10	2.100E-09	5.000E-10	4.000E-10	3.301E+00	
113	13	15	1	0.000E+00	0.000E+00	1.200E-09	3.000E-10	3.147E+00	2.901E+02	2.910E+02	1.289E-07	1.717E-07	4.400E-09	8.000E-10	8.000E-10	5.000E-10	3.147E+00	
114	14	15	1	0.000E+00	0.000E+00	0.000E+00	2.500E-09	2.972E+00	2.875E+02	2.893E+02	1.520E-07	2.014E-07	1.300E-09	6.000E-10	2.000E-10	1.700E-09	2.973E+00	
115	15	15	1	1.000E-03	1.000E-08	1.900E-09	1.300E-09	2.842E+00	2.849E+02	2.866E+02	1.693E-07	2.297E-07	1.100E-09	1.000E-09	1.200E-09	4.000E-10	2.843E+00	
116	16	15	1	0.000E+00	0.000E+00	1.100E-09	3.600E-09	2.646E+00	2.818E+02	2.837E+02	1.952E-07	2.668E-07	1.700E-09	4.000E-10	2.000E-10	1.400E-09	2.645E+00	
117	17	15	1	0.000E+00	1.000E-08	2.300E-09	0.000E+00	2.574E+00	2.820E+02	2.839E+02	2.019E-07	2.744E-07	1.000E-09	1.800E-09	2.200E-09	1.000E-09	2.573E+00	
118	16	16	1	1.000E-03	1.000E-08	2.100E-09	3.000E-10	2.622E+00	2.821E+02	2.839E+02	1.972E-07	2.691E-07	2.600E-09	2.400E-09	1.400E-09	1.800E-09	2.621E+00	
119	15	16	1	0.000E+00	0.000E+00	8.000E-10	1.700E-09	2.782E+00	2.840E+02	2.858E+02	1.784E-07	2.394E-07	7.000E-10	1.400E-09	1.000E-09	1.000E-09	2.783E+00	
120	14	16	1	0.000E+00	0.000E+00	4.000E-10	3.900E-09	2.897E+00	2.862E+02	2.882E+02	1.600E-07	2.146E-07	3.000E-09	2.500E-09	2.200E-09	1.000E-09	2.897E+00	
121	13	16	1	0.000E+00	0.000E+00	1.500E-09	0.000E+00	3.045E+00	2.891E+02	2.905E+02	1.415E-07	1.878E-07	8.000E-10	1.300E-09	3.500E-09	9.000E-10	3.047E+00	
122	12	16	1	0.000E+00	0.000E+00	2.500E-09	1.600E-09	3.136E+00	2.899E+02	2.909E+02	1.296E-07	1.731E-07	2.000E-09	1.000E-09	3.100E-09	3.200E-09	3.137E+00	
123	11	16	1	1.000E-03	1.000E-08	2.000E-09	1.600E-09	3.091E+00	2.896E+02	2.905E+02	1.365E-07	1.825E-07	1.000E-09	0.000E+00	3.300E-09	5.000E-10	3.090E+00	
124	10	16	1	0.000E+00	0.000E+00	3.000E-09	1.200E-09	2.972E+00	2.876E+02	2.895E+02	1.519E-07	2.022E-07	1.900E-09	2.000E-10	3.900E-09	7.000E-10	2.973E+00	
125	9	16	1	0.000E+00	0.000E+00	4.000E-09	2.800E-09	2.839E+00	2.853E+02	2.875E+02	1.665E-07	2.239E-07	1.000E-09	3.000E-10	3.500E-09	2.000E-09	2.838E+00	
126	8	16	1	0.000E+00	0.000E+00	2.000E-10	1.100E-09	2.751E+00	2.849E+02	2.866E+02	1.744E-07	2.356E-07	3.100E-09	2.000E-09	1.800E-09	2.600E-09	2.750E+00	
127	7	16	1	0.000E+00	1.000E-08	1.400E-09	2.000E-09	2.656E+00	2.847E+02	2.867E+02	1.818E-07	2.450E-07	4.500E-09	7.000E-10	1.900E-09	5.000E-10	2.655E+00	
128	6	16	1	0.000E+00	0.000E+00	0.000E+00	5.100E-09	2.565E+00	2.853E+02	2.871E+02	1.914E-07	2.574E-07	1.000E-10	6.000E-10	9.000E-10	4.700E-09	2.566E+00	
129	6	17	1	0.000E+00	0.000E+00	5.000E-10	8.000E-10	2.603E+00	2.862E+02	2.879E+02	1.892E-07	2.544E-07	1.800E-09	2.500E-09	1.800E-09	2.400E-09	2.603E+00	
130	7	17	1	0.000E+00	0.000E+00	1.200E-09	1.000E-09	2.654E+00	2.847E+02	2.865E+02	1.856E-07	2.506E-07	4.200E-09	1.700E-09	2.000E-09	3.000E-10	2.652E+00	
131	8	17	1	0.000E+00	0.000E+00	0.000E+00	1.500E-09	2.756E+00	2.850E+02	2.867E+02	1.765E-07	2.365E-07	2.300E-09	4.700E-09	2.200E-09	0.000E+00	2.755E+00	
132	9	17	1	1.000E-03	0.000E+00	0.000E+00	2.800E-09	2.820E+00	2.845E+02	2.864E+02	1.727E-07	2.309E-07	4.000E-09	6.000E-10	1.900E-09	4.800E-09	2.820E+00	
133	10	17	1	0.000E+00	0.000E+00	1.100E-09	2.700E-09	2.896E+00	2.859E+02	2.876E+02	1.625E-07	2.190E-07	1.100E-09	1.200E-09	2.500E-09	1.400E-09	2.896E+00	
134	11	17	1	0.000E+00	0.000E+00	2.200E-09	0.000E+00	2.996E+00	2.876E+02	2.891E+02	1.524E-07	2.038E-07	1.200E-09	1.000E-10	3.100E-09	1.200E-09	2.997E+00	
135	12	17	1	0.000E+00	0.000E+00	1.200E-09	1.000E-09	3.021E+00	2.880E+02	2.896E+02	1.481E-07	1.980E-07	1.100E-09	1.900E-09	9.000E-10	5.000E-10	3.021E+00	
136	13	17	1	0.000E+00	0.000E+00	5.000E-10	2.100E-09	2.959E+00	2.875E+02	2.889E+02	1.530E-07	2.051E-07	3.800E-09	1.300E-09	1.100E-09	1.000E-09	2.959E+00	
137	14	17	1	1.000E-03	0.000E+00	3.100E-09	1.000E-10	2.846E+00	2.852E+02	2.871E+02	1.668E-07	2.246E-07	1.300E-09	2.300E-09	2.000E-09	4.000E-10	2.846E+00	
138	15	17	1	0.000E+00	1.000E-08	1.300E-09	5.400E-09	2.767E+00	2.840E+02	2.858E+02	1.803E-07	2.441E-07	2.000E-10	1.900E-09	8.000E-10	5.300E-09	2.766E+00	
139	16	17	1	0.000E+00	0.000E+00	1.100E-09	7.000E-10	2.610E+00	2.820E+02	2.839E+02	2.009E-07	2.744E-07	2.700E-09	1.800E-09	2.000E-09	2.700E-09	2.609E+00	
140	16	18	1	0.000E+00	0.000E+00	1.000E-09	0.000E+00	2.599E+00	2.826E+02	2.846E+02	2.031E-07	2.757E-07	6.100E-09	1.400E-09	3.000E-09	2.000E-10	2.600E+00	
141	15	18	1	1.000E-03	0.000E+00	7.000E-10	4.000E-10	2.694E+00	2.832E+02	2.850E+02	1.915E-07	2.601E-07	5.900E-09	4.000E-10	3.300E-09	9.000E-10	2.694E+00	
142	14	18	1	0.000E+00	1.000E-08	1.100E-09	1.400E-09	2.774E+00	2.843E+02	2.861E+02	1.777E-07	2.385E-07	4.000E-09	4.600E-09	2.500E-09	1.400E-09	2.775E+00	
143	13	18	1	1.000E-03	0.000E+00	2.400E-09	1.600E-09	2.865E+00	2.853E+02	2.869E+02	1.659E-07	2.240E-07	2.200E-09	1.200E-09	5.000E-10	6.000E-10	2.865E+00	
144	12	18	1	1.000E-03	0.000E+00	2.100E-09	2.100E-09	2.907E+00	2.857E+02	2.875E+02	1.613E-07	2.169E-07	3.000E-10	1.400E-09	3.200E-09	8.000E-10	2.907E+00	
145	11	18	1	1.000E-03	1.000E-08	9.000E-10	4.500E-09	2.872E+00	2.852E+02	2.869E+02	1.664E-07	2.246E-07	1.200E-09	2.200E-09	1.700E-09	3.600E-09	2.873E+00	
146	10	18	1	0.000E+00	1.000E-08	2.700E-09	2.000E-09	2.817E+00	2.839E+02	2.858E+02	1.743E-07	2.371E-07	2.300E-09	2.200E-09	8.000E-10	2.700E-09	2.817E+00	
147	9	18	1	0.000E+00	0.000E+00	2.500E-09	2.600E-09	2.791E+00	2.839E+02	2.857E+02	1.789E-07	2.431E-07	2.000E-10	5.000E-10	6.000E-10	1.600E-09	2.791E+00	
148	8	18	1	1.000E-03	1.000E-08	2.600E-09	2.700E-09	2.742E+00	2.850E+02	2.868E+02	1.800E-07	2.428E-07	1.000E-09	1.900E-09	4.900E-09	4.000E-09	2.742E+00	
149	7	18	1	0.000E+00	1.000E-08	6.000E-10	2.800E-09	2.626E+00	2.843E+02	2.863E+02	1.925E-07	2.605E-07	1.700E-09	2.000E-10	1.000E-09	5.600E-09	2.626E+00	
150	6	18	1	0.000E+00	0.000E+00	1.000E-10	1.300E-09	2.581E+00	2.853E+02	2.878E+02	1.947E-07	2.606E-07	1.500E-09	1.000E-09	2.000E-10	1.000E-10	2.581E+00	
151	7	19	1	0.000E+00	0.000E+00	2.200E-09	1.100E-09	2.623E+00	2.855E+02	2.872E+02	1.938E-07	2.593E-07	1.500E-09	3.800E-09	2.300E-09	6.000E-10	2.623E+00	
152	8	19	1	0.000E+00	1.000E-08	6.000E-10	2.500E-09	2.679E+00	2.835E+02	2.855E+02	1.950E-07	2.626E-07	1.400E-09	2.000E-09	1.000E-10	3.200E-09	2.679E+00	
153	9	19	1	0.000E+00	0.000E+00	4.000E-10	3.200E-09	2.769E+00	2.834E+02	2.853E+02	1.874E-07	2.539E-07	2.200E-09	1.000E-09	2.000E-10	3.500E-09	2.769E+00	
154	10	19	1	1.000E-03	0.000E+00	7.000E-10	2.300E-09	2.810E+00	2.834E+02	2.853E+02	1.823E-07	2.451E-07	3.600E-09	1.100E-09	2.800E-09	5.500E-09	2.812E+00	
155	11	19	1	1.000E-03	1.000E-08	1.200E-09	8.000E-10	2.832E+00	2.845E+02	2.863E+02	1.745E-07	2.341E-07	3.500E-09	1.500E-09	1.000E-10	2.100E-09	2.833E+00	
156	12	19	1	1.000E-03	0.000E+00	1.400E-09	8.000E-10	2.855E+00	2.849E+02	2.867E+02	1.709E-07	2.288E-07	1.800E-09	2.300E-09	1.000E-10	2.700E-09	2.854E+00	
157	13	19	1	0.000E+00	1.000E-08	4.000E-10	3.600E-09	2.812E+00	2.843E+02	2.860E+02	1.769E-07	2.383E-07	2.900E-09	5.700E-09	1.100E-09	1.400E-09	2.812E+00	
158	14	19	1	0.000E+00	1.000E-08	1.700E-09	6.600E-09	2.719E+00	2.836E+02	2.855E+02	1.886E-07	2.542E-07	4.000E-09	2.400E-09	2.300E-09	5.200E-09	2.719E+00	
159	15	19	1	0.000E+00	0.000E+00	1.000E-09	2.000E-10	2.673E+00	2.834E+02	2.853E+02	1.946E-07	2.638E-07	5.400E-09	1.800E-09	2.600E-09	1.400E-09	2.673E+00	
160	15	20	1	1.000E-03	1.000E-08	8.000E-10	3.100E-09	2.643E+00	2.849E+02	2.871E+02	1.914E-07	2.564E-07	4.400E-09	3.700E-09	2.000E-09	4.000E-10	2.643E+00	
161	14	20	1	0.000E+00	0.000E+00	2.400E-09	2.800E-09	2.659E+00	2.835E+02	2.854E+02	1.943E-07	2.634E-07	1.700E-09	2.700E-09	3.600E-09	1.200E-09	2.659E+00	
162	13	20	1	0.000E+00	0.000E+00	2.100E-09	1.300E-09	2.722E+00	2.836E+02	2.854E+02	1.874E-07	2.541E-07	2.200E-09	7.000E-10	3.800E-09	1.800E-09	2.721E+00	
163	12	20	1	0.000E+00	0.000E+00	1.300E-09	1.100E-09	2.779E+00	2.840E+02	2.859E+02	1.815E-07	2.468E-07	1.000E-09	1.500E-09	2.000E-09	8.000E-10	2.779E+00	
164	11	20	1	0.000E+00	0.000E+00	2.000E-10	7.000E-10	2.772E+00	2.840E+02	2.858E+02	1.834E-07	2.478E-07	3.700E-09	1.000E-09	2.400E-09	2.000E-10	2.772E+00	
165	10	20	1	0.000E+00	0.000E+00	6.000E-10	0.000E+00	2.745E+00	2.832E+02	2.851E+02	1.889E-07	2.568E-07	4.900E-09	1.400E-09	3.200E-09	1.900E-09	2.745E+00	
166	9	20	1	0.000E+00	0.000E+00	1.000E-09	3.500E-09	2.694E+00	2.830E+02	2.848E+02	1.963E-07	2.672E-07	6.000E-10	0.000E+00	2.200E-09	3.700E-09	2.694E+00	
167	8	20	1	0.000E+00	1.000E-08	3.900E-09	3.000E-09	2.653E+00	2.848E+02	2.867E+02	1.943E-07	2.616E-07	1.800E-09	1.600E-09	3.900E-09	3.000E-10	2.652E+00	
168	7	20	1	0.000E+00	1.000E-08	1.800E-09	2.800E-09	2.576E+00	2.815E+02	2.864E+02	1.948E-07	2.653E-07	2.300E-09	1.500E-09	2.100E-09	2.300E-09	2.575E+00	
169	8	21	1	0.000E+00	0.000E+00	4.000E-10	5.000E-10	2.657E+00	2.847E+02	2.874E+02	1.916E-07	2.598E-07	2.800E-09	4.000E-10	2.000E-10	1.000E-09	2.657E+00	
170	9	21	1	0.000E+00	0.000E+00	5.000E-10	2.900E-09	2.694E+00	2.849E+02	2.866E+02	1.918E-07	2.598E-07	1.300E-09	1.400E-09	1.000E-09	1.800E-09	2.694E+00	
171	10	21	1	1.000E-03	0.000E+00	2.100E-09	8.000E-10	2.716E+00	2.839E+02	2.857E+02	1.908E-07	2.587E-07	2.200E-09	3.600E-09	2.600E-09	4.000E-10	2.716E+00	
172	11	21	1	0.000E+00	0.000E+00	2.000E-09	1.600E-09	2.731E+00	2.845E+02	2.862E+02	1.862E-07	2.512E-07	2.600E-09	3.900E-09	1.900E-09	2.000E-09	2.731E+00	
173	12	21	1	0.000E+00	1.000E-08	1.100E-09	2.200E-09	2.756E+00	2.847E+02	2.864E+02	1.838E-07	2.481E-07	3.900E-09	4.500E-09	1.000E-10	3.000E-09	2.756E+00	
174	13	21	1	0.000E+00	1.000E-08	2.300E-09	8.000E-10	2.717E+00	2.846E+02	2.864E+02	1.878E-07	2.529E-07	1.600E-09	1.500E-09	6.000E-10	0.000E+00	2.716E+00	
175	14	21	1	0.000E+00	0.000E+00	6.000E-10	5.000E-09	2.676E+00	2.859E+02	2.877E+02	1.872E-07	2.489E-07	4.300E-09	7.000E-10	2.100E-09	4.000E-09	2.676E+00	
176	12	22	1	0.000E+00	1.000E-08	1.700E-09	9.000E-10	2.788E+00	2.868E+02	2.887E+02	1.744E-07	2.352E-07	2.900E-09	1.700E-09	9.000E-10	1.600E-09	2.787E+00	
177	11	22	1	0.000E+00	0.000E+00	2.000E-09	4.000E-10	2.757E+00	2.853E+02	2.871E+02	1.802E-07	2.455E-07	3.100E-09	2.200E-09	1.000E-10	5.000E-10	2.757E+00	
178	10	22	1	0.000E+00	0.000E+00	2.100E-09	8.000E-10	2.729E+00	2.858E+02	2.874E+02	1.814E-07	2.471E-07	1.600E-09	2.200E-09	3.700E-09	9.000E-10	2.728E+00	
