Program name	ME58P82_G0A89BA.jtf
Lot number	FA55-4307-327A-250501@203
Wafer number	16
Date	2025/05/01
Time	05:54:38

No.U	X	Y	Bin	CONT	IGSS0	IGSS10	ISGS10	VTH0.25	BVDSS0.25	BVDSS10	IDSS240	IDSS250	IGSS16	ISGS16	IGSS18	ISGS18	VTH0.25_2
LimitU				0.500V	99.00uA	100.0nA	100.0nA	4.500V	300.0V	300.0V	800.0nA	800.0nA	200.0nA	200.0nA	200.0nA	200.0nA	4.500V	
LimitL				0V	0A	0A	0A	2.500V	250.0V	250.0V	0A	0A	0A	0A	0A	0A	2.500V	
Bias 1				1.00mA	1.00V	10.0V	10.0V	250uA	250uA	10.0mA	240V	250V	16.0V	16.0V	18.0V	18.0V	250uA
Bias 2				
Bias 3									350V	350V
Bias 4				2.50ms	10.0ms	40.0ms	40.0ms	2.00ms	20.0ms	10.0ms	20.0ms	20.0ms	40.0ms	40.0ms	40.0ms	40.0ms	2.00ms	
Bias 5				
Bias 6				
1	9	5	1	0.000E+00	0.000E+00	1.700E-09	4.500E-09	2.642E+00	2.849E+02	2.868E+02	1.906E-07	2.563E-07	1.800E-09	1.800E-09	1.000E-10	6.800E-09	2.642E+00	
2	10	5	1	0.000E+00	0.000E+00	1.100E-09	3.300E-09	2.605E+00	2.844E+02	2.862E+02	1.930E-07	2.600E-07	1.300E-09	1.000E-10	2.800E-09	2.600E-09	2.605E+00	
3	11	5	1	0.000E+00	0.000E+00	2.600E-09	8.000E-10	2.580E+00	2.850E+02	2.867E+02	1.891E-07	2.531E-07	2.800E-09	3.400E-09	1.700E-09	6.000E-10	2.580E+00	
4	12	5	1	0.000E+00	0.000E+00	1.100E-09	1.000E-10	2.624E+00	2.853E+02	2.874E+02	1.871E-07	2.491E-07	1.400E-09	1.500E-09	0.000E+00	1.100E-09	2.624E+00	
5	13	5	1	1.000E-03	0.000E+00	1.000E-10	1.000E-09	2.622E+00	2.858E+02	2.877E+02	1.885E-07	2.500E-07	1.500E-09	3.300E-09	4.000E-10	3.000E-09	2.622E+00	
6	14	6	1	0.000E+00	0.000E+00	7.000E-10	2.200E-09	2.540E+00	2.832E+02	2.852E+02	2.004E-07	2.701E-07	4.700E-09	1.000E-10	1.100E-09	4.400E-09	2.541E+00	
7	13	6	1	1.000E-03	1.000E-08	1.900E-09	4.000E-10	2.565E+00	2.824E+02	2.843E+02	2.028E-07	2.720E-07	2.500E-09	2.700E-09	1.000E-10	3.200E-09	2.564E+00	
8	12	6	1	1.000E-03	0.000E+00	1.300E-09	6.000E-10	2.595E+00	2.826E+02	2.846E+02	1.973E-07	2.676E-07	9.000E-10	1.200E-09	2.800E-09	7.000E-10	2.596E+00	
9	11	6	1	0.000E+00	0.000E+00	1.700E-09	3.000E-10	2.593E+00	2.821E+02	2.840E+02	2.009E-07	2.711E-07	1.600E-09	2.000E-09	5.000E-10	4.000E-10	2.593E+00	
10	10	6	1	0.000E+00	0.000E+00	1.700E-09	1.600E-09	2.589E+00	2.810E+02	2.829E+02	2.076E-07	2.820E-07	9.000E-10	7.300E-09	7.000E-10	2.100E-09	2.589E+00	
11	9	6	1	1.000E-03	0.000E+00	6.000E-10	6.000E-10	2.585E+00	2.818E+02	2.839E+02	2.061E-07	2.805E-07	3.500E-09	2.000E-09	0.000E+00	2.000E-10	2.585E+00	
12	8	6	1	0.000E+00	0.000E+00	1.700E-09	3.000E-09	2.577E+00	2.836E+02	2.856E+02	2.034E-07	2.738E-07	1.900E-09	8.000E-10	1.300E-09	1.400E-09	2.577E+00	
13	7	7	1	0.000E+00	0.000E+00	6.000E-10	2.700E-09	2.588E+00	2.841E+02	2.860E+02	2.041E-07	2.740E-07	2.600E-09	3.600E-09	2.300E-09	2.600E-09	2.588E+00	
14	8	7	1	1.000E-03	1.000E-08	1.000E-10	1.200E-09	2.549E+00	2.818E+02	2.840E+02	2.120E-07	2.849E-07	1.800E-09	1.100E-09	6.000E-10	8.000E-10	2.549E+00	
15	9	7	1	0.000E+00	0.000E+00	2.100E-09	1.000E-09	2.642E+00	2.817E+02	2.837E+02	2.047E-07	2.788E-07	3.200E-09	1.700E-09	3.000E-10	2.000E-09	2.640E+00	
16	10	7	1	0.000E+00	0.000E+00	3.200E-09	1.700E-09	2.669E+00	2.818E+02	2.836E+02	1.983E-07	2.706E-07	3.100E-09	2.000E-09	2.500E-09	2.100E-09	2.669E+00	
17	11	7	1	0.000E+00	0.000E+00	4.400E-09	3.000E-10	2.700E+00	2.826E+02	2.844E+02	1.927E-07	2.616E-07	5.000E-10	7.000E-10	3.200E-09	7.000E-10	2.700E+00	
18	12	7	1	0.000E+00	0.000E+00	1.000E-09	2.300E-09	2.725E+00	2.835E+02	2.856E+02	1.844E-07	2.495E-07	3.800E-09	4.300E-09	1.100E-09	1.800E-09	2.725E+00	
19	13	7	1	1.000E-03	0.000E+00	1.500E-09	5.700E-09	2.620E+00	2.822E+02	2.841E+02	1.991E-07	2.680E-07	3.400E-09	1.500E-09	2.600E-09	5.000E-09	2.620E+00	
20	14	7	1	0.000E+00	1.000E-08	1.100E-09	1.800E-09	2.553E+00	2.813E+02	2.833E+02	2.074E-07	2.809E-07	4.100E-09	1.100E-09	1.400E-09	6.000E-10	2.553E+00	
21	15	7	1	0.000E+00	0.000E+00	6.000E-10	1.000E-09	2.572E+00	2.820E+02	2.843E+02	2.050E-07	2.774E-07	2.900E-09	7.000E-10	7.000E-10	3.700E-09	2.572E+00	
22	16	8	1	0.000E+00	1.000E-08	1.900E-09	8.000E-10	2.544E+00	2.817E+02	2.837E+02	2.103E-07	2.844E-07	1.700E-09	1.000E-09	2.000E-10	1.800E-09	2.544E+00	
23	15	8	1	1.000E-03	0.000E+00	2.700E-09	0.000E+00	2.563E+00	2.810E+02	2.833E+02	2.063E-07	2.802E-07	2.000E-09	1.600E-09	1.800E-09	6.000E-10	2.562E+00	
24	14	8	1	0.000E+00	1.000E-08	2.700E-09	1.000E-09	2.623E+00	2.817E+02	2.838E+02	1.982E-07	2.683E-07	1.500E-09	2.000E-09	6.000E-10	0.000E+00	2.623E+00	
25	13	8	1	0.000E+00	0.000E+00	1.100E-09	4.000E-10	2.717E+00	2.833E+02	2.852E+02	1.865E-07	2.507E-07	1.700E-09	3.300E-09	2.000E-10	8.000E-10	2.717E+00	
26	12	8	1	1.000E-03	0.000E+00	1.100E-09	1.500E-09	2.809E+00	2.844E+02	2.862E+02	1.773E-07	2.398E-07	5.200E-09	1.000E-09	2.700E-09	1.000E-10	2.810E+00	
27	11	8	1	0.000E+00	0.000E+00	1.800E-09	4.600E-09	2.795E+00	2.840E+02	2.858E+02	1.798E-07	2.430E-07	1.200E-09	6.000E-10	2.400E-09	5.200E-09	2.795E+00	
28	10	8	1	0.000E+00	0.000E+00	8.000E-10	3.900E-09	2.722E+00	2.824E+02	2.845E+02	1.908E-07	2.593E-07	1.700E-09	0.000E+00	2.100E-09	2.100E-09	2.722E+00	
29	9	8	1	0.000E+00	0.000E+00	1.000E-09	5.000E-10	2.682E+00	2.819E+02	2.839E+02	2.001E-07	2.707E-07	3.900E-09	3.900E-09	6.000E-10	1.500E-09	2.682E+00	
30	8	8	1	0.000E+00	1.000E-08	1.600E-09	5.900E-09	2.599E+00	2.810E+02	2.831E+02	2.122E-07	2.876E-07	3.200E-09	3.200E-09	2.000E-09	5.100E-09	2.599E+00	
31	7	8	1	1.000E-03	1.000E-08	3.000E-10	1.900E-09	2.552E+00	2.821E+02	2.842E+02	2.116E-07	2.849E-07	4.500E-09	4.800E-09	1.300E-09	9.000E-10	2.552E+00	
32	6	9	1	0.000E+00	0.000E+00	3.500E-09	2.400E-09	2.546E+00	2.860E+02	2.881E+02	1.909E-07	2.537E-07	5.000E-10	1.900E-09	4.900E-09	0.000E+00	2.547E+00	
33	7	9	1	1.000E-03	1.000E-08	1.700E-09	2.000E-10	2.594E+00	2.817E+02	2.838E+02	2.088E-07	2.833E-07	1.300E-09	4.000E-10	6.000E-10	5.000E-10	2.593E+00	
34	8	9	1	1.000E-03	1.000E-08	2.200E-09	1.200E-09	2.669E+00	2.820E+02	2.839E+02	2.015E-07	2.743E-07	2.100E-09	2.300E-09	1.400E-09	7.000E-10	2.670E+00	
35	9	9	1	1.000E-03	1.000E-08	3.000E-09	2.200E-09	2.767E+00	2.829E+02	2.852E+02	1.879E-07	2.545E-07	3.000E-10	1.000E-10	3.400E-09	1.100E-09	2.767E+00	
36	10	9	1	0.000E+00	0.000E+00	1.300E-09	1.700E-09	2.868E+00	2.854E+02	2.874E+02	1.733E-07	2.311E-07	2.100E-09	1.500E-09	1.500E-09	3.900E-09	2.868E+00	
37	11	9	1	1.000E-03	0.000E+00	9.000E-10	2.100E-09	3.009E+00	2.885E+02	2.899E+02	1.545E-07	2.052E-07	2.400E-09	6.700E-09	5.000E-10	2.100E-09	3.009E+00	
38	12	9	1	0.000E+00	0.000E+00	1.000E-09	3.000E-09	3.071E+00	2.895E+02	2.903E+02	1.463E-07	1.954E-07	2.700E-09	2.500E-09	4.000E-10	2.800E-09	3.071E+00	
39	13	9	1	0.000E+00	0.000E+00	3.700E-09	5.000E-10	2.973E+00	2.875E+02	2.889E+02	1.577E-07	2.112E-07	4.000E-10	7.000E-10	3.300E-09	1.000E-09	2.973E+00	
40	14	9	1	0.000E+00	0.000E+00	1.700E-09	2.000E-10	2.819E+00	2.842E+02	2.863E+02	1.756E-07	2.367E-07	7.000E-10	1.000E-09	1.000E-10	3.000E-10	2.819E+00	
41	15	9	1	0.000E+00	0.000E+00	3.600E-09	1.500E-09	2.661E+00	2.820E+02	2.837E+02	1.975E-07	2.686E-07	1.200E-09	2.100E-09	1.000E-10	2.000E-10	2.661E+00	
42	16	9	1	0.000E+00	0.000E+00	3.000E-10	2.100E-09	2.560E+00	2.802E+02	2.821E+02	2.141E-07	2.920E-07	1.700E-09	1.100E-09	3.000E-10	1.800E-09	2.560E+00	
43	16	10	1	0.000E+00	0.000E+00	2.700E-09	2.000E-10	2.598E+00	2.798E+02	2.817E+02	2.112E-07	2.896E-07	2.300E-09	1.100E-09	8.000E-10	1.000E-10	2.597E+00	
44	15	10	1	1.000E-03	0.000E+00	3.500E-09	0.000E+00	2.804E+00	2.837E+02	2.853E+02	1.822E-07	2.473E-07	1.300E-09	1.100E-09	2.500E-09	0.000E+00	2.805E+00	
45	14	10	1	1.000E-03	1.000E-08	7.000E-10	3.400E-09	3.049E+00	2.876E+02	2.894E+02	1.490E-07	2.003E-07	2.000E-10	5.000E-10	5.000E-10	4.700E-09	3.049E+00	
46	13	10	1	1.000E-03	1.000E-08	3.000E-10	2.200E-09	3.294E+00	2.896E+02	2.907E+02	1.240E-07	1.654E-07	1.000E-09	3.000E-10	0.000E+00	4.000E-10	3.296E+00	
47	12	10	1	0.000E+00	0.000E+00	9.000E-10	1.000E-10	3.408E+00	2.899E+02	2.910E+02	1.138E-07	1.518E-07	2.000E-10	9.000E-10	1.300E-09	1.300E-09	3.408E+00	
48	11	10	1	0.000E+00	0.000E+00	2.000E-09	1.700E-09	3.338E+00	2.900E+02	2.911E+02	1.182E-07	1.569E-07	3.200E-09	3.700E-09	4.000E-10	1.600E-09	3.339E+00	
49	10	10	1	0.000E+00	0.000E+00	0.000E+00	1.000E-09	3.123E+00	2.900E+02	2.910E+02	1.382E-07	1.838E-07	2.500E-09	3.000E-09	3.000E-10	3.000E-10	3.123E+00	
50	9	10	1	0.000E+00	1.000E-08	3.900E-09	1.400E-09	2.881E+00	2.853E+02	2.878E+02	1.699E-07	2.274E-07	2.300E-09	1.400E-09	1.000E-10	4.000E-10	2.881E+00	
51	8	10	1	1.000E-03	0.000E+00	3.000E-10	3.900E-09	2.732E+00	2.828E+02	2.847E+02	1.941E-07	2.614E-07	3.500E-09	3.600E-09	1.000E-09	4.400E-09	2.732E+00	
52	7	10	1	0.000E+00	0.000E+00	7.000E-10	3.100E-09	2.611E+00	2.821E+02	2.841E+02	2.052E-07	2.766E-07	1.700E-09	4.100E-09	4.000E-10	2.700E-09	2.611E+00	
53	6	10	1	0.000E+00	2.000E-08	1.000E-09	0.000E+00	2.558E+00	2.850E+02	2.870E+02	1.945E-07	2.596E-07	5.700E-09	8.000E-10	1.700E-09	0.000E+00	2.558E+00	
54	6	11	1	0.000E+00	0.000E+00	1.500E-09	1.200E-09	2.609E+00	2.847E+02	2.866E+02	1.943E-07	2.604E-07	3.300E-09	5.100E-09	0.000E+00	2.200E-09	2.610E+00	
55	7	11	1	0.000E+00	1.000E-08	1.800E-09	1.200E-09	2.654E+00	2.831E+02	2.850E+02	1.962E-07	2.652E-07	2.500E-09	2.500E-09	1.800E-09	1.600E-09	2.655E+00	
56	8	11	1	1.000E-03	0.000E+00	8.000E-10	4.000E-10	2.820E+00	2.847E+02	2.864E+02	1.810E-07	2.423E-07	1.200E-09	1.600E-09	1.000E-09	1.400E-09	2.820E+00	
57	9	11	1	0.000E+00	0.000E+00	1.600E-09	2.200E-09	3.118E+00	2.896E+02	2.908E+02	1.403E-07	1.866E-07	3.100E-09	4.300E-09	2.000E-09	1.500E-09	3.118E+00	
58	10	11	1	0.000E+00	1.000E-08	0.000E+00	1.500E-09	3.420E+00	2.901E+02	2.911E+02	1.125E-07	1.491E-07	3.200E-09	5.100E-09	2.000E-10	1.900E-09	3.420E+00	
59	11	11	1	0.000E+00	0.000E+00	4.000E-10	2.300E-09	3.585E+00	2.900E+02	2.909E+02	1.010E-07	1.335E-07	1.800E-09	1.800E-09	4.000E-10	1.000E-10	3.585E+00	
60	12	11	1	0.000E+00	1.000E-08	1.500E-09	2.300E-09	3.645E+00	2.898E+02	2.908E+02	9.890E-08	1.300E-07	7.000E-10	4.600E-09	6.000E-10	1.300E-09	3.644E+00	
61	13	11	1	1.000E-03	0.000E+00	1.100E-09	8.000E-10	3.568E+00	2.895E+02	2.906E+02	1.051E-07	1.382E-07	1.800E-09	1.200E-09	5.000E-10	2.400E-09	3.568E+00	
62	14	11	1	0.000E+00	0.000E+00	1.200E-09	7.000E-10	3.318E+00	2.892E+02	2.902E+02	1.231E-07	1.632E-07	4.800E-09	3.900E-09	2.600E-09	1.100E-09	3.317E+00	
63	15	11	1	1.000E-03	0.000E+00	1.800E-09	7.000E-10	2.995E+00	2.862E+02	2.877E+02	1.614E-07	2.167E-07	3.000E-09	2.900E-09	7.000E-10	9.000E-10	2.995E+00	
64	16	11	1	0.000E+00	1.000E-08	2.800E-09	7.000E-10	2.694E+00	2.809E+02	2.829E+02	1.990E-07	2.704E-07	2.400E-09	7.700E-09	1.000E-10	1.000E-10	2.694E+00	
65	17	11	1	0.000E+00	1.000E-08	1.100E-09	2.800E-09	2.612E+00	2.808E+02	2.826E+02	2.060E-07	2.809E-07	3.400E-09	0.000E+00	1.200E-09	3.900E-09	2.613E+00	
66	17	12	1	0.000E+00	0.000E+00	1.200E-09	4.100E-09	2.621E+00	2.803E+02	2.823E+02	2.062E-07	2.821E-07	4.100E-09	1.600E-09	0.000E+00	4.000E-09	2.620E+00	
67	16	12	1	0.000E+00	1.000E-08	8.000E-10	9.000E-10	2.736E+00	2.816E+02	2.836E+02	1.908E-07	2.602E-07	4.000E-09	0.000E+00	8.000E-10	1.000E-09	2.736E+00	
68	15	12	1	0.000E+00	0.000E+00	5.000E-10	3.000E-09	3.094E+00	2.878E+02	2.889E+02	1.466E-07	1.970E-07	4.800E-09	9.000E-10	1.700E-09	6.000E-10	3.094E+00	
69	14	12	1	0.000E+00	0.000E+00	3.300E-09	6.000E-10	3.463E+00	2.890E+02	2.900E+02	1.111E-07	1.476E-07	6.000E-10	1.800E-09	3.800E-09	3.000E-10	3.463E+00	
70	13	12	1	0.000E+00	0.000E+00	2.100E-09	8.000E-10	3.661E+00	2.893E+02	2.902E+02	9.930E-08	1.317E-07	0.000E+00	2.500E-09	4.600E-09	1.400E-09	3.661E+00	
71	12	12	1	0.000E+00	0.000E+00	2.500E-09	7.000E-10	3.708E+00	2.896E+02	2.907E+02	9.520E-08	1.266E-07	8.000E-10	2.000E-10	3.700E-09	0.000E+00	3.708E+00	
72	11	12	1	1.000E-03	0.000E+00	2.400E-09	4.000E-10	3.674E+00	2.898E+02	2.908E+02	9.630E-08	1.282E-07	1.600E-09	1.400E-09	3.900E-09	1.700E-09	3.674E+00	
73	10	12	1	0.000E+00	0.000E+00	2.000E-09	2.500E-09	3.573E+00	2.901E+02	2.910E+02	1.016E-07	1.349E-07	3.500E-09	3.100E-09	1.300E-09	2.700E-09	3.572E+00	
74	9	12	1	1.000E-03	1.000E-08	1.800E-09	2.800E-09	3.297E+00	2.902E+02	2.913E+02	1.220E-07	1.612E-07	3.300E-09	4.300E-09	1.800E-09	1.000E-09	3.297E+00	
75	8	12	1	0.000E+00	0.000E+00	2.700E-09	2.500E-09	2.902E+00	2.865E+02	2.885E+02	1.669E-07	2.236E-07	6.000E-10	9.000E-10	3.400E-09	3.000E-10	2.901E+00	
76	7	12	1	0.000E+00	0.000E+00	3.600E-09	1.600E-09	2.665E+00	2.833E+02	2.852E+02	1.948E-07	2.623E-07	0.000E+00	1.500E-09	4.200E-09	1.300E-09	2.665E+00	
77	6	12	1	0.000E+00	0.000E+00	1.400E-09	7.000E-10	2.596E+00	2.839E+02	2.860E+02	1.990E-07	2.671E-07	5.000E-10	6.000E-10	3.300E-09	2.700E-09	2.596E+00	
78	5	12	1	1.000E-03	0.000E+00	8.000E-10	2.000E-09	2.548E+00	2.880E+02	2.900E+02	1.797E-07	2.386E-07	3.500E-09	5.000E-09	3.000E-10	2.300E-09	2.547E+00	
79	5	13	1	1.000E-03	0.000E+00	3.500E-09	9.000E-10	2.539E+00	2.876E+02	2.897E+02	1.818E-07	2.419E-07	8.000E-10	2.100E-09	7.000E-10	1.300E-09	2.540E+00	
80	6	13	1	0.000E+00	1.000E-08	1.100E-09	0.000E+00	2.614E+00	2.841E+02	2.860E+02	1.969E-07	2.628E-07	1.600E-09	2.000E-09	0.000E+00	9.000E-10	2.614E+00	
81	7	13	1	0.000E+00	0.000E+00	2.100E-09	4.000E-10	2.712E+00	2.841E+02	2.860E+02	1.883E-07	2.528E-07	3.900E-09	1.300E-09	1.600E-09	1.500E-09	2.713E+00	
82	8	13	1	1.000E-03	0.000E+00	2.500E-09	7.000E-10	2.986E+00	2.882E+02	2.899E+02	1.558E-07	2.084E-07	1.400E-09	0.000E+00	7.000E-10	1.400E-09	2.985E+00	
83	9	13	1	0.000E+00	1.000E-08	3.000E-10	3.300E-09	3.454E+00	2.902E+02	2.913E+02	1.105E-07	1.466E-07	3.300E-09	1.000E-09	1.800E-09	4.300E-09	3.454E+00	
84	10	13	1	0.000E+00	2.000E-08	1.600E-09	4.000E-10	3.682E+00	2.900E+02	2.911E+02	9.700E-08	1.292E-07	1.200E-09	1.400E-09	7.000E-10	7.000E-10	3.683E+00	
85	11	13	1	1.000E-03	0.000E+00	3.000E-10	1.200E-09	3.724E+00	2.897E+02	2.907E+02	9.600E-08	1.262E-07	2.500E-09	4.400E-09	2.600E-09	1.000E-09	3.724E+00	
86	12	13	1	1.000E-03	0.000E+00	2.800E-09	2.600E-09	3.749E+00	2.896E+02	2.904E+02	9.570E-08	1.284E-07	3.700E-09	2.800E-09	2.200E-09	2.500E-09	3.748E+00	
87	13	13	1	0.000E+00	0.000E+00	3.000E-10	2.100E-09	3.718E+00	2.893E+02	2.900E+02	9.770E-08	1.298E-07	3.000E-09	1.200E-09	5.000E-10	1.800E-09	3.719E+00	
88	14	13	1	0.000E+00	0.000E+00	1.600E-09	1.800E-09	3.568E+00	2.889E+02	2.900E+02	1.057E-07	1.398E-07	2.800E-09	3.800E-09	6.000E-10	1.500E-09	3.568E+00	
89	15	13	1	0.000E+00	0.000E+00	3.100E-09	3.200E-09	3.196E+00	2.883E+02	2.892E+02	1.376E-07	1.839E-07	7.000E-10	4.000E-10	3.000E-10	2.200E-09	3.195E+00	
90	16	13	1	0.000E+00	1.000E-08	0.000E+00	3.000E-09	2.795E+00	2.816E+02	2.837E+02	1.883E-07	2.547E-07	3.800E-09	5.800E-09	4.000E-10	1.000E-09	2.796E+00	
91	17	13	1	0.000E+00	1.000E-08	5.000E-10	2.500E-09	2.644E+00	2.799E+02	2.818E+02	2.071E-07	2.831E-07	3.900E-09	1.100E-09	0.000E+00	4.000E-10	2.645E+00	
92	17	14	1	0.000E+00	1.000E-08	2.000E-10	8.000E-10	2.638E+00	2.792E+02	2.811E+02	2.094E-07	2.882E-07	4.400E-09	1.000E-09	2.300E-09	7.000E-10	2.639E+00	
93	16	14	1	1.000E-03	0.000E+00	2.000E-10	6.000E-09	2.785E+00	2.810E+02	2.832E+02	1.901E-07	2.591E-07	1.300E-09	9.000E-10	3.900E-09	4.900E-09	2.785E+00	
94	15	14	1	0.000E+00	0.000E+00	7.000E-10	2.900E-09	3.170E+00	2.882E+02	2.889E+02	1.408E-07	1.893E-07	3.200E-09	2.200E-09	6.000E-10	2.200E-09	3.170E+00	
95	14	14	1	0.000E+00	0.000E+00	7.000E-10	1.700E-09	3.582E+00	2.891E+02	2.900E+02	1.051E-07	1.391E-07	2.900E-09	5.100E-09	2.000E-10	1.000E-10	3.583E+00	
96	13	14	1	0.000E+00	1.000E-08	1.100E-09	0.000E+00	3.706E+00	2.893E+02	2.901E+02	9.880E-08	1.292E-07	4.000E-09	6.000E-10	2.100E-09	1.900E-09	3.706E+00	
97	12	14	1	0.000E+00	0.000E+00	2.100E-09	1.700E-09	3.740E+00	2.896E+02	2.903E+02	9.480E-08	1.270E-07	3.800E-09	8.000E-10	1.500E-09	6.000E-10	3.740E+00	
98	11	14	1	0.000E+00	0.000E+00	1.000E-09	3.400E-09	3.721E+00	2.897E+02	2.905E+02	9.600E-08	1.265E-07	1.100E-09	2.000E-09	3.000E-10	1.700E-09	3.721E+00	
99	10	14	1	0.000E+00	0.000E+00	1.600E-09	3.200E-09	3.687E+00	2.899E+02	2.909E+02	9.720E-08	1.296E-07	2.900E-09	0.000E+00	9.000E-10	2.400E-09	3.687E+00	
100	9	14	1	0.000E+00	1.000E-08	1.600E-09	5.400E-09	3.473E+00	2.900E+02	2.912E+02	1.086E-07	1.442E-07	0.000E+00	6.000E-10	1.600E-09	2.600E-09	3.473E+00	
101	8	14	1	0.000E+00	0.000E+00	2.100E-09	1.100E-09	3.027E+00	2.887E+02	2.903E+02	1.483E-07	1.980E-07	0.000E+00	3.000E-10	3.100E-09	1.700E-09	3.027E+00	
102	7	14	1	0.000E+00	0.000E+00	3.100E-09	2.000E-10	2.710E+00	2.843E+02	2.862E+02	1.863E-07	2.499E-07	1.000E-09	2.800E-09	4.000E-10	6.000E-10	2.710E+00	
103	6	14	1	0.000E+00	1.000E-08	2.800E-09	2.000E-09	2.619E+00	2.842E+02	2.861E+02	1.957E-07	2.600E-07	3.600E-09	1.000E-09	2.600E-09	2.500E-09	2.619E+00	
104	5	14	1	0.000E+00	1.000E-08	1.000E-10	1.400E-09	2.583E+00	2.875E+02	2.894E+02	1.830E-07	2.409E-07	2.800E-09	2.800E-09	1.100E-09	4.000E-09	2.584E+00	
105	5	15	1	0.000E+00	0.000E+00	3.000E-10	7.000E-10	2.622E+00	2.877E+02	2.894E+02	1.790E-07	2.368E-07	1.000E-09	2.000E-10	2.000E-10	3.000E-10	2.621E+00	
106	6	15	1	0.000E+00	0.000E+00	1.000E-10	6.000E-10	2.679E+00	2.851E+02	2.869E+02	1.890E-07	2.523E-07	5.200E-09	1.200E-09	1.000E-10	1.400E-09	2.680E+00	
107	7	15	1	0.000E+00	0.000E+00	7.000E-10	4.100E-09	2.728E+00	2.844E+02	2.863E+02	1.845E-07	2.478E-07	1.000E-10	1.500E-09	1.300E-09	5.500E-09	2.729E+00	
108	8	15	1	0.000E+00	0.000E+00	1.300E-09	3.400E-09	3.013E+00	2.885E+02	2.899E+02	1.499E-07	1.991E-07	4.000E-09	5.300E-09	4.000E-10	2.300E-09	3.012E+00	
109	9	15	1	0.000E+00	1.000E-08	7.000E-10	1.700E-09	3.483E+00	2.898E+02	2.908E+02	1.098E-07	1.459E-07	2.100E-09	2.500E-09	1.000E-09	6.000E-10	3.483E+00	
110	10	15	1	0.000E+00	1.000E-08	4.000E-10	1.900E-09	3.688E+00	2.897E+02	2.906E+02	9.900E-08	1.323E-07	1.700E-09	5.000E-10	5.000E-10	3.000E-09	3.688E+00	
111	11	15	1	1.000E-03	0.000E+00	3.000E-10	3.000E-10	3.730E+00	2.895E+02	2.904E+02	9.650E-08	1.290E-07	1.000E-09	2.200E-09	2.000E-10	6.000E-10	3.731E+00	
112	12	15	1	0.000E+00	0.000E+00	5.000E-10	3.000E-10	3.759E+00	2.895E+02	2.905E+02	9.550E-08	1.278E-07	1.600E-09	7.000E-10	2.500E-09	0.000E+00	3.760E+00	
113	13	15	1	0.000E+00	0.000E+00	1.200E-09	7.000E-10	3.702E+00	2.894E+02	2.903E+02	9.860E-08	1.305E-07	3.000E-09	5.300E-09	5.000E-10	1.000E-09	3.702E+00	
114	14	15	1	1.000E-03	0.000E+00	3.100E-09	5.000E-10	3.524E+00	2.891E+02	2.900E+02	1.090E-07	1.455E-07	8.000E-10	0.000E+00	1.700E-09	2.400E-09	3.525E+00	
115	15	15	1	0.000E+00	0.000E+00	1.000E-10	1.400E-09	3.119E+00	2.870E+02	2.885E+02	1.499E-07	2.008E-07	7.000E-10	2.300E-09	1.100E-09	5.000E-10	3.120E+00	
116	16	15	1	0.000E+00	0.000E+00	4.000E-10	2.000E-09	2.779E+00	2.808E+02	2.828E+02	1.934E-07	2.638E-07	2.000E-09	6.800E-09	1.000E-10	2.700E-09	2.779E+00	
117	17	15	1	0.000E+00	0.000E+00	1.500E-09	1.000E-10	2.649E+00	2.799E+02	2.818E+02	2.080E-07	2.841E-07	2.900E-09	3.400E-09	2.000E-10	1.800E-09	2.649E+00	
118	16	16	1	0.000E+00	0.000E+00	2.100E-09	2.000E-09	2.723E+00	2.799E+02	2.820E+02	2.033E-07	2.774E-07	5.000E-10	5.000E-10	4.200E-09	4.000E-10	2.721E+00	
119	15	16	1	0.000E+00	0.000E+00	1.700E-09	2.000E-09	2.991E+00	2.854E+02	2.870E+02	1.641E-07	2.212E-07	2.100E-09	4.500E-09	5.000E-10	2.100E-09	2.991E+00	
120	14	16	1	0.000E+00	0.000E+00	5.000E-10	1.900E-09	3.338E+00	2.889E+02	2.898E+02	1.237E-07	1.642E-07	3.600E-09	5.700E-09	2.200E-09	3.100E-09	3.338E+00	
121	13	16	1	1.000E-03	1.000E-08	1.600E-09	2.300E-09	3.625E+00	2.894E+02	2.902E+02	1.040E-07	1.361E-07	3.700E-09	3.000E-10	2.300E-09	3.800E-09	3.626E+00	
122	12	16	1	0.000E+00	0.000E+00	9.000E-10	4.000E-10	3.700E+00	2.893E+02	2.903E+02	9.850E-08	1.311E-07	3.300E-09	2.300E-09	1.100E-09	0.000E+00	3.699E+00	
123	11	16	1	1.000E-03	1.000E-08	1.900E-09	1.400E-09	3.682E+00	2.893E+02	2.903E+02	9.990E-08	1.329E-07	0.000E+00	1.000E-10	1.300E-09	1.900E-09	3.683E+00	
124	10	16	1	1.000E-03	0.000E+00	1.100E-09	1.000E-09	3.597E+00	2.894E+02	2.904E+02	1.044E-07	1.381E-07	2.500E-09	3.500E-09	9.000E-10	3.100E-09	3.597E+00	
125	9	16	1	0.000E+00	0.000E+00	1.100E-09	4.100E-09	3.337E+00	2.893E+02	2.904E+02	1.210E-07	1.597E-07	4.000E-09	9.000E-10	2.500E-09	6.000E-09	3.337E+00	
126	8	16	1	0.000E+00	0.000E+00	2.000E-10	3.000E-09	2.914E+00	2.866E+02	2.885E+02	1.639E-07	2.187E-07	2.600E-09	4.000E-09	8.000E-10	3.200E-09	2.914E+00	
127	7	16	1	1.000E-03	2.000E-08	0.000E+00	8.000E-10	2.696E+00	2.835E+02	2.854E+02	1.920E-07	2.576E-07	3.900E-09	4.700E-09	2.000E-10	2.600E-09	2.696E+00	
128	6	16	1	0.000E+00	1.000E-08	1.000E-09	4.100E-09	2.640E+00	2.851E+02	2.868E+02	1.907E-07	2.542E-07	3.000E-10	1.200E-09	4.000E-09	2.500E-09	2.640E+00	
129	6	17	1	0.000E+00	0.000E+00	1.200E-09	3.000E-10	2.669E+00	2.859E+02	2.879E+02	1.861E-07	2.481E-07	3.000E-10	9.000E-10	2.500E-09	1.500E-09	2.669E+00	
130	7	17	1	0.000E+00	1.000E-08	1.400E-09	1.300E-09	2.698E+00	2.830E+02	2.847E+02	1.966E-07	2.647E-07	3.500E-09	4.400E-09	1.800E-09	1.700E-09	2.697E+00	
131	8	17	1	1.000E-03	0.000E+00	3.000E-10	5.000E-10	2.858E+00	2.847E+02	2.865E+02	1.775E-07	2.369E-07	3.100E-09	2.500E-09	1.300E-09	3.000E-10	2.858E+00	
132	9	17	1	0.000E+00	0.000E+00	1.700E-09	4.300E-09	3.145E+00	2.885E+02	2.896E+02	1.409E-07	1.884E-07	4.900E-09	1.800E-09	1.300E-09	4.500E-09	3.145E+00	
133	10	17	1	0.000E+00	0.000E+00	1.200E-09	1.900E-09	3.422E+00	2.891E+02	2.900E+02	1.167E-07	1.548E-07	4.200E-09	6.000E-10	2.800E-09	9.000E-10	3.421E+00	
134	11	17	1	0.000E+00	1.000E-08	6.000E-10	2.900E-09	3.566E+00	2.891E+02	2.900E+02	1.069E-07	1.428E-07	1.900E-09	2.400E-09	2.800E-09	1.000E-09	3.566E+00	
135	12	17	1	0.000E+00	0.000E+00	1.800E-09	8.000E-10	3.569E+00	2.893E+02	2.902E+02	1.069E-07	1.426E-07	5.000E-10	1.400E-09	2.000E-09	2.300E-09	3.569E+00	
136	13	17	1	0.000E+00	0.000E+00	4.000E-10	2.900E-09	3.410E+00	2.892E+02	2.900E+02	1.181E-07	1.569E-07	3.500E-09	2.500E-09	9.000E-10	1.400E-09	3.409E+00	
137	14	17	1	0.000E+00	0.000E+00	8.000E-10	3.300E-09	3.112E+00	2.872E+02	2.889E+02	1.487E-07	1.986E-07	3.700E-09	6.100E-09	8.000E-10	2.000E-09	3.111E+00	
138	15	17	1	0.000E+00	0.000E+00	2.000E-10	4.400E-09	2.900E+00	2.835E+02	2.853E+02	1.803E-07	2.419E-07	3.800E-09	1.900E-09	2.800E-09	5.900E-09	2.900E+00	
139	16	17	1	1.000E-03	0.000E+00	7.000E-10	1.000E-10	2.698E+00	2.797E+02	2.816E+02	2.097E-07	2.871E-07	3.300E-09	1.300E-09	1.300E-09	1.800E-09	2.698E+00	
140	16	18	1	0.000E+00	0.000E+00	2.000E-10	1.300E-09	2.647E+00	2.799E+02	2.821E+02	2.131E-07	2.907E-07	5.100E-09	4.000E-10	1.600E-09	1.600E-09	2.648E+00	
141	15	18	1	1.000E-03	0.000E+00	1.000E-09	4.000E-10	2.762E+00	2.815E+02	2.834E+02	1.977E-07	2.686E-07	5.700E-09	2.900E-09	3.100E-09	8.000E-10	2.763E+00	
142	14	18	1	1.000E-03	0.000E+00	5.000E-10	5.000E-10	2.906E+00	2.839E+02	2.862E+02	1.733E-07	2.338E-07	2.100E-09	1.100E-09	1.100E-09	3.000E-10	2.906E+00	
143	13	18	4	0.000E+00	2.899E-05	999.9												
144	12	18	1	0.000E+00	0.000E+00	4.000E-10	2.400E-09	3.267E+00	2.887E+02	2.898E+02	1.323E-07	1.749E-07	2.600E-09	1.000E-10	1.700E-09	3.200E-09	3.266E+00	
145	11	18	1	1.000E-03	0.000E+00	1.000E-09	2.000E-09	3.253E+00	2.887E+02	2.896E+02	1.329E-07	1.775E-07	2.800E-09	6.700E-09	6.000E-10	9.000E-10	3.254E+00	
146	10	18	1	0.000E+00	0.000E+00	1.000E-09	2.300E-09	3.113E+00	2.879E+02	2.892E+02	1.474E-07	1.973E-07	1.900E-09	5.400E-09	3.000E-10	8.000E-10	3.113E+00	
147	9	18	1	1.000E-03	0.000E+00	2.000E-10	3.900E-09	2.946E+00	2.848E+02	2.870E+02	1.704E-07	2.286E-07	3.400E-09	4.900E-09	0.000E+00	2.200E-09	2.947E+00	
148	8	18	1	0.000E+00	0.000E+00	8.000E-10	1.800E-09	2.765E+00	2.827E+02	2.844E+02	1.928E-07	2.622E-07	1.800E-09	3.000E-09	8.000E-10	3.800E-09	2.764E+00	
149	7	18	1	1.000E-03	1.000E-08	1.300E-09	5.000E-10	2.657E+00	2.825E+02	2.847E+02	2.001E-07	2.701E-07	5.200E-09	2.000E-10	1.500E-09	1.600E-09	2.657E+00	
150	6	18	1	0.000E+00	0.000E+00	0.000E+00	4.700E-09	2.668E+00	2.876E+02	2.892E+02	1.800E-07	2.392E-07	2.400E-09	1.600E-09	8.000E-10	3.800E-09	2.668E+00	
151	7	19	1	0.000E+00	1.000E-08	1.700E-09	1.200E-09	2.645E+00	2.835E+02	2.858E+02	1.981E-07	2.657E-07	1.900E-09	1.800E-09	1.400E-09	3.700E-09	2.644E+00	
152	8	19	1	0.000E+00	0.000E+00	1.700E-09	2.200E-09	2.699E+00	2.811E+02	2.829E+02	2.069E-07	2.821E-07	3.000E-10	4.000E-10	2.100E-09	2.800E-09	2.699E+00	
153	9	19	1	0.000E+00	0.000E+00	1.000E-09	7.000E-10	2.826E+00	2.820E+02	2.845E+02	1.929E-07	2.613E-07	7.000E-10	3.000E-10	2.300E-09	2.900E-09	2.825E+00	
154	10	19	1	0.000E+00	0.000E+00	1.000E-09	3.000E-10	2.902E+00	2.838E+02	2.856E+02	1.803E-07	2.438E-07	1.900E-09	1.300E-09	6.000E-10	8.000E-10	2.901E+00	
155	11	19	1	0.000E+00	0.000E+00	1.000E-10	3.000E-10	2.959E+00	2.852E+02	2.867E+02	1.688E-07	2.286E-07	2.000E-10	1.200E-09	1.900E-09	1.000E-09	2.960E+00	
156	12	19	1	1.000E-03	1.000E-08	2.400E-09	0.000E+00	2.991E+00	2.858E+02	2.873E+02	1.653E-07	2.227E-07	4.000E-10	3.000E-10	4.000E-10	8.000E-10	2.991E+00	
157	13	19	1	0.000E+00	1.000E-08	2.500E-09	2.000E-10	2.891E+00	2.841E+02	2.857E+02	1.770E-07	2.391E-07	1.600E-09	0.000E+00	3.200E-09	3.000E-10	2.891E+00	
158	14	19	1	0.000E+00	1.000E-08	2.500E-09	6.000E-10	2.780E+00	2.819E+02	2.840E+02	1.939E-07	2.630E-07	2.300E-09	3.000E-10	2.000E-10	0.000E+00	2.781E+00	
159	15	19	1	0.000E+00	0.000E+00	2.300E-09	1.700E-09	2.719E+00	2.810E+02	2.832E+02	2.056E-07	2.785E-07	2.000E-10	3.200E-09	1.600E-09	1.400E-09	2.719E+00	
160	15	20	1	1.000E-03	0.000E+00	2.200E-09	1.800E-09	2.671E+00	2.822E+02	2.848E+02	2.040E-07	2.747E-07	2.300E-09	1.000E-09	1.700E-09	3.000E-10	2.672E+00	
161	14	20	1	0.000E+00	1.000E-08	0.000E+00	1.500E-09	2.663E+00	2.808E+02	2.829E+02	2.087E-07	2.831E-07	2.300E-09	8.000E-10	1.400E-09	1.600E-09	2.662E+00	
162	13	20	1	0.000E+00	1.000E-08	2.100E-09	1.900E-09	2.731E+00	2.813E+02	2.833E+02	2.004E-07	2.710E-07	4.100E-09	4.000E-09	3.000E-10	1.900E-09	2.731E+00	
163	12	20	1	1.000E-03	0.000E+00	3.000E-10	2.000E-10	2.803E+00	2.820E+02	2.841E+02	1.925E-07	2.611E-07	1.800E-09	0.000E+00	1.800E-09	1.100E-09	2.803E+00	
164	11	20	1	0.000E+00	0.000E+00	5.000E-10	2.300E-09	2.787E+00	2.816E+02	2.834E+02	1.958E-07	2.655E-07	3.100E-09	4.400E-09	3.200E-09	2.400E-09	2.787E+00	
165	10	20	1	0.000E+00	0.000E+00	1.000E-09	2.000E-09	2.744E+00	2.809E+02	2.829E+02	2.037E-07	2.760E-07	2.800E-09	5.000E-09	1.000E-09	7.000E-10	2.745E+00	
166	9	20	1	1.000E-03	0.000E+00	9.000E-10	4.300E-09	2.707E+00	2.808E+02	2.829E+02	2.089E-07	2.826E-07	2.100E-09	1.100E-09	1.500E-09	4.200E-09	2.706E+00	
167	8	20	1	0.000E+00	1.000E-08	5.000E-10	2.500E-09	2.651E+00	2.815E+02	2.836E+02	2.066E-07	2.809E-07	3.500E-09	2.600E-09	4.000E-10	9.000E-10	2.650E+00	
168	7	20	1	1.000E-03	0.000E+00	2.300E-09	3.900E-09	2.648E+00	2.855E+02	2.872E+02	1.892E-07	2.538E-07	2.000E-09	1.900E-09	3.800E-09	2.500E-09	2.647E+00	
169	8	21	1	1.000E-03	2.000E-08	3.500E-09	5.300E-09	2.685E+00	2.844E+02	2.860E+02	1.922E-07	2.605E-07	1.400E-09	5.000E-10	3.500E-09	3.100E-09	2.685E+00	
170	9	21	1	1.000E-03	1.000E-08	1.000E-10	3.000E-09	2.683E+00	2.824E+02	2.843E+02	2.010E-07	2.723E-07	2.200E-09	1.900E-09	1.700E-09	1.700E-09	2.683E+00	
171	10	21	1	1.000E-03	0.000E+00	1.800E-09	3.200E-09	2.682E+00	2.810E+02	2.830E+02	2.072E-07	2.812E-07	2.300E-09	1.400E-09	2.000E-10	3.000E-10	2.682E+00	
172	11	21	1	0.000E+00	0.000E+00	1.800E-09	3.000E-09	2.708E+00	2.813E+02	2.830E+02	2.035E-07	2.765E-07	3.700E-09	4.500E-09	1.700E-09	2.000E-09	2.708E+00	
173	12	21	1	0.000E+00	1.000E-08	2.800E-09	3.000E-10	2.733E+00	2.821E+02	2.842E+02	1.983E-07	2.666E-07	3.200E-09	3.700E-09	2.000E-09	7.000E-10	2.732E+00	
174	13	21	1	1.000E-03	0.000E+00	3.800E-09	1.500E-09	2.700E+00	2.823E+02	2.842E+02	2.024E-07	2.721E-07	1.200E-09	2.800E-09	1.000E-10	0.000E+00	2.700E+00	
175	14	21	1	0.000E+00	0.000E+00	3.000E-10	1.400E-09	2.667E+00	2.836E+02	2.854E+02	2.017E-07	2.693E-07	2.800E-09	4.000E-09	6.000E-10	1.000E-10	2.668E+00	
176	12	22	1	0.000E+00	1.000E-08	1.900E-09	2.600E-09	2.748E+00	2.857E+02	2.878E+02	1.822E-07	2.421E-07	1.300E-09	2.200E-09	2.000E-09	2.500E-09	2.747E+00	
177	11	22	1	0.000E+00	0.000E+00	5.000E-10	2.300E-09	2.715E+00	2.850E+02	2.867E+02	1.857E-07	2.491E-07	3.000E-09	1.000E-10	2.800E-09	6.000E-10	2.715E+00	
178	10	22	1	1.000E-03	0.000E+00	2.600E-09	2.000E-10	2.715E+00	2.846E+02	2.864E+02	1.862E-07	2.511E-07	1.200E-09	7.000E-10	2.200E-09	8.000E-10	2.715E+00	
