Program name	H0192AB_E4_CP1.dll
Lot number	C146419.00-CPTSTE07-250312-165834@CP
Wafer number	07
Date	2025/03/12
Time	17:01:32

No.U	X	Y	Bin	CONT@D	CONT@G	CONT@S	IGSS1	IGSSR1	IDSS1	VTH	BVDSS1	BVDSS2	BV2-BV1	RDSON1	VFSDS	IGSS2	IGSSR2	IDSS3
LimitU				0.5V	0.5V	0.5V	80nA	3uA	200nA	4V	900V	900V	50V	640mohm	1V	80nA	80nA	150nA
LimitL				-0.5V	-0.5V	-0.5V	0nA	0uA	0nA	3V	700V	700V	-10V	0mohm	0V	0nA	0nA	0nA
Bias 1				 	 	 	 	 	 	100uA	250uA	1mA	 	1A	 	 	 	 
Bias 2				 	 	 	 	 	 	 	 	 	 	 	2A	 	 	 
Bias 3				2V	 	 	 	 	700V	 	 	 	 	 	 	 	 	600V
Bias 4				 	2V	 	30V	-30V	 	 	 	 	 	10V	0V	20V	-20V	 
Bias 5				1000uS	8000uS	8000uS	12000uS	12000uS	10000uS	2000uS	10000uS	8000uS	1000uS	50000uS	5000uS	12000uS	12000uS	10000uS
Bias 6				 	 	 	 	 	 	 	 	 	 	 	 	 	 	 
3	17	6	1	1.32000E-002	1.20000E-003	9.00000E-004	2.99530E-009	1.60000E-009	1.14280E-009	3.48240E+000	7.54893E+002	7.57814E+002	2.92150E+000	5.66498E-001	7.96500E-001	1.22250E-009	1.96250E-009	7.02600E-010
7	15	6	1	1.32000E-002	1.20000E-003	9.00000E-004	3.27160E-009	1.40000E-009	1.34890E-009	3.48280E+000	7.68012E+002	7.69933E+002	1.92090E+000	5.62502E-001	7.96700E-001	1.18970E-009	1.85710E-009	2.13580E-009
11	13	6	1	1.31000E-002	1.20000E-003	9.00000E-004	3.58310E-009	1.50000E-009	3.66270E-009	3.50430E+000	7.55132E+002	7.58554E+002	3.42280E+000	5.56672E-001	7.98000E-001	1.25290E-009	1.94610E-009	1.03980E-009
20	9	8	1	1.31000E-002	1.20000E-003	9.00000E-004	3.36300E-009	1.30000E-009	2.16298E-008	3.55220E+000	7.04167E+002	7.09036E+002	4.86890E+000	5.64361E-001	7.99600E-001	7.51800E-010	1.75880E-009	1.14280E-009
24	11	8	1	1.33000E-002	1.20000E-003	9.00000E-004	3.44030E-009	1.60000E-009	2.46370E-009	3.47280E+000	7.79452E+002	7.81828E+002	2.37590E+000	5.53056E-001	7.96100E-001	1.18970E-009	1.59250E-009	2.27630E-009
28	13	8	1	1.31000E-002	1.30000E-003	9.00000E-004	3.84780E-009	1.40000E-009	2.20140E-009	3.45590E+000	7.83992E+002	7.86329E+002	2.33650E+000	5.63455E-001	7.96200E-001	1.33250E-009	1.80090E-009	2.19200E-009
32	15	8	1	1.33000E-002	1.20000E-003	1.00000E-003	3.92740E-009	1.50000E-009	2.16390E-009	3.45600E+000	7.73375E+002	7.75144E+002	1.76890E+000	5.76936E-001	7.96400E-001	1.14520E-009	1.98360E-009	1.48010E-009
36	17	8	1	1.32000E-002	1.30000E-003	9.00000E-004	3.85240E-009	1.50000E-009	1.72360E-009	3.43690E+000	7.74966E+002	7.76938E+002	1.97220E+000	5.73024E-001	7.96800E-001	1.11010E-009	1.91800E-009	2.02340E-009
40	19	8	1	1.32000E-002	1.30000E-003	9.00000E-004	4.10540E-009	1.50000E-009	2.64170E-009	3.43920E+000	7.79246E+002	7.80248E+002	1.00240E+000	5.61547E-001	7.95500E-001	1.13110E-009	1.61120E-009	3.12880E-009
45	21	10	1	1.31000E-002	1.30000E-003	9.00000E-004	4.03510E-009	1.40000E-009	9.93000E-010	3.45610E+000	7.81854E+002	7.84735E+002	2.88100E+000	5.60842E-001	7.95300E-001	1.22950E-009	1.54570E-009	1.77980E-009
49	19	10	1	1.32000E-002	1.30000E-003	1.00000E-003	4.03980E-009	1.60000E-009	1.09600E-009	3.45620E+000	7.68491E+002	7.69615E+002	1.12420E+000	5.77568E-001	7.95400E-001	1.31620E-009	1.75640E-009	1.18030E-009
53	17	10	1	1.31000E-002	1.30000E-003	9.00000E-004	4.75170E-009	1.70000E-009	2.08900E-009	3.44610E+000	7.57981E+002	7.59603E+002	1.62220E+000	5.83881E-001	7.96200E-001	1.22720E-009	1.85240E-009	2.69790E-009
57	15	10	1	1.32000E-002	1.30000E-003	9.00000E-004	4.96250E-009	1.50000E-009	2.66980E-009	3.44750E+000	7.58421E+002	7.60139E+002	1.71800E+000	5.83106E-001	7.97400E-001	9.22700E-010	1.75410E-009	2.77280E-009
61	13	10	1	1.32000E-002	1.30000E-003	1.00000E-003	4.64870E-009	1.50000E-009	1.10540E-009	3.46480E+000	7.69936E+002	7.71916E+002	1.98020E+000	5.74701E-001	7.96900E-001	1.34430E-009	1.94380E-009	1.32080E-009
65	11	10	1	1.32000E-002	1.30000E-003	9.00000E-004	3.88990E-009	1.50000E-009	3.88760E-009	3.47130E+000	7.82419E+002	7.83979E+002	1.56060E+000	5.68639E-001	7.96900E-001	1.20370E-009	1.66740E-009	1.78000E-010
69	9	10	1	1.31000E-002	1.30000E-003	9.00000E-004	3.18730E-009	1.60000E-009	2.07960E-009	3.47840E+000	7.80152E+002	7.82343E+002	2.19080E+000	5.53699E-001	7.96300E-001	1.13820E-009	1.58780E-009	1.88290E-009
73	7	10	3	1.32000E-002	2.56000E-002	9.00000E-004	1.38710E-005
79	7	12	1	1.31000E-002	1.20000E-003	9.00000E-004	3.80560E-009	1.70000E-009	2.23890E-009	3.48840E+000	7.63742E+002	7.65483E+002	1.74110E+000	5.58736E-001	7.96200E-001	1.30210E-009	1.72830E-009	2.04210E-009
83	9	12	1	1.32000E-002	1.30000E-003	9.00000E-004	3.60650E-009	1.70000E-009	7.66270E-009	3.46730E+000	7.75076E+002	7.76782E+002	1.70640E+000	5.65798E-001	7.97000E-001	1.33020E-009	1.71660E-009	1.70490E-009
87	11	12	1	1.32000E-002	1.30000E-003	9.00000E-004	4.76340E-009	1.70000E-009	5.05850E-009	3.46800E+000	7.70347E+002	7.71923E+002	1.57640E+000	5.70257E-001	7.96700E-001	1.35360E-009	1.70720E-009	3.27900E-010
91	13	12	1	1.32000E-002	1.30000E-003	1.00000E-003	5.48470E-009	1.50000E-009	1.09600E-009	3.46480E+000	7.64461E+002	7.66397E+002	1.93540E+000	5.71580E-001	7.96600E-001	1.25990E-009	1.77280E-009	1.97660E-009
95	15	12	1	1.32000E-002	1.30000E-003	1.00000E-003	6.08900E-009	1.80000E-009	2.05150E-009	3.45170E+000	7.63088E+002	7.64582E+002	1.49460E+000	5.79222E-001	7.96200E-001	1.24120E-009	1.64400E-009	1.48010E-009
99	17	12	1	1.32000E-002	1.30000E-003	1.00000E-003	5.90860E-009	1.60000E-009	1.94850E-009	3.45900E+000	7.61224E+002	7.62805E+002	1.58040E+000	5.76396E-001	7.96600E-001	9.27400E-010	1.88050E-009	3.33490E-009
103	19	12	1	1.32000E-002	1.40000E-003	9.00000E-004	5.25290E-009	1.80000E-009	2.13580E-009	3.45130E+000	7.61731E+002	7.63278E+002	1.54640E+000	5.73779E-001	7.95900E-001	1.15690E-009	1.71900E-009	6.27600E-010
107	21	12	1	1.32000E-002	1.30000E-003	1.00000E-003	4.10540E-009	1.30000E-009	3.18500E-010	3.45730E+000	7.74720E+002	7.76267E+002	1.54690E+000	5.67884E-001	7.95200E-001	6.55700E-010	1.77750E-009	1.26460E-009
111	23	12	1	1.31000E-002	1.30000E-003	9.00000E-004	3.87820E-009	1.70000E-009	2.17330E-009	3.47140E+000	7.80132E+002	7.81976E+002	1.84450E+000	5.54933E-001	7.96200E-001	1.51290E-009	1.96720E-009	6.08900E-010
113	23	14	1	1.32000E-002	1.30000E-003	1.00000E-003	3.37700E-009	1.50000E-009	2.94140E-009	3.47240E+000	7.87979E+002	7.89123E+002	1.14400E+000	5.54715E-001	7.96000E-001	1.00230E-009	1.89460E-009	1.62060E-009
117	21	14	1	1.32000E-002	1.30000E-003	9.00000E-004	4.72360E-009	1.60000E-009	1.86420E-009	3.46200E+000	7.70863E+002	7.72552E+002	1.68920E+000	5.63413E-001	7.95600E-001	9.74200E-010	1.87820E-009	1.90160E-009
121	19	14	1	1.31000E-002	1.30000E-003	9.00000E-004	6.39110E-009	1.40000E-009	2.78220E-009	3.46460E+000	7.65825E+002	7.67416E+002	1.59060E+000	5.67985E-001	7.96000E-001	8.80600E-010	1.69090E-009	1.98590E-009
125	17	14	1	1.32000E-002	1.20000E-003	1.00000E-003	6.45660E-009	1.60000E-009	1.90160E-009	3.45570E+000	7.64320E+002	7.65755E+002	1.43470E+000	5.71089E-001	7.95700E-001	1.15460E-009	2.03510E-009	1.34890E-009
129	15	14	1	1.32000E-002	1.20000E-003	1.00000E-003	6.43560E-009	1.50000E-009	3.29740E-009	3.43360E+000	7.61215E+002	7.62661E+002	1.44640E+000	5.71607E-001	7.95600E-001	1.19670E-009	1.60890E-009	2.09830E-009
133	13	14	1	1.31000E-002	1.30000E-003	9.00000E-004	6.55030E-009	1.70000E-009	2.07020E-009	3.39800E+000	7.61747E+002	7.63359E+002	1.61180E+000	5.74010E-001	7.96500E-001	1.06320E-009	1.87820E-009	1.10540E-009
137	11	14	1	1.31000E-002	1.30000E-003	1.00000E-003	5.76810E-009	1.60000E-009	3.60650E-009	3.46780E+000	7.68880E+002	7.70518E+002	1.63850E+000	5.61070E-001	7.96600E-001	1.29980E-009	1.76350E-009	1.15220E-009
141	9	14	1	1.32000E-002	1.30000E-003	9.00000E-004	4.22950E-009	1.50000E-009	7.02570E-009	3.45680E+000	7.65384E+002	7.67069E+002	1.68510E+000	5.64667E-001	7.96400E-001	1.09130E-009	1.75170E-009	8.99300E-010
145	7	14	1	1.33000E-002	1.30000E-003	9.00000E-004	3.46600E-009	1.40000E-009	4.05620E-009	3.47780E+000	7.79034E+002	7.80978E+002	1.94390E+000	5.53917E-001	7.96400E-001	1.34660E-009	1.91100E-009	1.05850E-009
151	5	16	2	1.32000E-002	1.18900E-001	4.09300E+000
155	7	16	1	1.32000E-002	1.40000E-003	9.00000E-004	3.36300E-009	1.50000E-009	5.04910E-009	3.46870E+000	7.81302E+002	7.83082E+002	1.77990E+000	5.59339E-001	7.97500E-001	1.01400E-009	1.76810E-009	3.65300E-010
159	9	16	1	1.32000E-002	1.30000E-003	1.00000E-003	4.38170E-009	1.60000E-009	3.71890E-009	3.46990E+000	7.57199E+002	7.58725E+002	1.52660E+000	5.73863E-001	7.97900E-001	1.44500E-009	1.80330E-009	1.92970E-009
163	11	16	1	1.32000E-002	1.30000E-003	9.00000E-004	5.77750E-009	1.60000E-009	5.78920E-009	3.48780E+000	7.71946E+002	7.73475E+002	1.52820E+000	5.62550E-001	7.96900E-001	1.11940E-009	1.51050E-009	1.70490E-009
167	13	16	1	1.32000E-002	1.30000E-003	1.00000E-003	6.32780E-009	1.70000E-009	3.60650E-009	3.43730E+000	7.62538E+002	7.64300E+002	1.76220E+000	5.67268E-001	7.96900E-001	1.16160E-009	1.63000E-009	1.71430E-009
171	15	16	1	1.32000E-002	1.40000E-003	1.00000E-003	6.24820E-009	1.70000E-009	2.49180E-009	3.43350E+000	7.53968E+002	7.55682E+002	1.71430E+000	5.71106E-001	7.96500E-001	1.02810E-009	1.82900E-009	1.59250E-009
175	17	16	1	1.32000E-002	1.40000E-003	1.00000E-003	6.59250E-009	1.60000E-009	3.10070E-009	3.44860E+000	7.57663E+002	7.59376E+002	1.71320E+000	5.73602E-001	7.96100E-001	1.26700E-009	1.59950E-009	1.46130E-009
179	19	16	1	1.32000E-002	1.40000E-003	1.00000E-003	6.10770E-009	1.50000E-009	2.30440E-009	3.45670E+000	7.66646E+002	7.68528E+002	1.88140E+000	5.67586E-001	7.95900E-001	9.43800E-010	1.82900E-009	3.04450E-009
183	21	16	1	1.31000E-002	1.40000E-003	1.00000E-003	5.10070E-009	1.70000E-009	2.27630E-009	3.46190E+000	7.69844E+002	7.71743E+002	1.89880E+000	5.65892E-001	7.96700E-001	1.05850E-009	1.82430E-009	2.06090E-009
187	23	16	1	1.32000E-002	1.40000E-003	1.00000E-003	3.62290E-009	1.50000E-009	4.41210E-009	3.47490E+000	7.88589E+002	7.89943E+002	1.35410E+000	5.61212E-001	7.97300E-001	1.19440E-009	1.70020E-009	8.05600E-010
191	23	18	1	1.32000E-002	1.30000E-003	1.00000E-003	3.26460E-009	1.80000E-009	2.37940E-009	3.47350E+000	7.89996E+002	7.91246E+002	1.24990E+000	5.60362E-001	7.97300E-001	1.27170E-009	1.85950E-009	1.42390E-009
195	21	18	1	1.32000E-002	1.40000E-003	1.00000E-003	5.02570E-009	1.40000E-009	1.91100E-009	3.45740E+000	7.69243E+002	7.70891E+002	1.64740E+000	5.67090E-001	7.95600E-001	1.13110E-009	1.85240E-009	2.06090E-009
199	19	18	1	1.32000E-002	1.30000E-003	9.00000E-004	6.29970E-009	1.50000E-009	2.87590E-009	3.44740E+000	7.70152E+002	7.71579E+002	1.42760E+000	5.67326E-001	7.96000E-001	1.08430E-009	1.51520E-009	1.77050E-009
203	17	18	1	1.32000E-002	1.40000E-003	1.00000E-003	6.36300E-009	1.70000E-009	2.80090E-009	3.43960E+000	7.60997E+002	7.62478E+002	1.48040E+000	5.72269E-001	7.95700E-001	1.20840E-009	1.76810E-009	2.80090E-009
207	15	18	1	1.32000E-002	1.30000E-003	1.00000E-003	6.44260E-009	1.60000E-009	2.31380E-009	3.40110E+000	7.48896E+002	7.51226E+002	2.32990E+000	5.63124E-001	7.96100E-001	1.03980E-009	2.02810E-009	2.81970E-009
211	13	18	1	1.32000E-002	1.30000E-003	1.00000E-003	6.70020E-009	1.70000E-009	2.51050E-009	3.44370E+000	7.61870E+002	7.63506E+002	1.63580E+000	5.67793E-001	7.95300E-001	1.35600E-009	1.80090E-009	9.18000E-010
215	11	18	1	1.32000E-002	1.30000E-003	1.00000E-003	6.05380E-009	1.40000E-009	5.57370E-009	3.48490E+000	7.69270E+002	7.71053E+002	1.78260E+000	5.65995E-001	7.97500E-001	1.10070E-009	1.78690E-009	1.59250E-009
219	9	18	1	1.33000E-002	1.40000E-003	1.00000E-003	4.88760E-009	1.70000E-009	4.16860E-009	3.45990E+000	7.56331E+002	7.58083E+002	1.75130E+000	5.74604E-001	7.97100E-001	1.12650E-009	1.79390E-009	2.37000E-009
223	7	18	1	1.32000E-002	1.30000E-003	9.00000E-004	3.59480E-009	1.60000E-009	4.48710E-009	3.46780E+000	7.81176E+002	7.83073E+002	1.89660E+000	5.58273E-001	7.97400E-001	1.11010E-009	1.83140E-009	7.77500E-010
231	7	20	1	1.31000E-002	1.20000E-003	9.00000E-004	2.97660E-009	1.20000E-009	6.03270E-009	3.46530E+000	7.76710E+002	7.78294E+002	1.58340E+000	5.59688E-001	7.97700E-001	1.03980E-009	1.70720E-009	2.24800E-010
235	9	20	1	1.33000E-002	1.30000E-003	9.00000E-004	4.49180E-009	1.50000E-009	8.20600E-009	3.45780E+000	7.58707E+002	7.60112E+002	1.40530E+000	5.75410E-001	7.96500E-001	1.13580E-009	1.78920E-009	2.16390E-009
239	11	20	1	1.32000E-002	1.20000E-003	9.00000E-004	6.24350E-009	1.50000E-009	3.16630E-009	3.47970E+000	7.69691E+002	7.71667E+002	1.97550E+000	5.65649E-001	7.96300E-001	1.40280E-009	1.80560E-009	1.18030E-009
243	13	20	1	1.32000E-002	1.30000E-003	1.00000E-003	6.73530E-009	1.50000E-009	1.87350E-009	3.45930E+000	7.62828E+002	7.64479E+002	1.65040E+000	5.71683E-001	7.96200E-001	9.01600E-010	1.59480E-009	1.15220E-009
247	15	20	1	1.31000E-002	1.30000E-003	1.00000E-003	6.71890E-009	1.60000E-009	2.50120E-009	3.43540E+000	7.59442E+002	7.60922E+002	1.48030E+000	5.73478E-001	7.96400E-001	1.24120E-009	1.81030E-009	2.07020E-009
251	17	20	1	1.32000E-002	1.30000E-003	1.00000E-003	6.24590E-009	1.80000E-009	3.16630E-009	3.40310E+000	7.60315E+002	7.61692E+002	1.37700E+000	5.70146E-001	7.95800E-001	1.38410E-009	1.68850E-009	1.46130E-009
255	19	20	1	1.32000E-002	1.20000E-003	1.00000E-003	6.03980E-009	1.40000E-009	1.91100E-009	3.42660E+000	7.72826E+002	7.74458E+002	1.63190E+000	5.70429E-001	7.95700E-001	7.61100E-010	1.82670E-009	1.72360E-009
259	21	20	1	1.32000E-002	1.30000E-003	1.00000E-003	4.53390E-009	1.50000E-009	7.96200E-010	3.45780E+000	7.76867E+002	7.78680E+002	1.81240E+000	5.66845E-001	7.95400E-001	1.20370E-009	1.80090E-009	1.11470E-009
263	23	20	1	1.31000E-002	1.30000E-003	9.00000E-004	3.99760E-009	1.50000E-009	1.12400E-010	3.47110E+000	7.90789E+002	7.92670E+002	1.88060E+000	5.58439E-001	7.95500E-001	1.58080E-009	1.71430E-009	1.95780E-009
265	23	22	1	1.32000E-002	1.20000E-003	8.00000E-004	4.71890E-009	1.20000E-009	9.93000E-010	3.44690E+000	7.85130E+002	7.87051E+002	1.92140E+000	5.52194E-001	7.95000E-001	1.89930E-009	1.41450E-009	2.43560E-009
266	21	22	1	1.32000E-002	1.30000E-003	9.00000E-004	4.29740E-009	1.60000E-009	2.66980E-009	3.46410E+000	7.78237E+002	7.79955E+002	1.71840E+000	5.69252E-001	7.94800E-001	1.27630E-009	1.85710E-009	1.50820E-009
270	19	22	1	1.32000E-002	1.30000E-003	1.00000E-003	5.36760E-009	1.40000E-009	1.69550E-009	3.45660E+000	7.65588E+002	7.67223E+002	1.63500E+000	5.68911E-001	7.95800E-001	1.02340E-009	1.66980E-009	1.90160E-009
274	17	22	1	1.32000E-002	1.30000E-003	1.00000E-003	5.93670E-009	1.70000E-009	1.03040E-009	3.45790E+000	7.63548E+002	7.65098E+002	1.55010E+000	5.78485E-001	7.96600E-001	1.35830E-009	1.79390E-009	2.80090E-009
278	15	22	1	1.32000E-002	1.30000E-003	1.00000E-003	6.70250E-009	1.60000E-009	5.05900E-010	3.44580E+000	7.62883E+002	7.64753E+002	1.86960E+000	5.74990E-001	7.96300E-001	1.16860E-009	1.71190E-009	2.93210E-009
282	13	22	1	1.32000E-002	1.30000E-003	9.00000E-004	6.65570E-009	1.60000E-009	1.44260E-009	3.47590E+000	7.59550E+002	7.61175E+002	1.62490E+000	5.78921E-001	7.96900E-001	9.81300E-010	1.94140E-009	1.98590E-009
286	11	22	1	1.31000E-002	1.30000E-003	9.00000E-004	6.17330E-009	1.80000E-009	2.37000E-009	3.47280E+000	7.60259E+002	7.61873E+002	1.61460E+000	5.70216E-001	7.96000E-001	1.40280E-009	1.88050E-009	1.10540E-009
290	9	22	1	1.32000E-002	1.30000E-003	1.00000E-003	4.29270E-009	1.40000E-009	6.19200E-009	3.46630E+000	7.63333E+002	7.64770E+002	1.43710E+000	5.75095E-001	7.95900E-001	1.17800E-009	1.68850E-009	1.58310E-009
294	7	22	1	1.32000E-002	1.30000E-003	9.00000E-004	2.97890E-009	1.50000E-009	2.69790E-009	3.48930E+000	7.69839E+002	7.71252E+002	1.41270E+000	5.62278E-001	7.96500E-001	1.39580E-009	1.82900E-009	1.03040E-009
300	9	24	1	1.32000E-002	1.30000E-003	9.00000E-004	4.15220E-009	1.50000E-009	7.96200E-010	3.46430E+000	7.80998E+002	7.82920E+002	1.92230E+000	5.61102E-001	7.95700E-001	1.05850E-009	1.64870E-009	3.39110E-009
304	11	24	1	1.32000E-002	1.30000E-003	9.00000E-004	5.03280E-009	1.40000E-009	1.68620E-009	3.46850E+000	7.67080E+002	7.68650E+002	1.56960E+000	5.74022E-001	7.95800E-001	1.11940E-009	1.90400E-009	1.90160E-009
308	13	24	1	1.32000E-002	1.30000E-003	1.00000E-003	5.82200E-009	1.50000E-009	2.42620E-009	3.46890E+000	7.60023E+002	7.61953E+002	1.92990E+000	5.75298E-001	7.96000E-001	1.23650E-009	1.92270E-009	2.00470E-009
312	15	24	1	1.32000E-002	1.40000E-003	1.00000E-003	5.74940E-009	1.10000E-009	2.01400E-009	3.46040E+000	7.59691E+002	7.61425E+002	1.73380E+000	5.74149E-001	7.96300E-001	8.73500E-010	1.81730E-009	2.85710E-009
316	17	24	1	1.32000E-002	1.30000E-003	1.00000E-003	5.58310E-009	1.60000E-009	2.73530E-009	3.46460E+000	7.62695E+002	7.64306E+002	1.61050E+000	5.75821E-001	7.96200E-001	1.20840E-009	1.90400E-009	2.85710E-009
320	19	24	1	1.31000E-002	1.40000E-003	1.00000E-003	4.66740E-009	1.60000E-009	2.73530E-009	3.46330E+000	7.68931E+002	7.70354E+002	1.42340E+000	5.74587E-001	7.96600E-001	1.16630E-009	1.81030E-009	8.80600E-010
324	21	24	1	1.34000E-002	1.30000E-003	9.00000E-004	4.09370E-009	1.50000E-009	7.02600E-010	3.46850E+000	7.84439E+002	7.85815E+002	1.37570E+000	5.66031E-001	7.95200E-001	1.30210E-009	1.94140E-009	2.51050E-009
327	19	26	1	1.33000E-002	1.20000E-003	9.00000E-004	3.85010E-009	1.60000E-009	1.49900E-010	3.46830E+000	7.84465E+002	7.87350E+002	2.88500E+000	5.66024E-001	7.95400E-001	1.70260E-009	2.01400E-009	2.73530E-009
330	17	26	1	1.32000E-002	1.30000E-003	9.00000E-004	4.49650E-009	1.60000E-009	1.09600E-009	3.45460E+000	7.68654E+002	7.70147E+002	1.49360E+000	5.77930E-001	7.96400E-001	1.10540E-009	1.64640E-009	1.27400E-009
334	15	26	1	1.32000E-002	1.30000E-003	1.00000E-003	4.37940E-009	1.50000E-009	7.58800E-010	3.45280E+000	7.65016E+002	7.66639E+002	1.62310E+000	5.75721E-001	7.96400E-001	1.28340E-009	1.85480E-009	1.83610E-009
338	13	26	1	1.31000E-002	1.90000E-003	1.00000E-003	4.40280E-009	1.70000E-009	1.64870E-009	3.46030E+000	7.69903E+002	7.71599E+002	1.69580E+000	5.74946E-001	7.96200E-001	1.10770E-009	2.18030E-009	2.08900E-009
342	11	26	1	1.32000E-002	1.20000E-003	9.00000E-004	4.27630E-009	1.50000E-009	1.77050E-009	3.46490E+000	7.82984E+002	7.85270E+002	2.28570E+000	5.59631E-001	7.95300E-001	1.05390E-009	1.72600E-009	3.49410E-009
346	9	26	1	1.32000E-002	1.20000E-003	9.00000E-004	3.51050E-009	1.70000E-009	2.43560E-009	3.48570E+000	7.58615E+002	7.61554E+002	2.93960E+000	5.66087E-001	7.96700E-001	1.47540E-009	2.02340E-009	8.05600E-010
350	13	28	1	1.34000E-002	1.20000E-003	9.00000E-004	3.68380E-009	1.30000E-009	4.12200E-010	3.47480E+000	7.74585E+002	7.76987E+002	2.40260E+000	5.55443E-001	7.95300E-001	1.36530E-009	1.77980E-009	1.58310E-009
352	15	28	1	1.34000E-002	1.20000E-003	9.00000E-004	3.53630E-009	1.40000E-009	1.36770E-009	3.45980E+000	7.78092E+002	7.80055E+002	1.96220E+000	5.56824E-001	7.95800E-001	1.50120E-009	1.63930E-009	2.80090E-009
354	17	28	1	1.33000E-002	1.20000E-003	9.00000E-004	4.17090E-009	1.10000E-009	8.61800E-010	3.47350E+000	7.77112E+002	7.79008E+002	1.89590E+000	5.58135E-001	7.96200E-001	2.06090E-009	1.49880E-009	3.31610E-009

4	18	6	1	1.32000E-002	2.30000E-003	2.00000E-003	3.41640E-009	2.00000E-009	2.15430E-009	3.52440E+000	7.30107E+002	7.34344E+002	4.23700E+000	5.67862E-001	7.96600E-001	1.60400E-009	2.26900E-009	2.55700E-009
8	16	6	1	1.32000E-002	2.40000E-003	2.10000E-003	3.55690E-009	1.70000E-009	1.59200E-010	3.48490E+000	7.66785E+002	7.68737E+002	1.95220E+000	5.63931E-001	7.95700E-001	1.51500E-009	2.02780E-009	1.25510E-009
12	14	6	1	1.31000E-002	2.30000E-003	2.00000E-003	3.77470E-009	1.70000E-009	4.77700E-010	3.48630E+000	7.65460E+002	7.67477E+002	2.01710E+000	5.62679E-001	7.96200E-001	1.64380E-009	2.21980E-009	8.80400E-010
15	12	6	1	1.36000E-002	2.30000E-003	2.00000E-003	4.53800E-009	1.80000E-009	1.24105E-008	3.55470E+000	7.09143E+002	7.12993E+002	3.85010E+000	5.63604E-001	7.98200E-001	1.95290E-009	2.49150E-009	1.47050E-009
21	10	8	1	1.31000E-002	2.40000E-003	2.10000E-003	3.46560E-009	1.70000E-009	2.15400E-010	3.49550E+000	7.70067E+002	7.72265E+002	2.19820E+000	5.59557E-001	7.95300E-001	1.30190E-009	1.96230E-009	4.12100E-010
25	12	8	1	1.33000E-002	2.50000E-003	2.00000E-003	4.25470E-009	2.00000E-009	1.12400E-010	3.45170E+000	7.81700E+002	7.83902E+002	2.20190E+000	5.57542E-001	7.94300E-001	1.77960E-009	1.73050E-009	7.96100E-010
29	14	8	1	1.31000E-002	2.50000E-003	2.10000E-003	4.38580E-009	1.80000E-009	1.41430E-009	3.45990E+000	7.79309E+002	7.80918E+002	1.60860E+000	5.72566E-001	7.95600E-001	1.91780E-009	1.94820E-009	1.17080E-009
33	16	8	1	1.33000E-002	2.50000E-003	2.10000E-003	4.14470E-009	1.70000E-009	2.07000E-009	3.45080E+000	7.75809E+002	7.77659E+002	1.84940E+000	5.76609E-001	7.95200E-001	1.55480E-009	2.12380E-009	1.21800E-010
37	18	8	1	1.32000E-002	2.50000E-003	2.10000E-003	4.17040E-009	1.70000E-009	2.10750E-009	3.32350E+000	7.81582E+002	7.84415E+002	2.83300E+000	5.64155E-001	7.95100E-001	1.47050E-009	2.12850E-009	8.80400E-010
41	20	8	1	1.32000E-002	2.40000E-003	2.10000E-003	3.89880E-009	1.70000E-009	1.88270E-009	3.45940E+000	7.74074E+002	7.76400E+002	2.32580E+000	5.61302E-001	7.94500E-001	1.51970E-009	1.88500E-009	1.33940E-009
46	22	10	1	1.31000E-002	2.40000E-003	2.10000E-003	3.82150E-009	1.60000E-009	7.49000E-011	3.47180E+000	7.75564E+002	7.77688E+002	2.12370E+000	5.59565E-001	7.94700E-001	1.53840E-009	1.77260E-009	7.96100E-010
50	20	10	1	1.32000E-002	2.40000E-003	2.00000E-003	4.06040E-009	1.90000E-009	1.31130E-009	3.45620E+000	7.77145E+002	7.79195E+002	2.05020E+000	5.70510E-001	7.94200E-001	1.69060E-009	1.94590E-009	5.05800E-010
54	18	10	1	1.31000E-002	2.50000E-003	2.00000E-003	4.65750E-009	2.00000E-009	1.62980E-009	3.46250E+000	7.68140E+002	7.69924E+002	1.78360E+000	5.77759E-001	7.95000E-001	1.70470E-009	2.13560E-009	1.29260E-009
58	16	10	1	1.32000E-002	2.50000E-003	2.10000E-003	5.20070E-009	1.80000E-009	1.61100E-009	3.42010E+000	7.63019E+002	7.64728E+002	1.70860E+000	5.80327E-001	7.94900E-001	1.36280E-009	1.96930E-009	1.20830E-009
62	14	10	1	1.32000E-002	2.50000E-003	2.10000E-003	5.18200E-009	1.90000E-009	2.81000E-011	3.45470E+000	7.64634E+002	7.66422E+002	1.78770E+000	5.80326E-001	7.95100E-001	1.70940E-009	2.20580E-009	4.87100E-010
66	12	10	1	1.32000E-002	2.40000E-003	2.10000E-003	4.61770E-009	1.80000E-009	8.14900E-010	3.46160E+000	7.70914E+002	7.72499E+002	1.58400E+000	5.75817E-001	7.95400E-001	1.70240E-009	1.91080E-009	1.21800E-010
70	10	10	1	1.31000E-002	2.50000E-003	2.10000E-003	3.69970E-009	1.80000E-009	1.56420E-009	3.46320E+000	7.84431E+002	7.86260E+002	1.82900E+000	5.60506E-001	7.95300E-001	1.48460E-009	1.84520E-009	4.96400E-010
74	8	10	1	1.32000E-002	2.40000E-003	2.10000E-003	4.48180E-009	1.70000E-009	1.47990E-009	3.50650E+000	7.61716E+002	7.64573E+002	2.85630E+000	5.59226E-001	7.95900E-001	2.01610E-009	2.36970E-009	7.30600E-010
77	6	12	3	1.35000E-002	8.00000E-003	1.90000E-003	1.38580E-005
80	8	12	1	1.31000E-002	2.40000E-003	2.00000E-003	4.14000E-009	2.20000E-009	2.81000E-011	3.46080E+000	7.79747E+002	7.82474E+002	2.72700E+000	5.54623E-001	7.94800E-001	1.84520E-009	1.94820E-009	1.61100E-009
84	10	12	1	1.32000E-002	2.40000E-003	2.10000E-003	4.60600E-009	1.80000E-009	1.89200E-009	3.45920E+000	7.67922E+002	7.69442E+002	1.52080E+000	5.72509E-001	7.95500E-001	1.66490E-009	1.97160E-009	1.37690E-009
88	12	12	1	1.32000E-002	2.40000E-003	2.00000E-003	5.85400E-009	2.10000E-009	9.36600E-010	3.45920E+000	7.61668E+002	7.63319E+002	1.65090E+000	5.73826E-001	7.94800E-001	1.91780E-009	1.82180E-009	1.47990E-009
92	14	12	1	1.32000E-002	2.50000E-003	2.10000E-003	6.24040E-009	1.80000E-009	7.77400E-010	3.45920E+000	7.65053E+002	7.66856E+002	1.80230E+000	5.76256E-001	7.95600E-001	1.60400E-009	2.08170E-009	8.14900E-010
96	16	12	1	1.32000E-002	2.50000E-003	2.10000E-003	6.25440E-009	2.10000E-009	1.89200E-009	3.44990E+000	7.65071E+002	7.66658E+002	1.58730E+000	5.78435E-001	7.95600E-001	1.66960E-009	1.91540E-009	1.08650E-009
100	18	12	1	1.32000E-002	2.50000E-003	2.00000E-003	5.86570E-009	2.00000E-009	1.89200E-009	3.46570E+000	7.65531E+002	7.67318E+002	1.78670E+000	5.70784E-001	7.94800E-001	1.32070E-009	2.10040E-009	2.24800E-010
104	20	12	1	1.32000E-002	2.50000E-003	2.10000E-003	4.87520E-009	2.10000E-009	1.92950E-009	3.45540E+000	7.68503E+002	7.69962E+002	1.45920E+000	5.70471E-001	7.94500E-001	1.51500E-009	1.94820E-009	9.55400E-010
108	22	12	1	1.32000E-002	2.50000E-003	2.10000E-003	4.09310E-009	1.70000E-009	3.93400E-010	3.45540E+000	7.83822E+002	7.85732E+002	1.91060E+000	5.63170E-001	7.94300E-001	1.17780E-009	1.93420E-009	8.43000E-010
114	24	14	1	1.32000E-002	2.40000E-003	2.10000E-003	2.97150E-009	1.70000E-009	1.03970E-009	3.46670E+000	7.77575E+002	7.79402E+002	1.82670E+000	5.53017E-001	7.95400E-001	1.44480E-009	1.96700E-009	1.83580E-009
118	22	14	1	1.32000E-002	2.50000E-003	2.00000E-003	4.39290E-009	1.70000E-009	1.12400E-010	3.45690E+000	7.76719E+002	7.78187E+002	1.46740E+000	5.66457E-001	7.95400E-001	1.32300E-009	2.14260E-009	1.74220E-009
122	20	14	1	1.31000E-002	2.40000E-003	2.10000E-003	5.95940E-009	1.70000E-009	7.77400E-010	3.46550E+000	7.70356E+002	7.72194E+002	1.83800E+000	5.60113E-001	7.94800E-001	1.30430E-009	1.86860E-009	4.96400E-010
126	18	14	1	1.32000E-002	2.50000E-003	2.00000E-003	6.79070E-009	1.90000E-009	1.42370E-009	3.47130E+000	7.68637E+002	7.70395E+002	1.75800E+000	5.67243E-001	7.95400E-001	1.57120E-009	2.27140E-009	7.96100E-010
130	16	14	1	1.32000E-002	2.40000E-003	2.10000E-003	6.87730E-009	1.70000E-009	8.52300E-010	3.45200E+000	7.65664E+002	7.67175E+002	1.51080E+000	5.69839E-001	7.94800E-001	1.54310E-009	1.99510E-009	5.33900E-010
134	14	14	1	1.31000E-002	2.40000E-003	2.10000E-003	6.83990E-009	1.90000E-009	2.24800E-010	3.34420E+000	7.61031E+002	7.62432E+002	1.40030E+000	5.74572E-001	7.94700E-001	1.42600E-009	2.19640E-009	2.90400E-010
138	12	14	1	1.31000E-002	2.40000E-003	2.10000E-003	6.63380E-009	1.90000E-009	2.99700E-010	3.46380E+000	7.64221E+002	7.65599E+002	1.37790E+000	5.69777E-001	7.94800E-001	1.68360E-009	2.20110E-009	2.10750E-009
142	10	14	1	1.32000E-002	2.50000E-003	2.00000E-003	5.32250E-009	1.80000E-009	2.06100E-010	3.45940E+000	7.61106E+002	7.62395E+002	1.28890E+000	5.63845E-001	7.94800E-001	1.48690E-009	1.96230E-009	1.29260E-009
146	8	14	1	1.33000E-002	2.50000E-003	2.00000E-003	4.14700E-009	1.80000E-009	3.46600E-010	3.47100E+000	7.80144E+002	7.81481E+002	1.33670E+000	5.63737E-001	7.95400E-001	1.64620E-009	2.23390E-009	1.40500E-009
149	6	14	1	1.35000E-002	2.30000E-003	1.90000E-003	4.44440E-009	1.70000E-009	8.98240E-009	3.53500E+000	7.34956E+002	7.38938E+002	3.98170E+000	5.63871E-001	7.98500E-001	1.75390E-009	2.17540E-009	5.43300E-010
152	6	16	1	1.32000E-002	2.50000E-003	2.00000E-003	4.67620E-009	1.60000E-009	1.00220E-009	3.49330E+000	7.64394E+002	7.66067E+002	1.67230E+000	5.62882E-001	7.95200E-001	1.85920E-009	2.21980E-009	3.65300E-010
156	8	16	1	1.32000E-002	2.60000E-003	2.00000E-003	3.94800E-009	1.70000E-009	2.78180E-009	3.46790E+000	7.64482E+002	7.66158E+002	1.67640E+000	5.73778E-001	7.96000E-001	1.46580E-009	1.85460E-009	1.21760E-009
160	10	16	1	1.32000E-002	2.60000E-003	2.00000E-003	5.77910E-009	1.80000E-009	3.39070E-009	3.47260E+000	7.53481E+002	7.55034E+002	1.55270E+000	5.67903E-001	7.96400E-001	1.66490E-009	2.01380E-009	1.08650E-009
164	12	16	1	1.32000E-002	2.60000E-003	2.00000E-003	6.95460E-009	1.80000E-009	3.09100E-010	3.46290E+000	7.63353E+002	7.64867E+002	1.51490E+000	5.70179E-001	7.94900E-001	1.61570E-009	1.66720E-009	1.34880E-009
168	14	16	1	1.32000E-002	2.60000E-003	2.10000E-003	6.43710E-009	2.00000E-009	9.36600E-010	3.43570E+000	7.60380E+002	7.62094E+002	1.71410E+000	5.72966E-001	7.94900E-001	1.57820E-009	1.85460E-009	1.49900E-010
172	16	16	1	1.32000E-002	2.50000E-003	2.10000E-003	6.83520E-009	1.90000E-009	8.89800E-010	3.43930E+000	7.58223E+002	7.59910E+002	1.68760E+000	5.73114E-001	7.94900E-001	1.40260E-009	2.08870E-009	1.87300E-010
176	18	16	1	1.32000E-002	2.50000E-003	2.10000E-003	6.57060E-009	1.80000E-009	6.83800E-010	3.45370E+000	7.68311E+002	7.70028E+002	1.71730E+000	5.66502E-001	7.94700E-001	1.69770E-009	1.81710E-009	1.40500E-010
180	20	16	1	1.32000E-002	2.50000E-003	2.10000E-003	5.60820E-009	1.80000E-009	1.67660E-009	3.46190E+000	7.67217E+002	7.69545E+002	2.32810E+000	5.64772E-001	7.95500E-001	1.33710E-009	2.11680E-009	9.92800E-010
184	22	16	1	1.31000E-002	2.60000E-003	2.10000E-003	4.78160E-009	1.90000E-009	1.33940E-009	3.46780E+000	7.76258E+002	7.77821E+002	1.56380E+000	5.69581E-001	7.96000E-001	1.44950E-009	2.07700E-009	1.40500E-009
188	24	16	1	1.32000E-002	2.50000E-003	2.10000E-003	3.81450E-009	1.70000E-009	8.24200E-010	3.45940E+000	7.82217E+002	7.84027E+002	1.81020E+000	5.53696E-001	7.94500E-001	1.68360E-009	1.97630E-009	3.55900E-010
192	24	18	1	1.32000E-002	2.50000E-003	2.10000E-003	3.45390E-009	2.00000E-009	1.58290E-009	3.44100E+000	7.82676E+002	7.84529E+002	1.85270E+000	5.51234E-001	7.94900E-001	1.67430E-009	2.08400E-009	2.99700E-010
196	22	18	1	1.32000E-002	2.50000E-003	2.10000E-003	4.52870E-009	1.80000E-009	6.27600E-010	3.44410E+000	7.77150E+002	7.78547E+002	1.39640E+000	5.69375E-001	7.95500E-001	1.49390E-009	2.11680E-009	1.66720E-009
200	20	18	1	1.32000E-002	2.50000E-003	2.10000E-003	6.21700E-009	1.60000E-009	6.65000E-010	3.45940E+000	7.69411E+002	7.71210E+002	1.79960E+000	5.67725E-001	7.95100E-001	1.46120E-009	1.82880E-009	1.35810E-009
204	18	18	1	1.32000E-002	2.60000E-003	2.10000E-003	6.22400E-009	2.00000E-009	9.92800E-010	3.45090E+000	7.68148E+002	7.69710E+002	1.56130E+000	5.65199E-001	7.94500E-001	1.54310E-009	2.15660E-009	1.20830E-009
208	16	18	1	1.32000E-002	2.50000E-003	2.10000E-003	6.22870E-009	1.90000E-009	5.56370E-009	3.38170E+000	7.65239E+002	7.67243E+002	2.00430E+000	5.60327E-001	7.94700E-001	1.56650E-009	2.18000E-009	1.93890E-009
212	14	18	1	1.32000E-002	2.50000E-003	2.10000E-003	6.78370E-009	2.10000E-009	1.21800E-010	3.42940E+000	7.59820E+002	7.61442E+002	1.62190E+000	5.73132E-001	7.95300E-001	1.80070E-009	1.92250E-009	1.86390E-009
216	12	18	1	1.32000E-002	2.60000E-003	2.10000E-003	6.89840E-009	1.70000E-009	1.29260E-009	3.46570E+000	7.61851E+002	7.63277E+002	1.42680E+000	5.69624E-001	7.95300E-001	1.50100E-009	1.99040E-009	1.90140E-009
220	10	18	1	1.33000E-002	2.60000E-003	2.10000E-003	6.09990E-009	2.00000E-009	4.31790E-009	3.47060E+000	7.51033E+002	7.52998E+002	1.96420E+000	5.70979E-001	7.96200E-001	1.60400E-009	1.99270E-009	1.65790E-009
224	8	18	1	1.32000E-002	2.50000E-003	2.00000E-003	4.25710E-009	2.10000E-009	7.30600E-010	3.46190E+000	7.63646E+002	7.65721E+002	2.07520E+000	5.74456E-001	7.96200E-001	1.64620E-009	2.06760E-009	1.12400E-010
227	6	18	1	1.35000E-002	2.40000E-003	1.90000E-003	3.50770E-009	2.00000E-009	6.74400E-010	3.49410E+000	7.67125E+002	7.68744E+002	1.61910E+000	5.61721E-001	7.96100E-001	1.77490E-009	2.10040E-009	7.49000E-011
229	6	20	1	1.35000E-002	2.40000E-003	2.00000E-003	3.42810E-009	1.90000E-009	3.47500E-009	3.53040E+000	7.45175E+002	7.47659E+002	2.48370E+000	5.67715E-001	7.97600E-001	1.91540E-009	2.05830E-009	4.12100E-010
232	8	20	1	1.31000E-002	2.60000E-003	2.00000E-003	3.67870E-009	1.70000E-009	3.24080E-009	3.46490E+000	7.66134E+002	7.68046E+002	1.91190E+000	5.72828E-001	7.95400E-001	1.44710E-009	1.92010E-009	7.39900E-010
236	10	20	1	1.33000E-002	2.60000E-003	2.00000E-003	6.16550E-009	1.90000E-009	3.68100E-009	3.46490E+000	7.51976E+002	7.53406E+002	1.42970E+000	5.73699E-001	7.95400E-001	1.70240E-009	1.87560E-009	1.29260E-009
240	12	20	1	1.32000E-002	2.50000E-003	2.00000E-003	7.40180E-009	1.90000E-009	7.49300E-010	3.46340E+000	7.61264E+002	7.62854E+002	1.58970E+000	5.75343E-001	7.95100E-001	1.89440E-009	2.15660E-009	1.07710E-009
244	14	20	1	1.32000E-002	2.50000E-003	2.10000E-003	6.83280E-009	1.80000E-009	4.77700E-010	3.44720E+000	7.60277E+002	7.61559E+002	1.28290E+000	5.72012E-001	7.95100E-001	1.37450E-009	1.75150E-009	1.96700E-010
248	16	20	1	1.31000E-002	2.60000E-003	2.10000E-003	6.77430E-009	2.00000E-009	1.40500E-010	3.36360E+000	7.59837E+002	7.61343E+002	1.50590E+000	5.71980E-001	7.94900E-001	1.79370E-009	1.94350E-009	7.02500E-010
252	18	20	1	1.32000E-002	2.60000E-003	2.10000E-003	6.47690E-009	2.10000E-009	9.64700E-010	3.43640E+000	7.69029E+002	7.70609E+002	1.58010E+000	5.71300E-001	7.94800E-001	1.94120E-009	1.83820E-009	1.03030E-009
256	20	20	1	1.32000E-002	2.60000E-003	2.10000E-003	5.54730E-009	1.70000E-009	1.78900E-009	3.43940E+000	7.72224E+002	7.74054E+002	1.82970E+000	5.64650E-001	7.94900E-001	1.26450E-009	1.99740E-009	3.74700E-010
260	22	20	1	1.32000E-002	2.60000E-003	2.10000E-003	4.13760E-009	1.90000E-009	4.02800E-010	3.44550E+000	7.80571E+002	7.82052E+002	1.48070E+000	5.69751E-001	7.94200E-001	1.73050E-009	1.96930E-009	4.12100E-010
267	22	22	1	1.32000E-002	2.50000E-003	2.10000E-003	4.18210E-009	2.00000E-009	1.40500E-009	3.46710E+000	7.83271E+002	7.84786E+002	1.51500E+000	5.68220E-001	7.93600E-001	1.76790E-009	2.08640E-009	4.02800E-010
271	20	22	1	1.32000E-002	2.50000E-003	2.10000E-003	5.02980E-009	1.70000E-009	1.76090E-009	3.46500E+000	7.71421E+002	7.73229E+002	1.80770E+000	5.68753E-001	7.94600E-001	1.45880E-009	1.83580E-009	4.59000E-010
275	18	22	1	1.32000E-002	2.50000E-003	2.00000E-003	5.91020E-009	1.90000E-009	7.58700E-010	3.46100E+000	7.74861E+002	7.76491E+002	1.63020E+000	5.72400E-001	7.95600E-001	1.69060E-009	2.07940E-009	1.54550E-009
279	16	22	1	1.32000E-002	2.50000E-003	2.10000E-003	6.76020E-009	1.90000E-009	9.40000E-012	3.45130E+000	7.65546E+002	7.67027E+002	1.48110E+000	5.75095E-001	7.94800E-001	1.60870E-009	1.76560E-009	3.93400E-010
283	14	22	1	1.32000E-002	2.50000E-003	2.10000E-003	6.92880E-009	1.80000E-009	2.08870E-009	3.46180E+000	7.62150E+002	7.63652E+002	1.50250E+000	5.76630E-001	7.95500E-001	1.40500E-009	2.17300E-009	5.62000E-010
287	12	22	1	1.31000E-002	2.50000E-003	2.00000E-003	7.36440E-009	2.20000E-009	1.13330E-009	3.46500E+000	7.51414E+002	7.52864E+002	1.45020E+000	5.76270E-001	7.94900E-001	1.78670E-009	2.14960E-009	7.77400E-010
291	10	22	1	1.32000E-002	2.40000E-003	2.00000E-003	5.56130E-009	1.50000E-009	9.08500E-010	3.46410E+000	7.54181E+002	7.55683E+002	1.50140E+000	5.77512E-001	7.95000E-001	1.54780E-009	1.97630E-009	1.65790E-009
295	8	22	1	1.32000E-002	2.50000E-003	2.10000E-003	3.68800E-009	1.80000E-009	7.49300E-010	3.47010E+000	7.79267E+002	7.80751E+002	1.48380E+000	5.62764E-001	7.95400E-001	1.73750E-009	2.16370E-009	1.38620E-009
298	8	24	1	1.36000E-002	2.40000E-003	2.00000E-003	4.42330E-009	1.90000E-009	1.43310E-009	3.48390E+000	7.71701E+002	7.73540E+002	1.84000E+000	5.62117E-001	7.95300E-001	1.99510E-009	2.49850E-009	2.90400E-010
301	10	24	1	1.32000E-002	2.50000E-003	2.00000E-003	4.83070E-009	1.70000E-009	9.17900E-010	3.46500E+000	7.68030E+002	7.69443E+002	1.41260E+000	5.73913E-001	7.94700E-001	1.50570E-009	1.79370E-009	5.43300E-010
305	12	24	1	1.32000E-002	2.50000E-003	2.00000E-003	5.72520E-009	1.90000E-009	2.12620E-009	3.45990E+000	7.56612E+002	7.58224E+002	1.61180E+000	5.78583E-001	7.94700E-001	1.55250E-009	2.13320E-009	4.21500E-010
309	14	24	1	1.32000E-002	2.50000E-003	2.00000E-003	6.31060E-009	2.00000E-009	1.50800E-009	3.46630E+000	7.57904E+002	7.59713E+002	1.80900E+000	5.78922E-001	7.95200E-001	1.73280E-009	2.19640E-009	4.59000E-010
313	16	24	1	1.32000E-002	2.60000E-003	2.10000E-003	5.72520E-009	1.60000E-009	1.66720E-009	3.45980E+000	7.65234E+002	7.66686E+002	1.45200E+000	5.73410E-001	7.95100E-001	1.38620E-009	2.00680E-009	7.30600E-010
317	18	24	1	1.32000E-002	2.60000E-003	2.10000E-003	5.49810E-009	1.90000E-009	7.49300E-010	3.46690E+000	7.69820E+002	7.71493E+002	1.67240E+000	5.73597E-001	7.95500E-001	1.68130E-009	2.00440E-009	4.21500E-010
321	20	24	1	1.31000E-002	2.50000E-003	2.00000E-003	4.54270E-009	2.00000E-009	1.37690E-009	3.46600E+000	7.76224E+002	7.77680E+002	1.45640E+000	5.72326E-001	7.94900E-001	1.71170E-009	2.14260E-009	1.49900E-010
325	22	24	1	1.34000E-002	2.50000E-003	2.00000E-003	4.04630E-009	1.70000E-009	1.91080E-009	3.46880E+000	7.82568E+002	7.84530E+002	1.96150E+000	5.57348E-001	7.94600E-001	1.65080E-009	2.18940E-009	1.31130E-009
328	20	26	1	1.33000E-002	2.40000E-003	2.00000E-003	4.30390E-009	1.80000E-009	2.80060E-009	3.44780E+000	7.82638E+002	7.84859E+002	2.22050E+000	5.56873E-001	7.94100E-001	1.80540E-009	2.23160E-009	5.52600E-010
331	18	26	1	1.32000E-002	2.40000E-003	2.10000E-003	4.51460E-009	1.90000E-009	3.75000E-011	3.47270E+000	7.80268E+002	7.81721E+002	1.45260E+000	5.70288E-001	7.95000E-001	1.44240E-009	1.92250E-009	6.56000E-011
335	16	26	1	1.32000E-002	2.50000E-003	2.10000E-003	4.29690E-009	1.90000E-009	5.80700E-010	3.45650E+000	7.67752E+002	7.69970E+002	2.21820E+000	5.70332E-001	7.95500E-001	1.52200E-009	2.16830E-009	1.18950E-009
339	14	26	1	1.31000E-002	2.50000E-003	2.10000E-003	4.79330E-009	1.90000E-009	2.29480E-009	3.45500E+000	7.66693E+002	7.68235E+002	1.54250E+000	5.75879E-001	7.95300E-001	1.54550E-009	2.46340E-009	1.98570E-009
343	12	26	1	1.32000E-002	2.50000E-003	2.10000E-003	4.72300E-009	1.70000E-009	2.07000E-009	3.46230E+000	7.73719E+002	7.75475E+002	1.75610E+000	5.71379E-001	7.94500E-001	1.43310E-009	1.95760E-009	8.61700E-010
347	10	26	1	1.32000E-002	2.40000E-003	2.00000E-003	4.17280E-009	2.00000E-009	9.74100E-010	3.46460E+000	7.75937E+002	7.78023E+002	2.08610E+000	5.59670E-001	7.95800E-001	1.95290E-009	2.10980E-009	7.77400E-010
349	12	28	1	1.46000E-002	2.30000E-003	1.90000E-003	4.42560E-009	1.10000E-009	1.95760E-009	3.47100E+000	7.67591E+002	7.69516E+002	1.92540E+000	5.60686E-001	7.94700E-001	2.11450E-009	1.32070E-009	1.01160E-009
351	14	28	1	1.34000E-002	2.40000E-003	1.90000E-003	4.20790E-009	1.40000E-009	1.81710E-009	3.45690E+000	7.76185E+002	7.78496E+002	2.31060E+000	5.56851E-001	7.94900E-001	1.87090E-009	1.81240E-009	6.18200E-010
353	16	28	1	1.34000E-002	2.30000E-003	2.00000E-003	3.88010E-009	1.50000E-009	1.60170E-009	3.46320E+000	7.79295E+002	7.81118E+002	1.82280E+000	5.57106E-001	7.95400E-001	1.92250E-009	1.81940E-009	4.68300E-010

1	15	5	3	1.29000E-002	-5.00000E-004	-9.00000E-004	1.39330E-005
2	19	7	1	1.28000E-002	-5.00000E-004	-8.00000E-004	4.30780E-009	1.10000E-009	4.77900E-010	3.48030E+000	7.67346E+002	7.69251E+002	1.90490E+000	5.63768E-001	7.97900E-001	2.46430E-009	1.36560E-009	2.70790E-009
5	17	7	1	1.32000E-002	-3.00000E-004	-6.00000E-004	3.37550E-009	1.80000E-009	1.96800E-010	3.45370E+000	7.77553E+002	7.80137E+002	2.58400E+000	5.60466E-001	7.97500E-001	1.58120E-009	2.04260E-009	5.62000E-011
9	15	7	1	1.32000E-002	-2.00000E-004	-6.00000E-004	3.78540E-009	1.60000E-009	4.59100E-010	3.45400E+000	7.80628E+002	7.82034E+002	1.40610E+000	5.60289E-001	7.98200E-001	1.65140E-009	1.94660E-009	1.54600E-009
13	13	7	1	1.31000E-002	-2.00000E-004	-5.00000E-004	3.48560E-009	1.50000E-009	1.12400E-010	3.47270E+000	7.78609E+002	7.80944E+002	2.33530E+000	5.54732E-001	7.98600E-001	1.56240E-009	1.99580E-009	9.46300E-010
16	11	7	1	1.36000E-002	-2.00000E-004	-6.00000E-004	3.38480E-009	1.50000E-009	2.93270E-009	3.51180E+000	7.61251E+002	7.65043E+002	3.79200E+000	5.58595E-001	7.99400E-001	1.85050E-009	2.09650E-009	8.33900E-010
22	9	9	1	1.31000E-002	-3.00000E-004	-6.00000E-004	3.22550E-009	1.60000E-009	3.18600E-010	3.48970E+000	7.71357E+002	7.73560E+002	2.20290E+000	5.57488E-001	7.97800E-001	1.20870E-009	1.85990E-009	1.36800E-009
26	11	9	1	1.33000E-002	-3.00000E-004	-5.00000E-004	3.86270E-009	1.70000E-009	1.41952E-008	3.46570E+000	7.86077E+002	7.88543E+002	2.46610E+000	5.56393E-001	7.97500E-001	1.53430E-009	1.49450E-009	1.03100E-010
30	13	9	1	1.31000E-002	-2.00000E-004	-6.00000E-004	4.24690E-009	1.60000E-009	9.18200E-010	3.46150E+000	7.74694E+002	7.76327E+002	1.63380E+000	5.75336E-001	7.97000E-001	1.74750E-009	1.91610E-009	1.51790E-009
34	15	9	1	1.33000E-002	-3.00000E-004	-6.00000E-004	4.34990E-009	1.60000E-009	1.33050E-009	3.45080E+000	7.62152E+002	7.63855E+002	1.70330E+000	5.84832E-001	7.97700E-001	1.59290E-009	2.10350E-009	9.93200E-010
38	17	9	1	1.32000E-002	-2.00000E-004	-5.00000E-004	4.34290E-009	1.60000E-009	1.97700E-009	3.20360E+000	7.63121E+002	7.64683E+002	1.56210E+000	5.83029E-001	7.97300E-001	1.39610E-009	1.93250E-009	1.38670E-009
42	19	9	1	1.32000E-002	-2.00000E-004	-6.00000E-004	4.18600E-009	1.60000E-009	6.37100E-010	3.45210E+000	7.76678E+002	7.79014E+002	2.33560E+000	5.71161E-001	7.96900E-001	1.52730E-009	1.78030E-009	2.22060E-009
44	21	9	1	1.28000E-002	-4.00000E-004	-7.00000E-004	4.79260E-009	1.20000E-009	5.62200E-010	3.45840E+000	7.76240E+002	7.78952E+002	2.71160E+000	5.59042E-001	7.96600E-001	2.60950E-009	1.39610E-009	3.00770E-009
47	21	11	1	1.31000E-002	-2.00000E-004	-6.00000E-004	4.11100E-009	1.50000E-009	1.12400E-010	3.45880E+000	7.80027E+002	7.81742E+002	1.71550E+000	5.67797E-001	7.96500E-001	1.65380E-009	1.62100E-009	1.47110E-009
51	19	11	1	1.32000E-002	-2.00000E-004	-6.00000E-004	4.63800E-009	1.70000E-009	9.40000E-012	3.45220E+000	7.63404E+002	7.65061E+002	1.65750E+000	5.77398E-001	7.97000E-001	1.58350E-009	1.73580E-009	1.19000E-009
55	17	11	1	1.31000E-002	-2.00000E-004	-5.00000E-004	5.40870E-009	1.70000E-009	5.71600E-010	3.45720E+000	7.58828E+002	7.60335E+002	1.50730E+000	5.77433E-001	7.97500E-001	1.56010E-009	1.89270E-009	2.00510E-009
59	15	11	1	1.32000E-002	-2.00000E-004	-5.00000E-004	5.59610E-009	1.70000E-009	3.46700E-010	3.43080E+000	7.60328E+002	7.62074E+002	1.74580E+000	5.76894E-001	7.96900E-001	1.32350E-009	1.89500E-009	1.74280E-009
63	13	11	1	1.32000E-002	-2.00000E-004	-5.00000E-004	5.13460E-009	1.70000E-009	5.15300E-010	3.46260E+000	7.68190E+002	7.69949E+002	1.75900E+000	5.72869E-001	7.97900E-001	1.63740E-009	1.98870E-009	1.24620E-009
67	11	11	1	1.32000E-002	-2.00000E-004	-5.00000E-004	4.20240E-009	1.80000E-009	2.06140E-009	3.46840E+000	7.75151E+002	7.76712E+002	1.56050E+000	5.71382E-001	7.97800E-001	1.63500E-009	1.92080E-009	6.65300E-010
71	9	11	1	1.31000E-002	-2.00000E-004	-5.00000E-004	3.20920E-009	1.70000E-009	5.64060E-009	3.47160E+000	7.83442E+002	7.85341E+002	1.89880E+000	5.57040E-001	7.98300E-001	1.48510E-009	1.72870E-009	4.96600E-010
75	7	11	1	1.32000E-002	-3.00000E-004	-5.00000E-004	5.48370E-009	1.90000E-009	1.55539E-008	3.51950E+000	7.10207E+002	7.14715E+002	4.50800E+000	5.63550E-001	7.99800E-001	2.09180E-009	1.85290E-009	2.34200E-010
81	7	13	1	1.31000E-002	-3.00000E-004	-5.00000E-004	3.33560E-009	2.00000E-009	6.74600E-010	3.48330E+000	7.74920E+002	7.76659E+002	1.73970E+000	5.55058E-001	7.97000E-001	1.77790E-009	1.93950E-009	1.40550E-009
85	9	13	1	1.32000E-002	-2.00000E-004	-6.00000E-004	4.18830E-009	1.70000E-009	6.76500E-009	3.46930E+000	7.64128E+002	7.66244E+002	2.11660E+000	5.67631E-001	7.98100E-001	1.68420E-009	1.70530E-009	8.33900E-010
89	11	13	1	1.32000E-002	-3.00000E-004	-6.00000E-004	5.01750E-009	1.80000E-009	2.38930E-009	3.47240E+000	7.68146E+002	7.69729E+002	1.58280E+000	5.66301E-001	7.97500E-001	1.73580E-009	1.88800E-009	1.03100E-010
93	13	13	1	1.32000E-002	-2.00000E-004	-6.00000E-004	5.91700E-009	1.60000E-009	1.78000E-010	3.47550E+000	7.62805E+002	7.64631E+002	1.82580E+000	5.73712E-001	7.97800E-001	1.72170E-009	1.81540E-009	1.37740E-009
97	15	13	1	1.32000E-002	-2.00000E-004	-5.00000E-004	6.38080E-009	1.80000E-009	1.78000E-010	3.44610E+000	7.61152E+002	7.62575E+002	1.42330E+000	5.78419E-001	7.98200E-001	1.58120E-009	1.91610E-009	1.09630E-009
101	17	13	1	1.32000E-002	-2.00000E-004	-5.00000E-004	6.16530E-009	1.80000E-009	3.56100E-010	3.46570E+000	7.63109E+002	7.64491E+002	1.38290E+000	5.76147E-001	7.97700E-001	1.39380E-009	1.87630E-009	2.37990E-009
105	19	13	1	1.32000E-002	-2.00000E-004	-5.00000E-004	5.68280E-009	1.70000E-009	3.37300E-010	3.45830E+000	7.60165E+002	7.61679E+002	1.51360E+000	5.68356E-001	7.97500E-001	1.37270E-009	1.81540E-009	4.96600E-010
109	21	13	1	1.32000E-002	-2.00000E-004	-5.00000E-004	4.45770E-009	1.50000E-009	2.06100E-010	3.45820E+000	7.69465E+002	7.70907E+002	1.44250E+000	5.62757E-001	7.96000E-001	1.14310E-009	1.86930E-009	8.62000E-010
112	23	13	1	1.31000E-002	-4.00000E-004	-7.00000E-004	4.24920E-009	1.60000E-009	4.49700E-010	3.47120E+000	7.84225E+002	7.86232E+002	2.00730E+000	5.55642E-001	7.96500E-001	1.81770E-009	1.86220E-009	6.27800E-010
115	23	15	1	1.32000E-002	-2.00000E-004	-6.00000E-004	3.37310E-009	1.50000E-009	2.62350E-009	3.47040E+000	7.88862E+002	7.90558E+002	1.69600E+000	5.58831E-001	7.98200E-001	1.42660E-009	1.86930E-009	5.24700E-010
119	21	15	1	1.32000E-002	-1.00000E-004	-5.00000E-004	4.92150E-009	1.60000E-009	1.95830E-009	3.46350E+000	7.73497E+002	7.75471E+002	1.97410E+000	5.64285E-001	7.97500E-001	1.31880E-009	1.95830E-009	8.62000E-010
123	19	15	1	1.31000E-002	-1.00000E-004	-5.00000E-004	6.47450E-009	1.50000E-009	4.96600E-010	3.46500E+000	7.69827E+002	7.71488E+002	1.66110E+000	5.67224E-001	7.96700E-001	1.34460E-009	1.85520E-009	1.50850E-009
127	17	15	1	1.32000E-002	-2.00000E-004	-5.00000E-004	6.38790E-009	1.70000E-009	1.59300E-010	3.44300E+000	7.59551E+002	7.61061E+002	1.51000E+000	5.70211E-001	7.97500E-001	1.43360E-009	1.97940E-009	1.25560E-009
131	15	15	1	1.32000E-002	-1.00000E-004	-5.00000E-004	6.34800E-009	1.60000E-009	1.27430E-009	3.43780E+000	7.60922E+002	7.62457E+002	1.53440E+000	5.72319E-001	7.97400E-001	1.56940E-009	1.74980E-009	1.80840E-009
135	13	15	1	1.31000E-002	-2.00000E-004	-5.00000E-004	6.31520E-009	1.80000E-009	1.16190E-009	3.35010E+000	7.64340E+002	7.66140E+002	1.80000E+000	5.68587E-001	7.96400E-001	1.41950E-009	1.93950E-009	1.05880E-009
139	11	15	1	1.31000E-002	-1.00000E-004	-5.00000E-004	5.64530E-009	1.60000E-009	2.08950E-009	3.48380E+000	7.76181E+002	7.78012E+002	1.83060E+000	5.59891E-001	7.97700E-001	1.57410E-009	1.96060E-009	2.24900E-010
143	9	15	1	1.32000E-002	-1.00000E-004	-5.00000E-004	4.62630E-009	1.70000E-009	3.98220E-009	3.45900E+000	7.65448E+002	7.66877E+002	1.42900E+000	5.68457E-001	7.97900E-001	1.54840E-009	1.89740E-009	6.27800E-010
147	7	15	1	1.33000E-002	-2.00000E-004	-5.00000E-004	3.97980E-009	1.60000E-009	2.85780E-009	3.46640E+000	7.80395E+002	7.82288E+002	1.89230E+000	5.57035E-001	7.97900E-001	1.61630E-009	1.93720E-009	3.65400E-010
153	5	17	3	1.32000E-002	4.00000E-004	-6.00000E-004	1.39630E-005
157	7	17	1	1.32000E-002	-3.00000E-004	-6.00000E-004	3.39420E-009	1.60000E-009	1.25560E-009	3.47180E+000	7.81657E+002	7.83722E+002	2.06480E+000	5.59758E-001	7.99100E-001	1.45700E-009	1.88100E-009	8.43000E-011
161	9	17	1	1.32000E-002	-3.00000E-004	-5.00000E-004	4.39440E-009	1.60000E-009	1.44290E-009	3.46330E+000	7.56272E+002	7.57948E+002	1.67560E+000	5.75281E-001	7.99000E-001	1.71700E-009	1.85760E-009	1.33990E-009
165	11	17	1	1.32000E-002	-2.00000E-004	-5.00000E-004	6.20050E-009	1.80000E-009	2.05200E-009	3.48650E+000	7.71554E+002	7.73197E+002	1.64210E+000	5.64321E-001	7.99300E-001	1.55540E-009	1.67020E-009	1.45230E-009
169	13	17	1	1.32000E-002	-2.00000E-004	-5.00000E-004	6.26140E-009	1.80000E-009	2.72660E-009	3.44310E+000	7.61276E+002	7.63285E+002	2.00830E+000	5.68364E-001	7.97200E-001	1.54370E-009	1.65140E-009	1.09630E-009
173	15	17	1	1.32000E-002	-1.00000E-004	-5.00000E-004	6.55650E-009	1.70000E-009	1.76150E-009	3.31680E+000	7.47874E+002	7.50591E+002	2.71760E+000	5.62424E-001	7.96900E-001	1.31650E-009	1.85520E-009	1.13370E-009
177	17	17	1	1.32000E-002	-1.00000E-004	-5.00000E-004	6.34800E-009	1.80000E-009	1.45230E-009	3.43380E+000	7.60214E+002	7.61710E+002	1.49590E+000	5.71950E-001	7.97100E-001	1.68660E-009	1.73580E-009	1.58350E-009
181	19	17	1	1.32000E-002	-2.00000E-004	-6.00000E-004	6.06690E-009	1.60000E-009	1.04940E-009	3.45040E+000	7.65482E+002	7.67136E+002	1.65440E+000	5.68096E-001	7.97300E-001	1.33750E-009	1.90910E-009	2.19250E-009
185	21	17	1	1.31000E-002	-1.00000E-004	-5.00000E-004	5.14170E-009	1.70000E-009	8.43300E-010	3.46020E+000	7.68566E+002	7.70352E+002	1.78610E+000	5.67139E-001	7.97900E-001	1.37970E-009	1.89970E-009	1.54600E-009
189	23	17	1	1.32000E-002	-2.00000E-004	-6.00000E-004	3.70810E-009	1.60000E-009	1.81770E-009	3.46250E+000	7.88812E+002	7.90142E+002	1.33010E+000	5.61211E-001	7.98600E-001	1.64440E-009	1.86460E-009	8.33900E-010
193	23	19	1	1.32000E-002	-2.00000E-004	-6.00000E-004	3.44110E-009	1.80000E-009	1.40550E-009	3.46930E+000	7.89537E+002	7.90948E+002	1.41110E+000	5.61452E-001	7.97700E-001	1.67950E-009	1.86930E-009	9.27600E-010
197	21	19	1	1.32000E-002	-2.00000E-004	-5.00000E-004	4.72240E-009	1.60000E-009	1.21800E-010	3.32640E+000	7.72031E+002	7.73655E+002	1.62380E+000	5.66139E-001	7.96500E-001	1.48750E-009	1.93020E-009	1.26490E-009
201	19	19	1	1.32000E-002	-1.00000E-004	-5.00000E-004	6.01540E-009	1.70000E-009	9.08900E-010	3.37390E+000	7.70945E+002	7.72380E+002	1.43510E+000	5.70186E-001	7.96500E-001	1.53430E-009	1.71470E-009	9.65100E-010
205	17	19	1	1.32000E-002	-1.00000E-004	-5.00000E-004	6.04350E-009	1.90000E-009	1.31180E-009	3.43390E+000	7.61628E+002	7.63076E+002	1.44780E+000	5.72383E-001	7.96900E-001	1.67950E-009	1.84350E-009	1.78960E-009
209	15	19	1	1.32000E-002	-2.00000E-004	-5.00000E-004	6.26140E-009	1.70000E-009	4.21600E-010	3.40960E+000	7.54828E+002	7.56516E+002	1.68780E+000	5.73987E-001	7.97700E-001	1.41480E-009	2.01220E-009	2.19250E-009
213	13	19	1	1.32000E-002	-1.00000E-004	-5.00000E-004	6.66430E-009	1.90000E-009	8.62000E-010	3.44980E+000	7.58977E+002	7.60577E+002	1.59920E+000	5.70338E-001	7.97500E-001	1.68420E-009	1.92780E-009	3.93500E-010
217	11	19	1	1.32000E-002	-2.00000E-004	-5.00000E-004	6.06690E-009	1.60000E-009	4.46940E-009	3.48270E+000	7.71164E+002	7.72916E+002	1.75190E+000	5.66860E-001	7.97700E-001	1.47570E-009	1.97000E-009	4.77900E-010
221	9	19	1	1.33000E-002	-1.00000E-004	-5.00000E-004	4.62160E-009	1.80000E-009	5.36890E-009	3.46270E+000	7.57690E+002	7.59293E+002	1.60310E+000	5.74232E-001	7.98400E-001	1.35630E-009	1.82950E-009	1.09630E-009
225	7	19	1	1.32000E-002	-2.00000E-004	-5.00000E-004	3.70810E-009	1.80000E-009	4.50690E-009	3.46670E+000	7.78649E+002	7.80838E+002	2.18870E+000	5.60302E-001	7.99100E-001	1.50150E-009	2.02620E-009	3.65400E-010
233	7	21	1	1.31000E-002	-3.00000E-004	-6.00000E-004	3.05460E-009	1.70000E-009	1.02130E-009	3.48070E+000	7.73439E+002	7.74995E+002	1.55520E+000	5.61941E-001	7.97900E-001	1.57650E-009	1.85760E-009	5.24700E-010
237	9	21	1	1.33000E-002	-3.00000E-004	-6.00000E-004	4.62630E-009	1.50000E-009	5.43450E-009	3.46480E+000	7.60497E+002	7.62059E+002	1.56200E+000	5.76318E-001	7.97700E-001	1.48040E-009	1.71700E-009	1.33990E-009
241	11	21	1	1.32000E-002	-3.00000E-004	-5.00000E-004	6.05050E-009	1.70000E-009	1.03070E-009	3.47410E+000	7.64894E+002	7.66763E+002	1.86940E+000	5.66462E-001	7.97700E-001	1.71000E-009	2.09410E-009	6.93400E-010
245	13	21	1	1.32000E-002	-3.00000E-004	-5.00000E-004	6.76030E-009	1.70000E-009	2.53000E-010	3.46790E+000	7.61884E+002	7.63703E+002	1.81880E+000	5.76033E-001	7.98000E-001	1.38200E-009	1.67950E-009	1.10560E-009
249	15	21	1	1.31000E-002	-2.00000E-004	-5.00000E-004	6.74860E-009	1.60000E-009	1.04000E-009	3.44120E+000	7.61094E+002	7.62723E+002	1.62880E+000	5.70818E-001	7.97400E-001	1.59520E-009	1.78490E-009	1.38670E-009
253	17	21	1	1.32000E-002	-2.00000E-004	-5.00000E-004	6.17230E-009	1.90000E-009	6.84000E-010	3.44270E+000	7.64731E+002	7.66222E+002	1.49140E+000	5.73242E-001	7.97900E-001	1.71700E-009	1.84820E-009	6.09000E-010
257	19	21	1	1.32000E-002	-3.00000E-004	-5.00000E-004	5.79760E-009	1.60000E-009	3.18600E-010	3.43310E+000	7.70166E+002	7.71745E+002	1.57910E+000	5.69804E-001	7.97300E-001	1.23210E-009	1.91380E-009	8.90100E-010
261	21	21	1	1.32000E-002	-3.00000E-004	-5.00000E-004	4.22580E-009	1.60000E-009	3.75000E-011	3.46620E+000	7.77762E+002	7.79467E+002	1.70480E+000	5.68559E-001	7.96400E-001	1.60460E-009	1.75220E-009	9.93200E-010
264	23	21	1	1.31000E-002	-4.00000E-004	-7.00000E-004	3.84160E-009	1.50000E-009	1.01190E-009	3.46080E+000	7.88891E+002	7.90654E+002	1.76270E+000	5.55169E-001	7.96600E-001	1.80130E-009	1.72400E-009	1.08690E-009
268	21	23	1	1.32000E-002	-2.00000E-004	-5.00000E-004	3.93060E-009	1.80000E-009	8.80800E-010	3.45800E+000	7.79338E+002	7.80920E+002	1.58230E+000	5.71335E-001	7.96400E-001	1.65380E-009	2.01450E-009	1.61160E-009
272	19	23	1	1.32000E-002	-2.00000E-004	-5.00000E-004	4.90740E-009	1.60000E-009	6.56000E-011	3.45350E+000	7.67053E+002	7.68615E+002	1.56230E+000	5.71573E-001	7.97400E-001	1.46400E-009	1.75920E-009	1.14310E-009
276	17	23	1	1.32000E-002	-2.00000E-004	-5.00000E-004	5.75070E-009	1.70000E-009	7.50000E-011	3.46130E+000	7.62218E+002	7.63767E+002	1.54840E+000	5.78692E-001	7.97700E-001	1.75920E-009	1.84820E-009	1.63030E-009
280	15	23	1	1.32000E-002	-2.00000E-004	-5.00000E-004	6.34100E-009	1.80000E-009	3.27900E-010	3.45840E+000	7.62105E+002	7.63743E+002	1.63740E+000	5.77770E-001	7.97700E-001	1.46170E-009	1.61160E-009	1.96770E-009
284	13	23	1	1.32000E-002	-2.00000E-004	-5.00000E-004	6.24260E-009	1.70000E-009	1.78000E-010	3.46220E+000	7.55313E+002	7.57304E+002	1.99120E+000	5.76997E-001	7.98000E-001	1.34920E-009	1.98170E-009	1.86460E-009
288	11	23	1	1.31000E-002	-2.00000E-004	-5.00000E-004	5.63120E-009	2.00000E-009	2.09880E-009	3.46880E+000	7.62890E+002	7.64529E+002	1.63910E+000	5.73539E-001	7.97100E-001	1.64910E-009	1.99810E-009	7.49600E-010
292	9	23	1	1.32000E-002	-2.00000E-004	-5.00000E-004	4.19770E-009	1.50000E-009	1.19930E-009	3.46420E+000	7.72145E+002	7.73601E+002	1.45640E+000	5.70190E-001	7.96900E-001	1.57410E-009	1.82950E-009	1.01190E-009
296	7	23	1	1.32000E-002	-2.00000E-004	-6.00000E-004	2.86010E-009	1.60000E-009	2.06140E-009	3.50410E+000	7.55221E+002	7.58307E+002	3.08600E+000	5.64622E-001	7.98500E-001	1.72170E-009	1.93490E-009	2.06100E-010
302	9	25	1	1.32000E-002	-3.00000E-004	-6.00000E-004	4.10160E-009	1.60000E-009	3.46700E-010	3.46780E+000	7.75622E+002	7.77638E+002	2.01610E+000	5.57331E-001	7.97700E-001	1.46870E-009	1.73580E-009	2.23000E-009
306	11	25	1	1.32000E-002	-3.00000E-004	-6.00000E-004	4.63800E-009	1.50000E-009	5.24700E-010	3.46490E+000	7.74221E+002	7.75733E+002	1.51200E+000	5.70921E-001	7.96600E-001	1.42190E-009	1.90210E-009	1.48040E-009
310	13	25	1	1.32000E-002	-3.00000E-004	-5.00000E-004	5.13230E-009	1.80000E-009	7.59000E-010	3.45900E+000	7.63125E+002	7.64713E+002	1.58840E+000	5.77944E-001	7.97700E-001	1.53430E-009	2.05430E-009	1.53660E-009
314	15	25	1	1.32000E-002	-3.00000E-004	-5.00000E-004	5.12760E-009	1.40000E-009	3.56100E-010	3.44810E+000	7.58150E+002	7.59756E+002	1.60570E+000	5.75292E-001	7.97200E-001	1.32580E-009	1.89970E-009	1.80840E-009
318	17	25	1	1.32000E-002	-3.00000E-004	-5.00000E-004	5.10190E-009	1.60000E-009	1.11500E-009	3.45370E+000	7.63325E+002	7.64845E+002	1.52040E+000	5.77311E-001	7.97900E-001	1.56710E-009	1.81770E-009	2.15510E-009
322	19	25	1	1.31000E-002	-1.00000E-004	-5.00000E-004	4.23510E-009	1.80000E-009	6.84000E-010	3.46260E+000	7.74406E+002	7.75846E+002	1.44060E+000	5.74350E-001	7.96700E-001	1.60220E-009	2.07780E-009	8.24500E-010
326	21	25	1	1.34000E-002	-3.00000E-004	-7.00000E-004	3.94000E-009	1.60000E-009	2.81000E-011	3.46610E+000	7.83959E+002	7.85852E+002	1.89250E+000	5.56847E-001	7.96300E-001	1.61390E-009	1.98410E-009	1.14310E-009
329	19	27	1	1.33000E-002	-3.00000E-004	-6.00000E-004	3.94940E-009	1.70000E-009	5.80900E-010	3.46420E+000	7.78626E+002	7.81316E+002	2.69030E+000	5.59299E-001	7.96400E-001	1.85290E-009	1.94420E-009	2.03320E-009
332	17	27	1	1.32000E-002	-2.00000E-004	-6.00000E-004	3.98220E-009	1.80000E-009	2.99800E-010	3.47240E+000	7.79827E+002	7.81779E+002	1.95160E+000	5.70605E-001	7.97300E-001	1.47340E-009	1.78960E-009	1.24620E-009
336	15	27	1	1.32000E-002	-2.00000E-004	-6.00000E-004	3.54880E-009	1.70000E-009	5.43400E-010	3.46280E+000	7.77116E+002	7.78584E+002	1.46820E+000	5.70136E-001	7.97800E-001	1.66550E-009	1.90440E-009	1.30240E-009
340	13	27	1	1.31000E-002	-1.00000E-004	-5.00000E-004	3.94230E-009	1.70000E-009	3.37300E-010	3.46220E+000	7.80915E+002	7.83520E+002	2.60510E+000	5.62158E-001	7.97300E-001	1.39380E-009	2.23940E-009	1.21810E-009
344	11	27	1	1.32000E-002	-1.00000E-004	-6.00000E-004	3.78540E-009	1.60000E-009	9.37000E-011	3.47740E+000	7.74176E+002	7.76358E+002	2.18230E+000	5.59494E-001	7.97800E-001	1.45000E-009	1.82480E-009	2.25810E-009

6	18	7	1	1.32000E-002	-2.70000E-003	-3.10000E-003	3.43800E-009	1.90000E-009	9.55500E-010	3.48030E+000	7.75481E+002	7.77772E+002	2.29040E+000	5.58456E-001	8.00400E-001	1.74240E-009	1.94850E-009	2.37000E-009
10	16	7	1	1.32000E-002	-2.70000E-003	-3.10000E-003	4.16160E-009	1.50000E-009	7.96300E-010	3.45330E+000	7.79784E+002	7.82631E+002	2.84640E+000	5.59142E-001	8.00200E-001	1.58780E-009	1.81270E-009	1.19910E-009
14	14	7	1	1.31000E-002	-2.70000E-003	-3.00000E-003	4.21780E-009	1.50000E-009	2.81000E-010	3.46170E+000	7.79100E+002	7.81502E+002	2.40200E+000	5.59287E-001	8.00200E-001	1.74010E-009	1.95320E-009	7.49400E-010
17	12	7	1	1.36000E-002	-2.80000E-003	-3.10000E-003	3.82910E-009	1.70000E-009	2.68850E-009	3.48210E+000	7.75030E+002	7.76957E+002	1.92680E+000	5.56384E-001	8.00600E-001	2.03050E-009	2.05390E-009	7.21300E-010
18	10	7	5	1.00000E-002	-3.00000E-003	-3.30000E-003	3.95320E-009	5.00000E-010	1.41150E-005
19	8	9	5	1.02000E-002	-2.90000E-003	-3.30000E-003	3.70030E-009	7.00000E-010	1.41150E-005
23	10	9	1	1.31000E-002	-2.80000E-003	-3.00000E-003	3.59250E-009	1.50000E-009	8.43100E-010	3.46060E+000	7.80011E+002	7.82450E+002	2.43970E+000	5.54453E-001	8.00200E-001	1.25060E-009	1.70730E-009	8.15000E-010
27	12	9	1	1.33000E-002	-2.80000E-003	-3.10000E-003	4.41220E-009	1.70000E-009	1.41450E-009	3.45330E+000	7.78168E+002	7.79829E+002	1.66100E+000	5.69821E-001	7.99500E-001	1.77280E-009	1.50350E-009	1.02110E-009
31	14	9	1	1.31000E-002	-2.70000E-003	-3.10000E-003	4.73770E-009	1.60000E-009	1.31150E-009	3.45340E+000	7.68904E+002	7.70571E+002	1.66790E+000	5.80113E-001	8.00100E-001	1.84080E-009	1.73770E-009	1.21800E-010
35	16	9	1	1.33000E-002	-2.80000E-003	-3.00000E-003	4.55040E-009	1.60000E-009	9.37000E-011	3.41940E+000	7.66824E+002	7.68437E+002	1.61340E+000	5.82952E-001	8.00900E-001	1.58320E-009	1.92510E-009	5.24600E-010
39	18	9	1	1.32000E-002	-2.80000E-003	-3.00000E-003	4.48480E-009	1.50000E-009	1.13350E-009	3.46280E+000	7.74141E+002	7.76058E+002	1.91690E+000	5.73897E-001	7.99700E-001	1.58320E-009	1.88060E-009	1.00230E-009
43	20	9	1	1.32000E-002	-2.70000E-003	-3.00000E-003	4.33490E-009	1.50000E-009	1.87400E-010	3.44400E+000	7.83022E+002	7.84879E+002	1.85690E+000	5.59797E-001	7.98800E-001	1.63230E-009	1.58320E-009	7.49000E-011
48	22	11	1	1.31000E-002	-2.70000E-003	-3.00000E-003	4.11710E-009	1.50000E-009	1.41450E-009	3.44900E+000	7.81829E+002	7.83903E+002	2.07440E+000	5.60249E-001	7.98800E-001	1.70960E-009	1.46840E-009	1.18030E-009
52	20	11	1	1.32000E-002	-2.60000E-003	-3.00000E-003	4.42390E-009	1.70000E-009	5.62100E-010	3.45730E+000	7.72367E+002	7.73747E+002	1.37990E+000	5.73995E-001	7.98800E-001	1.72840E-009	1.66510E-009	9.83600E-010
56	18	11	1	1.31000E-002	-2.70000E-003	-3.00000E-003	5.15230E-009	1.80000E-009	1.40500E-010	3.46290E+000	7.65932E+002	7.67669E+002	1.73750E+000	5.76296E-001	8.00600E-001	1.72130E-009	1.71430E-009	6.74500E-010
60	16	11	1	1.32000E-002	-2.70000E-003	-3.00000E-003	5.84310E-009	1.60000E-009	9.08700E-010	3.37060E+000	7.63566E+002	7.65005E+002	1.43920E+000	5.74714E-001	7.99800E-001	1.37940E-009	1.70730E-009	6.93200E-010
64	14	11	1	1.32000E-002	-2.60000E-003	-3.00000E-003	5.85720E-009	1.80000E-009	1.08670E-009	3.41180E+000	7.63173E+002	7.64860E+002	1.68680E+000	5.74756E-001	7.99900E-001	1.76110E-009	1.93210E-009	6.93200E-010
68	12	11	1	1.32000E-002	-2.70000E-003	-3.00000E-003	5.11010E-009	1.70000E-009	1.31150E-009	3.45700E+000	7.65720E+002	7.67221E+002	1.50110E+000	5.74853E-001	8.00100E-001	1.70960E-009	1.68390E-009	2.81000E-011
72	10	11	1	1.31000E-002	-2.70000E-003	-3.10000E-003	3.63700E-009	1.70000E-009	5.92980E-009	3.46070E+000	7.73809E+002	7.75303E+002	1.49390E+000	5.69242E-001	8.00600E-001	1.57850E-009	1.56910E-009	1.37710E-009
76	8	11	1	1.32000E-002	-2.60000E-003	-3.10000E-003	4.86190E-009	2.00000E-009	1.94850E-009	3.48110E+000	7.75267E+002	7.77172E+002	1.90500E+000	5.54919E-001	7.99400E-001	2.10770E-009	1.86890E-009	9.36800E-010
78	6	13	5	1.35000E-002	-2.90000E-003	-3.20000E-003	4.82440E-009	5.00000E-010	1.41140E-005
82	8	13	1	1.31000E-002	-2.80000E-003	-3.00000E-003	4.05160E-009	2.00000E-009	5.36770E-009	3.47730E+000	7.82617E+002	7.85196E+002	2.57840E+000	5.56751E-001	8.00600E-001	1.85010E-009	1.74470E-009	2.16400E-009
86	10	13	1	1.32000E-002	-2.70000E-003	-3.10000E-003	4.95320E-009	1.80000E-009	8.15000E-010	3.47010E+000	7.60513E+002	7.62208E+002	1.69480E+000	5.68330E-001	8.00300E-001	1.80800E-009	1.71660E-009	1.14290E-009
90	12	13	1	1.32000E-002	-2.70000E-003	-3.00000E-003	5.89700E-009	1.80000E-009	9.37000E-011	3.46440E+000	7.57804E+002	7.59690E+002	1.88610E+000	5.72371E-001	7.99600E-001	1.85720E-009	1.65810E-009	2.13580E-009
94	14	13	1	1.32000E-002	-2.70000E-003	-3.00000E-003	6.47780E-009	1.70000E-009	9.74200E-010	3.46340E+000	7.62879E+002	7.64241E+002	1.36190E+000	5.77813E-001	8.00100E-001	1.64870E-009	1.77050E-009	9.55500E-010
98	16	13	1	1.32000E-002	-2.70000E-003	-3.00000E-003	6.64640E-009	1.80000E-009	4.49700E-010	3.46000E+000	7.64031E+002	7.65670E+002	1.63900E+000	5.77737E-001	8.00800E-001	1.68390E-009	1.72600E-009	1.38640E-009
102	18	13	1	1.32000E-002	-2.70000E-003	-3.00000E-003	5.92510E-009	1.80000E-009	3.74700E-010	3.48230E+000	7.72880E+002	7.74705E+002	1.82490E+000	5.70296E-001	8.00600E-001	1.35130E-009	1.77750E-009	5.80800E-010
106	20	13	1	1.32000E-002	-2.70000E-003	-3.00000E-003	5.21080E-009	1.90000E-009	2.52900E-010	3.46280E+000	7.67514E+002	7.69004E+002	1.48940E+000	5.63199E-001	7.99400E-001	1.54800E-009	1.70960E-009	1.13350E-009
110	22	13	1	1.32000E-002	-2.60000E-003	-3.00000E-003	4.12880E-009	1.50000E-009	1.25530E-009	3.46520E+000	7.80090E+002	7.81440E+002	1.35040E+000	5.63895E-001	7.99400E-001	1.16860E-009	1.69560E-009	1.41450E-009
116	24	15	1	1.32000E-002	-2.70000E-003	-3.00000E-003	3.15460E-009	1.50000E-009	3.26930E-009	3.47980E+000	7.81330E+002	7.82132E+002	8.01900E-001	5.51329E-001	8.00700E-001	1.40280E-009	1.80560E-009	1.66750E-009
120	22	15	1	1.32000E-002	-2.70000E-003	-3.00000E-003	4.47310E-009	1.60000E-009	1.00230E-009	3.45760E+000	7.76467E+002	7.77911E+002	1.44380E+000	5.69111E-001	8.00700E-001	1.46140E-009	1.88530E-009	1.72370E-009
124	20	15	1	1.31000E-002	-2.60000E-003	-3.00000E-003	6.10080E-009	1.40000E-009	1.60190E-009	3.45810E+000	7.68328E+002	7.70504E+002	2.17610E+000	5.60627E-001	8.00300E-001	1.35360E-009	1.67920E-009	1.32090E-009
128	18	15	1	1.32000E-002	-2.70000E-003	-3.00000E-003	7.01640E-009	1.80000E-009	2.81000E-010	3.46510E+000	7.67146E+002	7.68936E+002	1.78980E+000	5.66504E-001	8.00300E-001	1.59950E-009	1.93680E-009	8.71200E-010
132	16	15	1	1.32000E-002	-2.60000E-003	-3.00000E-003	6.67920E-009	1.50000E-009	7.40100E-010	3.44630E+000	7.63655E+002	7.65193E+002	1.53850E+000	5.70016E-001	7.99800E-001	1.57850E-009	1.58320E-009	1.76110E-009
136	14	15	1	1.31000E-002	-2.60000E-003	-3.00000E-003	6.45200E-009	1.80000E-009	7.30700E-010	3.33640E+000	7.60680E+002	7.62383E+002	1.70300E+000	5.70424E-001	7.99700E-001	1.60190E-009	1.92980E-009	1.18030E-009
140	12	15	1	1.31000E-002	-2.60000E-003	-3.00000E-003	6.64640E-009	1.80000E-009	1.21780E-009	3.45500E+000	7.66275E+002	7.67896E+002	1.62010E+000	5.69911E-001	7.99600E-001	1.76110E-009	1.84780E-009	2.07030E-009
144	10	15	1	1.32000E-002	-2.70000E-003	-3.00000E-003	5.73540E-009	1.60000E-009	2.17330E-009	3.46490E+000	7.55693E+002	7.57236E+002	1.54340E+000	5.65774E-001	8.00600E-001	1.58550E-009	1.66510E-009	1.51760E-009
148	8	15	1	1.33000E-002	-2.60000E-003	-3.00000E-003	4.30450E-009	1.60000E-009	1.54570E-009	3.46810E+000	7.72457E+002	7.73961E+002	1.50400E+000	5.68827E-001	8.00200E-001	1.73770E-009	1.86650E-009	1.51760E-009
150	6	15	1	1.35000E-002	-2.80000E-003	-3.10000E-003	4.01410E-009	1.40000E-009	5.20850E-009	3.51930E+000	7.56059E+002	7.58255E+002	2.19600E+000	5.60640E-001	8.02300E-001	1.90170E-009	1.70260E-009	1.87400E-010
154	6	17	1	1.32000E-002	-2.70000E-003	-3.10000E-003	4.62530E-009	1.50000E-009	1.76110E-009	3.49580E+000	7.67668E+002	7.69459E+002	1.79020E+000	5.61055E-001	8.00900E-001	1.96250E-009	1.73300E-009	1.01170E-009
158	8	17	1	1.32000E-002	-2.70000E-003	-3.00000E-003	3.95090E-009	1.60000E-009	2.18270E-009	3.46750E+000	7.64158E+002	7.66028E+002	1.87030E+000	5.74106E-001	8.01300E-001	1.47310E-009	1.72600E-009	1.56440E-009
162	10	17	1	1.32000E-002	-2.60000E-003	-3.00000E-003	5.75650E-009	1.60000E-009	3.89700E-009	3.46510E+000	7.53407E+002	7.54956E+002	1.54930E+000	5.69752E-001	8.01100E-001	1.75180E-009	1.78460E-009	1.42390E-009
166	12	17	1	1.32000E-002	-2.70000E-003	-3.00000E-003	7.17340E-009	1.70000E-009	3.08200E-009	3.45840E+000	7.62764E+002	7.64308E+002	1.54400E+000	5.66438E-001	8.00500E-001	1.65340E-009	1.44500E-009	1.56440E-009
170	14	17	1	1.32000E-002	-2.70000E-003	-3.00000E-003	6.27410E-009	1.80000E-009	1.15220E-009	3.41870E+000	7.62819E+002	7.64144E+002	1.32500E+000	5.72350E-001	7.99900E-001	1.60890E-009	1.55270E-009	3.74700E-010
174	16	17	1	1.32000E-002	-2.60000E-003	-3.00000E-003	6.39350E-009	1.80000E-009	5.24600E-010	3.43230E+000	7.65617E+002	7.67476E+002	1.85950E+000	5.62216E-001	8.00700E-001	1.51290E-009	1.78460E-009	5.43300E-010
178	18	17	1	1.32000E-002	-2.70000E-003	-3.00000E-003	6.40990E-009	1.60000E-009	1.92040E-009	3.44630E+000	7.66391E+002	7.68201E+002	1.81040E+000	5.62409E-001	8.00100E-001	1.72370E-009	1.50120E-009	1.18030E-009
182	20	17	1	1.32000E-002	-2.70000E-003	-3.00000E-003	5.54810E-009	1.60000E-009	1.86420E-009	3.46280E+000	7.69518E+002	7.71353E+002	1.83470E+000	5.67053E-001	8.00400E-001	1.43330E-009	1.84310E-009	8.15000E-010
186	22	17	1	1.31000E-002	-2.70000E-003	-3.00000E-003	4.65810E-009	1.80000E-009	2.21080E-009	3.46480E+000	7.76001E+002	7.77548E+002	1.54630E+000	5.69228E-001	8.00800E-001	1.52460E-009	1.82440E-009	1.23650E-009
190	24	17	1	1.32000E-002	-2.70000E-003	-3.00000E-003	3.82440E-009	1.60000E-009	1.51760E-009	3.45920E+000	7.82523E+002	7.84429E+002	1.90620E+000	5.51736E-001	8.00000E-001	1.68620E-009	1.65340E-009	1.78000E-010
194	24	19	1	1.32000E-002	-2.70000E-003	-3.10000E-003	3.46140E-009	1.80000E-009	2.52900E-010	3.44690E+000	7.81974E+002	7.83856E+002	1.88250E+000	5.52597E-001	7.99800E-001	1.70960E-009	1.75880E-009	7.86900E-010
198	22	19	1	1.32000E-002	-2.60000E-003	-3.00000E-003	4.39820E-009	1.60000E-009	1.02110E-009	3.44930E+000	7.77921E+002	7.79326E+002	1.40540E+000	5.69903E-001	7.99500E-001	1.67450E-009	1.81270E-009	1.65810E-009
202	20	19	1	1.32000E-002	-2.50000E-003	-3.00000E-003	5.86420E-009	1.50000E-009	8.24400E-010	3.45210E+000	7.71365E+002	7.73269E+002	1.90430E+000	5.65979E-001	7.99800E-001	1.54800E-009	1.50120E-009	1.08670E-009
206	18	19	1	1.32000E-002	-2.60000E-003	-3.00000E-003	6.19210E-009	1.90000E-009	9.93000E-010	3.44690E+000	7.65544E+002	7.67129E+002	1.58530E+000	5.70659E-001	8.00300E-001	1.64640E-009	1.80100E-009	7.02600E-010
210	16	19	1	1.32000E-002	-2.60000E-003	-3.00000E-003	6.61360E-009	1.80000E-009	6.08900E-010	3.43420E+000	7.56950E+002	7.58486E+002	1.53540E+000	5.72671E-001	7.99700E-001	1.51290E-009	1.92510E-009	9.40000E-012
214	14	19	1	1.32000E-002	-2.50000E-003	-3.00000E-003	6.70970E-009	1.90000E-009	1.39580E-009	3.44040E+000	7.58543E+002	7.60151E+002	1.60790E+000	5.71740E-001	8.00000E-001	1.80800E-009	1.74710E-009	2.16400E-009
218	12	19	1	1.32000E-002	-2.60000E-003	-3.00000E-003	6.73540E-009	1.60000E-009	1.98600E-009	3.46190E+000	7.61028E+002	7.62417E+002	1.38900E+000	5.72278E-001	7.99500E-001	1.51520E-009	1.82440E-009	1.40520E-009
222	10	19	1	1.33000E-002	-2.60000E-003	-3.00000E-003	6.25770E-009	1.90000E-009	6.72600E-009	3.47060E+000	7.51920E+002	7.53439E+002	1.51870E+000	5.71081E-001	8.00600E-001	1.57380E-009	1.75650E-009	1.52690E-009
226	8	19	1	1.32000E-002	-2.70000E-003	-3.00000E-003	4.07730E-009	1.80000E-009	3.06330E-009	3.46660E+000	7.66528E+002	7.68221E+002	1.69230E+000	5.72708E-001	8.01000E-001	1.63940E-009	1.84540E-009	4.96500E-010
228	6	19	1	1.35000E-002	-2.80000E-003	-3.10000E-003	3.44730E-009	1.70000E-009	1.95790E-009	3.50770E+000	7.59616E+002	7.61696E+002	2.08040E+000	5.63463E-001	8.01400E-001	1.82910E-009	1.66280E-009	1.14290E-009
230	6	21	1	1.35000E-002	-2.90000E-003	-3.20000E-003	3.20850E-009	1.60000E-009	1.16441E-008	3.54980E+000	7.17640E+002	7.20680E+002	3.04030E+000	5.73175E-001	8.04000E-001	1.87120E-009	1.61130E-009	4.68000E-011
234	8	21	1	1.31000E-002	-2.70000E-003	-3.00000E-003	3.58320E-009	1.60000E-009	2.07030E-009	3.47090E+000	7.70704E+002	7.72640E+002	1.93590E+000	5.69401E-001	7.99700E-001	1.53630E-009	1.70730E-009	1.00230E-009
238	10	21	1	1.33000E-002	-2.70000E-003	-3.00000E-003	5.82210E-009	1.60000E-009	1.43330E-009	3.46970E+000	7.56084E+002	7.57592E+002	1.50850E+000	5.73130E-001	8.00900E-001	1.69790E-009	1.67920E-009	4.30900E-010
242	12	21	1	1.32000E-002	-2.70000E-003	-3.00000E-003	7.40990E-009	1.60000E-009	4.49700E-010	3.47160E+000	7.60099E+002	7.61726E+002	1.62640E+000	5.75279E-001	8.00300E-001	1.82670E-009	1.89460E-009	1.49880E-009
246	14	21	1	1.32000E-002	-2.70000E-003	-3.00000E-003	6.79860E-009	1.60000E-009	8.80600E-010	3.45390E+000	7.60136E+002	7.61956E+002	1.82050E+000	5.71807E-001	8.00700E-001	1.39810E-009	1.57850E-009	6.37000E-010
250	16	21	1	1.31000E-002	-2.70000E-003	-3.00000E-003	6.79630E-009	1.70000E-009	1.23650E-009	3.42670E+000	7.64235E+002	7.65797E+002	1.56210E+000	5.68733E-001	7.99900E-001	1.77050E-009	1.73540E-009	1.22720E-009
254	18	21	1	1.32000E-002	-2.70000E-003	-3.00000E-003	6.29510E-009	1.90000E-009	4.68400E-010	3.46190E+000	7.69983E+002	7.71531E+002	1.54790E+000	5.72800E-001	8.00400E-001	1.88530E-009	1.68150E-009	1.72370E-009
258	20	21	1	1.32000E-002	-2.70000E-003	-3.00000E-003	5.29040E-009	1.50000E-009	1.83610E-009	3.46400E+000	7.73698E+002	7.74978E+002	1.28030E+000	5.63723E-001	7.99600E-001	1.27400E-009	1.77050E-009	8.33700E-010
262	22	21	1	1.32000E-002	-2.70000E-003	-3.00000E-003	4.04920E-009	1.60000E-009	9.55500E-010	3.46690E+000	7.82033E+002	7.83588E+002	1.55500E+000	5.69037E-001	7.99300E-001	1.70020E-009	1.68390E-009	5.62000E-011
269	22	23	1	1.32000E-002	-2.70000E-003	-3.00000E-003	3.97660E-009	1.70000E-009	3.46600E-010	3.46080E+000	7.85849E+002	7.87986E+002	2.13680E+000	5.61690E-001	7.98900E-001	1.77750E-009	1.79630E-009	1.52690E-009
273	20	23	1	1.32000E-002	-2.70000E-003	-3.00000E-003	4.45670E-009	1.50000E-009	2.27640E-009	3.46160E+000	7.72984E+002	7.74535E+002	1.55140E+000	5.70802E-001	7.99400E-001	1.45670E-009	1.60890E-009	1.06790E-009
277	18	23	1	1.32000E-002	-2.60000E-003	-3.00000E-003	5.41690E-009	1.70000E-009	8.15000E-010	3.46290E+000	7.69508E+002	7.71229E+002	1.72100E+000	5.71156E-001	8.00300E-001	1.77990E-009	1.78460E-009	8.33700E-010
281	16	23	1	1.32000E-002	-2.60000E-003	-3.00000E-003	6.29980E-009	1.70000E-009	7.21300E-010	3.45830E+000	7.65475E+002	7.67041E+002	1.56670E+000	5.75823E-001	8.00000E-001	1.59250E-009	1.55270E-009	1.87400E-010
285	14	23	1	1.32000E-002	-2.60000E-003	-2.90000E-003	6.54570E-009	1.70000E-009	2.07030E-009	3.46060E+000	7.61268E+002	7.62937E+002	1.66910E+000	5.79848E-001	8.00700E-001	1.45670E-009	1.89930E-009	1.47070E-009
289	12	23	1	1.31000E-002	-2.70000E-003	-3.00000E-003	6.77290E-009	1.90000E-009	2.47310E-009	3.46000E+000	7.52935E+002	7.54467E+002	1.53110E+000	5.75817E-001	7.99900E-001	1.81730E-009	1.88060E-009	5.90200E-010
293	10	23	1	1.32000E-002	-2.70000E-003	-3.00000E-003	5.32090E-009	1.40000E-009	1.49900E-010	3.45750E+000	7.60521E+002	7.62112E+002	1.59090E+000	5.75732E-001	7.99300E-001	1.61130E-009	1.69090E-009	1.27400E-009
297	8	23	1	1.32000E-002	-2.60000E-003	-3.00000E-003	3.44030E-009	1.60000E-009	1.98600E-009	3.46750E+000	7.78060E+002	7.79771E+002	1.71120E+000	5.58893E-001	8.00200E-001	1.89230E-009	1.81030E-009	1.42390E-009
299	8	25	1	1.36000E-002	-2.90000E-003	-3.20000E-003	4.44270E-009	1.70000E-009	2.90400E-010	3.49570E+000	7.49732E+002	7.52858E+002	3.12680E+000	5.66642E-001	8.00800E-001	2.10310E-009	2.04920E-009	1.15220E-009
303	10	25	1	1.32000E-002	-2.70000E-003	-3.00000E-003	4.36770E-009	1.60000E-009	2.06100E-010	3.45990E+000	7.79961E+002	7.81581E+002	1.61950E+000	5.63327E-001	7.99500E-001	1.51760E-009	1.59250E-009	3.09100E-010
307	12	25	1	1.32000E-002	-2.70000E-003	-3.00000E-003	5.21780E-009	1.60000E-009	2.23890E-009	3.46000E+000	7.62934E+002	7.64397E+002	1.46300E+000	5.78088E-001	7.99700E-001	1.56910E-009	1.85480E-009	7.77500E-010
311	14	25	1	1.32000E-002	-2.70000E-003	-3.00000E-003	5.59020E-009	1.70000E-009	7.68200E-010	3.45410E+000	7.61121E+002	7.62754E+002	1.63310E+000	5.77950E-001	8.00000E-001	1.67920E-009	1.88530E-009	9.74200E-010
315	16	25	1	1.32000E-002	-2.70000E-003	-3.00000E-003	5.19440E-009	1.40000E-009	7.96300E-010	3.45530E+000	7.64708E+002	7.66495E+002	1.78650E+000	5.71503E-001	7.99700E-001	1.34430E-009	1.77520E-009	4.87100E-010
319	18	25	1	1.32000E-002	-2.70000E-003	-3.00000E-003	5.04920E-009	1.70000E-009	6.46400E-010	3.47060E+000	7.73801E+002	7.75524E+002	1.72310E+000	5.73701E-001	8.00100E-001	1.59720E-009	1.79160E-009	3.46600E-010
323	20	25	1	1.31000E-002	-2.70000E-003	-3.00000E-003	4.27640E-009	1.70000E-009	1.18970E-009	3.45910E+000	7.83464E+002	7.84864E+002	1.40080E+000	5.67104E-001	7.99000E-001	1.70260E-009	1.88990E-009	3.18500E-010
333	18	27	1	1.32000E-002	-2.70000E-003	-3.00000E-003	4.17800E-009	1.70000E-009	1.45200E-009	3.47480E+000	7.82384E+002	7.85168E+002	2.78400E+000	5.61239E-001	7.99500E-001	1.53630E-009	1.60420E-009	5.80800E-010
337	16	27	1	1.32000E-002	-2.70000E-003	-3.00000E-003	4.01880E-009	1.70000E-009	4.40300E-010	3.46880E+000	7.78165E+002	7.80127E+002	1.96270E+000	5.68057E-001	8.00300E-001	1.65340E-009	1.86890E-009	1.31150E-009
341	14	27	1	1.31000E-002	-2.70000E-003	-3.10000E-003	4.16160E-009	1.80000E-009	1.61130E-009	3.45720E+000	7.77483E+002	7.79484E+002	2.00040E+000	5.68856E-001	8.00000E-001	1.55970E-009	2.17570E-009	1.31150E-009
345	12	27	1	1.32000E-002	-2.70000E-003	-3.00000E-003	4.24830E-009	1.50000E-009	1.69560E-009	3.46400E+000	7.78009E+002	7.80769E+002	2.75980E+000	5.59112E-001	7.99400E-001	1.47070E-009	1.70730E-009	8.43000E-011
348	10	27	1	1.32000E-002	-2.80000E-003	-3.20000E-003	3.77050E-009	1.70000E-009	1.29280E-009	3.48230E+000	7.55327E+002	7.58273E+002	2.94590E+000	5.68465E-001	8.00900E-001	1.92040E-009	1.76350E-009	6.83800E-010

