Program name	H0192AB_E4_CP1.dll
Lot number	C146419.00-CPTSTE07-250312-164215@CP
Wafer number	03
Date	2025/03/12
Time	16:45:13

No.U	X	Y	Bin	CONT@D	CONT@G	CONT@S	IGSS1	IGSSR1	IDSS1	VTH	BVDSS1	BVDSS2	BV2-BV1	RDSON1	VFSDS	IGSS2	IGSSR2	IDSS3
LimitU				0.5V	0.5V	0.5V	80nA	3uA	200nA	4V	900V	900V	50V	640mohm	1V	80nA	80nA	150nA
LimitL				-0.5V	-0.5V	-0.5V	0nA	0uA	0nA	3V	700V	700V	-10V	0mohm	0V	0nA	0nA	0nA
Bias 1				 	 	 	 	 	 	100uA	250uA	1mA	 	1A	 	 	 	 
Bias 2				 	 	 	 	 	 	 	 	 	 	 	2A	 	 	 
Bias 3				2V	 	 	 	 	700V	 	 	 	 	 	 	 	 	600V
Bias 4				 	2V	 	30V	-30V	 	 	 	 	 	10V	0V	20V	-20V	 
Bias 5				1000uS	8000uS	8000uS	12000uS	12000uS	10000uS	2000uS	10000uS	8000uS	1000uS	50000uS	5000uS	12000uS	12000uS	10000uS
Bias 6				 	 	 	 	 	 	 	 	 	 	 	 	 	 	 
3	17	6	1	1.32000E-002	1.20000E-003	9.00000E-004	3.36300E-009	1.80000E-009	2.00470E-009	3.47940E+000	7.43681E+002	7.46929E+002	3.24780E+000	5.74936E-001	7.96400E-001	1.37940E-009	2.09830E-009	4.30900E-010
7	15	6	1	1.32000E-002	1.20000E-003	9.00000E-004	3.84070E-009	1.60000E-009	2.37000E-009	3.47430E+000	7.59260E+002	7.62127E+002	2.86670E+000	5.73789E-001	7.96900E-001	1.15220E-009	1.73540E-009	1.94850E-009
11	13	6	1	1.32000E-002	1.20000E-003	9.00000E-004	3.81960E-009	1.50000E-009	1.19910E-009	3.50450E+000	7.40025E+002	7.43340E+002	3.31480E+000	5.70745E-001	7.98200E-001	1.16390E-009	1.77050E-009	3.22250E-009
20	9	8	1	1.32000E-002	1.20000E-003	9.00000E-004	2.65340E-009	1.50000E-009	5.83600E-009	3.56450E+000	7.06862E+002	7.12165E+002	5.30310E+000	5.67170E-001	7.99400E-001	1.10070E-009	1.87590E-009	2.06090E-009
24	11	8	1	1.32000E-002	1.20000E-003	9.00000E-004	3.05150E-009	1.40000E-009	1.13350E-009	3.47420E+000	7.82023E+002	7.84482E+002	2.45900E+000	5.54454E-001	7.95900E-001	8.36100E-010	1.78220E-009	1.81730E-009
28	13	8	1	1.31000E-002	1.20000E-003	9.00000E-004	4.03510E-009	1.60000E-009	6.55700E-010	3.44850E+000	7.85215E+002	7.88084E+002	2.86880E+000	5.68255E-001	7.96100E-001	1.20370E-009	1.89230E-009	2.53860E-009
32	15	8	1	1.32000E-002	1.20000E-003	9.00000E-004	4.48240E-009	1.60000E-009	2.37000E-009	3.44150E+000	7.74527E+002	7.76360E+002	1.83300E+000	5.83451E-001	7.96600E-001	1.06790E-009	1.48950E-009	1.16160E-009
36	17	8	1	1.31000E-002	1.30000E-003	9.00000E-004	4.21780E-009	1.70000E-009	1.63000E-009	3.44410E+000	7.76362E+002	7.78339E+002	1.97740E+000	5.77930E-001	7.96900E-001	1.03750E-009	1.79860E-009	2.84780E-009
40	19	8	1	1.31000E-002	1.30000E-003	9.00000E-004	3.55030E-009	1.50000E-009	6.37000E-010	3.44170E+000	7.82719E+002	7.83185E+002	4.65200E-001	5.62907E-001	7.95500E-001	1.31150E-009	2.12180E-009	1.82670E-009
45	21	10	1	1.32000E-002	1.20000E-003	9.00000E-004	3.24820E-009	1.60000E-009	3.84100E-010	3.44980E+000	7.84854E+002	7.87162E+002	2.30740E+000	5.60263E-001	7.95200E-001	1.08200E-009	1.85480E-009	1.23650E-009
49	19	10	1	1.31000E-002	1.30000E-003	9.00000E-004	4.34660E-009	1.40000E-009	2.48240E-009	3.45590E+000	7.73629E+002	7.75201E+002	1.57170E+000	5.77632E-001	7.95600E-001	1.06320E-009	1.64400E-009	2.20140E-009
53	17	10	1	1.31000E-002	1.30000E-003	9.00000E-004	5.59480E-009	1.40000E-009	1.31150E-009	3.45160E+000	7.63541E+002	7.65068E+002	1.52730E+000	5.84702E-001	7.96100E-001	9.34400E-010	1.81730E-009	2.10770E-009
57	15	10	1	1.32000E-002	1.20000E-003	1.00000E-003	5.70960E-009	1.90000E-009	3.21310E-009	3.45030E+000	7.61338E+002	7.62869E+002	1.53140E+000	5.86524E-001	7.97200E-001	1.18730E-009	1.88290E-009	2.14520E-009
61	13	10	1	1.32000E-002	1.30000E-003	9.00000E-004	4.81030E-009	1.60000E-009	3.03510E-009	3.46380E+000	7.69362E+002	7.71204E+002	1.84200E+000	5.80541E-001	7.96500E-001	1.08900E-009	1.87820E-009	1.08660E-009
65	11	10	1	1.32000E-002	1.20000E-003	9.00000E-004	3.59950E-009	1.60000E-009	1.84540E-009	3.48040E+000	7.86590E+002	7.88108E+002	1.51820E+000	5.71113E-001	7.95900E-001	1.27400E-009	1.96950E-009	8.33700E-010
69	9	10	1	1.32000E-002	1.30000E-003	9.00000E-004	3.34890E-009	1.40000E-009	1.65810E-009	3.47440E+000	7.83297E+002	7.85538E+002	2.24130E+000	5.54563E-001	7.95800E-001	8.82900E-010	1.83140E-009	1.95780E-009
73	7	10	3	1.32000E-002	7.20000E-003	9.00000E-004	1.38710E-005
79	7	12	1	1.32000E-002	1.20000E-003	9.00000E-004	3.20610E-009	1.40000E-009	1.83610E-009	3.48550E+000	7.72853E+002	7.75014E+002	2.16090E+000	5.54801E-001	7.96000E-001	1.06320E-009	1.78450E-009	1.11470E-009
83	9	12	1	1.31000E-002	1.30000E-003	9.00000E-004	3.55270E-009	1.70000E-009	2.71660E-009	3.46450E+000	7.89568E+002	7.91676E+002	2.10840E+000	5.60970E-001	7.95500E-001	1.24360E-009	1.90160E-009	8.43100E-010
87	11	12	1	1.32000E-002	1.20000E-003	1.00000E-003	4.41680E-009	1.20000E-009	1.99530E-009	3.46670E+000	7.80964E+002	7.82760E+002	1.79570E+000	5.69545E-001	7.95800E-001	8.68800E-010	1.93680E-009	2.90400E-009
91	13	12	1	1.32000E-002	1.20000E-003	1.00000E-003	5.88050E-009	1.70000E-009	1.21780E-009	3.46050E+000	7.67952E+002	7.69693E+002	1.74170E+000	5.74589E-001	7.96200E-001	1.17330E-009	1.91800E-009	3.18500E-010
95	15	12	1	1.32000E-002	1.30000E-003	9.00000E-004	6.71190E-009	1.20000E-009	2.67910E-009	3.45770E+000	7.64665E+002	7.66200E+002	1.53560E+000	5.79361E-001	7.96400E-001	9.90600E-010	1.75170E-009	1.96720E-009
99	17	12	1	1.31000E-002	1.30000E-003	1.00000E-003	6.26230E-009	1.70000E-009	2.49180E-009	3.44920E+000	7.67286E+002	7.68832E+002	1.54590E+000	5.74196E-001	7.96400E-001	1.28800E-009	1.97890E-009	1.27400E-009
103	19	12	1	1.31000E-002	1.30000E-003	1.00000E-003	5.44260E-009	1.50000E-009	2.62300E-010	3.44210E+000	7.63546E+002	7.65142E+002	1.59600E+000	5.73601E-001	7.95900E-001	9.76600E-010	1.84070E-009	1.83610E-009
107	21	12	1	1.32000E-002	1.30000E-003	1.00000E-003	3.59010E-009	1.50000E-009	2.96020E-009	3.45250E+000	7.76952E+002	7.78557E+002	1.60440E+000	5.68439E-001	7.96000E-001	1.47070E-009	2.02110E-009	1.31150E-009
111	23	12	1	1.31000E-002	1.30000E-003	9.00000E-004	3.11470E-009	1.60000E-009	2.21080E-009	3.47220E+000	7.82079E+002	7.84016E+002	1.93740E+000	5.53007E-001	7.96700E-001	1.43790E-009	1.74940E-009	2.87590E-009
113	23	14	1	1.32000E-002	1.30000E-003	1.00000E-003	3.39580E-009	1.50000E-009	4.92740E-009	3.47450E+000	7.88939E+002	7.90877E+002	1.93760E+000	5.56046E-001	7.96900E-001	1.34890E-009	1.82200E-009	1.48950E-009
117	21	14	1	1.32000E-002	1.30000E-003	1.00000E-003	4.50580E-009	1.50000E-009	3.29740E-009	3.45860E+000	7.70642E+002	7.72460E+002	1.81830E+000	5.65413E-001	7.95800E-001	8.96900E-010	1.91330E-009	3.28800E-009
121	19	14	1	1.32000E-002	1.30000E-003	9.00000E-004	6.39340E-009	1.70000E-009	3.59720E-009	3.45710E+000	7.70101E+002	7.72280E+002	2.17850E+000	5.66666E-001	7.96000E-001	1.24820E-009	1.99060E-009	1.52690E-009
125	17	14	1	1.31000E-002	1.30000E-003	1.00000E-003	6.74700E-009	1.40000E-009	2.31380E-009	3.44610E+000	7.67846E+002	7.69359E+002	1.51330E+000	5.72122E-001	7.96000E-001	1.03510E-009	1.86650E-009	2.15500E-010
129	15	14	1	1.31000E-002	1.30000E-003	1.00000E-003	6.57610E-009	1.70000E-009	1.96720E-009	3.44090E+000	7.67618E+002	7.69034E+002	1.41670E+000	5.73975E-001	7.96000E-001	1.06320E-009	1.84780E-009	2.42620E-009
133	13	14	1	1.32000E-002	1.30000E-003	1.00000E-003	6.52690E-009	1.30000E-009	2.43560E-009	3.45860E+000	7.67673E+002	7.69286E+002	1.61350E+000	5.73340E-001	7.97000E-001	9.13300E-010	1.70490E-009	2.87590E-009
137	11	14	1	1.31000E-002	1.30000E-003	9.00000E-004	5.25990E-009	1.50000E-009	2.16390E-009	3.46320E+000	7.76323E+002	7.78008E+002	1.68490E+000	5.61273E-001	7.95900E-001	1.00000E-009	2.00470E-009	2.48240E-009
141	9	14	1	1.32000E-002	1.30000E-003	1.00000E-003	3.82900E-009	1.30000E-009	3.32550E-009	3.45860E+000	7.75890E+002	7.77581E+002	1.69070E+000	5.63524E-001	7.95500E-001	1.23650E-009	1.63460E-009	2.81000E-011
145	7	14	1	1.32000E-002	1.30000E-003	9.00000E-004	3.32080E-009	1.30000E-009	2.64170E-009	3.46980E+000	7.83820E+002	7.85680E+002	1.86040E+000	5.50838E-001	7.96000E-001	1.19910E-009	1.85710E-009	1.38640E-009
151	5	16	3	1.32000E-002	1.04000E-002	3.40000E-003	1.38700E-005
155	7	16	1	1.32000E-002	1.30000E-003	1.00000E-003	3.25060E-009	1.40000E-009	3.66270E-009	3.46510E+000	7.86704E+002	7.88714E+002	2.01010E+000	5.55041E-001	7.97700E-001	1.09130E-009	1.77050E-009	1.64870E-009
159	9	16	1	1.33000E-002	1.30000E-003	9.00000E-004	4.31380E-009	1.60000E-009	4.31850E-009	3.46590E+000	7.73096E+002	7.74664E+002	1.56770E+000	5.69282E-001	7.97600E-001	1.38640E-009	1.92740E-009	2.07960E-009
163	11	16	1	1.33000E-002	1.30000E-003	9.00000E-004	5.35590E-009	1.30000E-009	3.55030E-009	3.47490E+000	7.80351E+002	7.82425E+002	2.07370E+000	5.61326E-001	7.96600E-001	1.06790E-009	1.95080E-009	2.81000E-011
167	13	16	1	1.32000E-002	1.30000E-003	9.00000E-004	6.26690E-009	1.60000E-009	2.10770E-009	3.44680E+000	7.67147E+002	7.68861E+002	1.71450E+000	5.68259E-001	7.96800E-001	1.35600E-009	1.78220E-009	2.38870E-009
171	15	16	1	1.32000E-002	1.40000E-003	1.00000E-003	6.36760E-009	1.20000E-009	1.00230E-009	3.43670E+000	7.62492E+002	7.64086E+002	1.59430E+000	5.70182E-001	7.96700E-001	8.66500E-010	1.77050E-009	1.44260E-009
175	17	16	1	1.33000E-002	1.30000E-003	1.00000E-003	6.46370E-009	1.60000E-009	2.72600E-009	3.44050E+000	7.67345E+002	7.69386E+002	2.04180E+000	5.71038E-001	7.95900E-001	1.24820E-009	1.81500E-009	1.24590E-009
179	19	16	1	1.31000E-002	1.30000E-003	1.00000E-003	6.49180E-009	1.80000E-009	2.05150E-009	3.45050E+000	7.70263E+002	7.71895E+002	1.63250E+000	5.68328E-001	7.96000E-001	1.08660E-009	1.61830E-009	1.51760E-009
183	21	16	1	1.31000E-002	1.40000E-003	1.00000E-003	5.02810E-009	1.60000E-009	4.88990E-009	3.46400E+000	7.69698E+002	7.71474E+002	1.77590E+000	5.67626E-001	7.96700E-001	1.49650E-009	1.71660E-009	1.96700E-010
187	23	16	1	1.32000E-002	1.30000E-003	1.00000E-003	3.71890E-009	1.70000E-009	2.72600E-009	3.47770E+000	7.87069E+002	7.88817E+002	1.74810E+000	5.63980E-001	7.97600E-001	1.19910E-009	1.94380E-009	8.33700E-010
191	23	18	1	1.31000E-002	1.30000E-003	1.00000E-003	3.35830E-009	1.40000E-009	9.11657E-008	3.47670E+000	7.89763E+002	7.91095E+002	1.33210E+000	5.63848E-001	7.97400E-001	9.06300E-010	1.87590E-009	4.68400E-010
195	21	18	1	1.32000E-002	1.40000E-003	1.00000E-003	5.49880E-009	1.60000E-009	2.59480E-009	3.45960E+000	7.72959E+002	7.74484E+002	1.52550E+000	5.68274E-001	7.95800E-001	9.88300E-010	1.79620E-009	8.89900E-010
199	19	18	1	1.31000E-002	1.30000E-003	1.00000E-003	6.40280E-009	1.50000E-009	2.66980E-009	3.44370E+000	7.79490E+002	7.81474E+002	1.98430E+000	5.65303E-001	7.95900E-001	1.22010E-009	1.75170E-009	3.12880E-009
203	17	18	1	1.31000E-002	1.30000E-003	1.00000E-003	6.13810E-009	1.60000E-009	8.89900E-010	3.43060E+000	7.71183E+002	7.72660E+002	1.47650E+000	5.68987E-001	7.95600E-001	1.10300E-009	1.84540E-009	1.95780E-009
207	15	18	1	1.32000E-002	1.30000E-003	9.00000E-004	6.43790E-009	1.40000E-009	2.27630E-009	3.43380E+000	7.57128E+002	7.59468E+002	2.33950E+000	5.63936E-001	7.96400E-001	1.31620E-009	1.80560E-009	1.45200E-009
211	13	18	1	1.32000E-002	1.30000E-003	1.00000E-003	6.16620E-009	1.60000E-009	2.81030E-009	3.44640E+000	7.68445E+002	7.69942E+002	1.49700E+000	5.67271E-001	7.95600E-001	1.24820E-009	1.86650E-009	1.14280E-009
215	11	18	1	1.32000E-002	1.30000E-003	9.00000E-004	5.39810E-009	1.50000E-009	4.39340E-009	3.48030E+000	7.78725E+002	7.80403E+002	1.67880E+000	5.64758E-001	7.97200E-001	1.39340E-009	2.04680E-009	5.15200E-010
219	9	18	1	1.31000E-002	1.30000E-003	9.00000E-004	4.07260E-009	1.40000E-009	3.03510E-009	3.45540E+000	7.69851E+002	7.71330E+002	1.47980E+000	5.71383E-001	7.97300E-001	1.08660E-009	1.64400E-009	2.22010E-009
223	7	18	1	1.32000E-002	1.30000E-003	1.00000E-003	3.45900E-009	1.60000E-009	2.36060E-009	3.45890E+000	7.86072E+002	7.87995E+002	1.92250E+000	5.55870E-001	7.97600E-001	1.15920E-009	1.72130E-009	9.83600E-010
231	7	20	1	1.33000E-002	1.20000E-003	5.00000E-004	3.13110E-009	1.20000E-009	5.84540E-009	3.44150E+000	7.84460E+002	7.86468E+002	2.00770E+000	5.55245E-001	7.97900E-001	1.25990E-009	1.81730E-009	1.74240E-009
235	9	20	1	1.32000E-002	1.20000E-003	1.00000E-003	4.20140E-009	1.40000E-009	6.39810E-009	3.45460E+000	7.71104E+002	7.72675E+002	1.57080E+000	5.72768E-001	7.96400E-001	1.14750E-009	1.92740E-009	1.69550E-009
239	11	20	1	1.32000E-002	1.30000E-003	1.00000E-003	5.30210E-009	1.50000E-009	3.28800E-009	3.47310E+000	7.79279E+002	7.81789E+002	2.51050E+000	5.63016E-001	7.96500E-001	1.12650E-009	2.01640E-009	2.52930E-009
243	13	20	1	1.32000E-002	1.30000E-003	1.00000E-003	6.24120E-009	1.50000E-009	2.97890E-009	3.45160E+000	7.69914E+002	7.71711E+002	1.79640E+000	5.70141E-001	7.96200E-001	1.25290E-009	1.55030E-009	1.58310E-009
247	15	20	1	1.32000E-002	1.30000E-003	1.00000E-003	6.00930E-009	1.60000E-009	1.40500E-010	3.43670E+000	7.64280E+002	7.65691E+002	1.41090E+000	5.73837E-001	7.96400E-001	1.33960E-009	1.80800E-009	7.96200E-010
251	17	20	1	1.33000E-002	1.40000E-003	1.00000E-003	6.17090E-009	1.50000E-009	2.37940E-009	3.42800E+000	7.64576E+002	7.65992E+002	1.41630E+000	5.69225E-001	7.95700E-001	1.23420E-009	1.92270E-009	3.09130E-009
255	19	20	1	1.32000E-002	1.30000E-003	1.00000E-003	6.22710E-009	1.40000E-009	1.56440E-009	3.45010E+000	7.76051E+002	7.77548E+002	1.49750E+000	5.73241E-001	7.95800E-001	8.38400E-010	1.76580E-009	5.90200E-010
259	21	20	1	1.32000E-002	1.30000E-003	1.00000E-003	4.80320E-009	1.60000E-009	1.89230E-009	3.46190E+000	7.75554E+002	7.77150E+002	1.59570E+000	5.69767E-001	7.95100E-001	1.25290E-009	1.95310E-009	1.42390E-009
263	23	20	1	1.31000E-002	1.30000E-003	1.00000E-003	4.07020E-009	1.30000E-009	2.11710E-009	3.47740E+000	7.91841E+002	7.93653E+002	1.81220E+000	5.61105E-001	7.95700E-001	1.65100E-009	1.61590E-009	1.26460E-009
265	23	22	1	1.33000E-002	1.30000E-003	9.00000E-004	4.38870E-009	1.20000E-009	1.56440E-009	3.45860E+000	7.86867E+002	7.88842E+002	1.97500E+000	5.53901E-001	7.94900E-001	1.92970E-009	1.66280E-009	3.55030E-009
266	21	22	1	1.33000E-002	1.30000E-003	1.00000E-003	4.37700E-009	1.40000E-009	2.43600E-010	3.46630E+000	7.82009E+002	7.83769E+002	1.76050E+000	5.70925E-001	7.94900E-001	7.72800E-010	1.58310E-009	1.28340E-009
270	19	22	1	1.32000E-002	1.30000E-003	1.00000E-003	5.77510E-009	1.40000E-009	2.22010E-009	3.45590E+000	7.70468E+002	7.72349E+002	1.88100E+000	5.74022E-001	7.96000E-001	1.29510E-009	1.86420E-009	3.25060E-009
274	17	22	1	1.31000E-002	1.30000E-003	1.00000E-003	6.11940E-009	1.30000E-009	1.86420E-009	3.45520E+000	7.73477E+002	7.74913E+002	1.43610E+000	5.75475E-001	7.96200E-001	1.16860E-009	1.55030E-009	1.73300E-009
278	15	22	1	1.32000E-002	1.30000E-003	1.00000E-003	6.37230E-009	1.50000E-009	1.19910E-009	3.45030E+000	7.70449E+002	7.71903E+002	1.45460E+000	5.72125E-001	7.96200E-001	1.15690E-009	1.91800E-009	1.41450E-009
282	13	22	1	1.32000E-002	1.50000E-003	1.00000E-003	6.33720E-009	1.30000E-009	2.33250E-009	3.46560E+000	7.67694E+002	7.69137E+002	1.44240E+000	5.78136E-001	7.96600E-001	1.08660E-009	1.79390E-009	1.56440E-009
286	11	22	1	1.32000E-002	1.30000E-003	1.00000E-003	5.02570E-009	1.30000E-009	3.66270E-009	3.46420E+000	7.69942E+002	7.71590E+002	1.64750E+000	5.66823E-001	7.96400E-001	1.05620E-009	1.95550E-009	3.02570E-009
290	9	22	1	1.32000E-002	1.30000E-003	9.00000E-004	3.92740E-009	1.40000E-009	7.56900E-009	3.46240E+000	7.74973E+002	7.76577E+002	1.60420E+000	5.72348E-001	7.96300E-001	1.16160E-009	1.77280E-009	1.15220E-009
294	7	22	1	1.31000E-002	1.30000E-003	9.00000E-004	3.46600E-009	1.40000E-009	4.29970E-009	3.47570E+000	7.76791E+002	7.78814E+002	2.02350E+000	5.58158E-001	7.96800E-001	1.18730E-009	1.84780E-009	9.36800E-010
300	9	24	1	1.32000E-002	1.30000E-003	9.00000E-004	3.47070E-009	1.60000E-009	1.70490E-009	3.46330E+000	7.85886E+002	7.88004E+002	2.11730E+000	5.58289E-001	7.95500E-001	1.26930E-009	1.92270E-009	1.95780E-009
304	11	24	1	1.31000E-002	1.30000E-003	1.00000E-003	4.34420E-009	1.20000E-009	3.68150E-009	3.46770E+000	7.78328E+002	7.80347E+002	2.01920E+000	5.69435E-001	7.96300E-001	1.22010E-009	1.70260E-009	2.26700E-009
308	13	24	1	1.32000E-002	1.30000E-003	9.00000E-004	4.56670E-009	1.40000E-009	1.68620E-009	3.46550E+000	7.69466E+002	7.71210E+002	1.74440E+000	5.71620E-001	7.95800E-001	1.11240E-009	1.60190E-009	1.15220E-009
312	15	24	1	1.32000E-002	1.30000E-003	1.00000E-003	5.70250E-009	1.90000E-009	2.28570E-009	3.45480E+000	7.66495E+002	7.68015E+002	1.52010E+000	5.73706E-001	7.96300E-001	1.10540E-009	1.83370E-009	1.99530E-009
316	17	24	1	1.32000E-002	1.40000E-003	1.00000E-003	5.14280E-009	1.60000E-009	2.97890E-009	3.45930E+000	7.69234E+002	7.70860E+002	1.62580E+000	5.80816E-001	7.96600E-001	1.29510E-009	1.77750E-009	1.33960E-009
320	19	24	1	1.33000E-002	1.30000E-003	1.00000E-003	4.60650E-009	1.70000E-009	2.08900E-009	3.46080E+000	7.71303E+002	7.72937E+002	1.63400E+000	5.78999E-001	7.96300E-001	1.34190E-009	1.79620E-009	1.95780E-009
324	21	24	1	1.34000E-002	1.20000E-003	1.00000E-003	4.06320E-009	1.80000E-009	2.52900E-010	3.47660E+000	7.86333E+002	7.87787E+002	1.45390E+000	5.67396E-001	7.95300E-001	1.50820E-009	1.86180E-009	1.70490E-009
327	19	26	1	1.33000E-002	1.30000E-003	9.00000E-004	4.27160E-009	1.60000E-009	2.24800E-010	3.46770E+000	7.87805E+002	7.90769E+002	2.96450E+000	5.66235E-001	7.95400E-001	1.59950E-009	1.65570E-009	2.90400E-009
330	17	26	1	1.32000E-002	1.30000E-003	9.00000E-004	4.58550E-009	1.50000E-009	1.41450E-009	3.45550E+000	7.76404E+002	7.77850E+002	1.44590E+000	5.78828E-001	7.96600E-001	1.42390E-009	1.63460E-009	2.77280E-009
334	15	26	1	1.32000E-002	1.20000E-003	9.00000E-004	4.27160E-009	1.50000E-009	1.60190E-009	3.44720E+000	7.73275E+002	7.74814E+002	1.53930E+000	5.75814E-001	7.96600E-001	1.37240E-009	1.50350E-009	2.96020E-009
338	13	26	1	1.31000E-002	1.30000E-003	9.00000E-004	3.80330E-009	1.60000E-009	1.60190E-009	3.45740E+000	7.76391E+002	7.78041E+002	1.64960E+000	5.72774E-001	7.96200E-001	9.08700E-010	1.84540E-009	2.90400E-009
342	11	26	1	1.33000E-002	1.30000E-003	9.00000E-004	3.70490E-009	1.40000E-009	2.71660E-009	3.46770E+000	7.88847E+002	7.89414E+002	5.67100E-001	5.54852E-001	7.95800E-001	1.06090E-009	1.56910E-009	9.46100E-010
346	9	26	1	1.32000E-002	1.30000E-003	9.00000E-004	2.92500E-009	1.60000E-009	1.96700E-010	3.49780E+000	7.69445E+002	7.71098E+002	1.65390E+000	5.61119E-001	7.96800E-001	1.54800E-009	1.69320E-009	2.94140E-009
350	13	28	1	1.34000E-002	1.20000E-003	8.00000E-004	3.18500E-009	1.50000E-009	5.80800E-010	3.47280E+000	7.79262E+002	7.81206E+002	1.94370E+000	5.51508E-001	7.95400E-001	1.59020E-009	1.72130E-009	2.16390E-009
352	15	28	1	1.35000E-002	1.20000E-003	9.00000E-004	3.84070E-009	1.50000E-009	1.40510E-009	3.45770E+000	7.81293E+002	7.83257E+002	1.96350E+000	5.56980E-001	7.95700E-001	1.32320E-009	1.95310E-009	2.66040E-009
354	17	28	1	1.33000E-002	1.20000E-003	9.00000E-004	4.01870E-009	1.30000E-009	4.12200E-010	3.46400E+000	7.79444E+002	7.81445E+002	2.00160E+000	5.58163E-001	7.96000E-001	1.89230E-009	1.60420E-009	2.68850E-009

4	18	6	1	1.32000E-002	2.40000E-003	2.10000E-003	3.84260E-009	1.70000E-009	8.24200E-010	3.53120E+000	7.20425E+002	7.24817E+002	4.39200E+000	5.74562E-001	7.96700E-001	1.48460E-009	2.32290E-009	1.28320E-009
8	16	6	1	1.32000E-002	2.40000E-003	2.00000E-003	4.07210E-009	1.80000E-009	1.46120E-009	3.47740E+000	7.56964E+002	7.60012E+002	3.04870E+000	5.73401E-001	7.95900E-001	1.40730E-009	1.89670E-009	1.11460E-009
12	14	6	1	1.32000E-002	2.40000E-003	2.00000E-003	4.07670E-009	1.70000E-009	9.40000E-012	3.48550E+000	7.56589E+002	7.59788E+002	3.19900E+000	5.72700E-001	7.96000E-001	1.55950E-009	1.91540E-009	1.03000E-010
15	12	6	5	1.35000E-002	2.30000E-003	2.00000E-003	4.08610E-009	1.10000E-009	8.00147E-006
21	10	8	1	1.32000E-002	2.50000E-003	2.00000E-003	3.03240E-009	1.80000E-009	2.14490E-009	3.49700E+000	7.72040E+002	7.73943E+002	1.90370E+000	5.61652E-001	7.95200E-001	1.53380E-009	2.10040E-009	1.83580E-009
25	12	8	1	1.32000E-002	2.40000E-003	2.10000E-003	3.79110E-009	1.80000E-009	9.08500E-010	3.44590E+000	7.85033E+002	7.85259E+002	2.25900E-001	5.63177E-001	7.94200E-001	1.34170E-009	1.94590E-009	1.02090E-009
29	14	8	1	1.31000E-002	2.50000E-003	2.00000E-003	4.73470E-009	2.00000E-009	1.21800E-010	3.44920E+000	7.78494E+002	7.80218E+002	1.72470E+000	5.81293E-001	7.95800E-001	1.75150E-009	2.03490E-009	7.77400E-010
33	16	8	1	1.32000E-002	2.50000E-003	2.10000E-003	4.86120E-009	1.80000E-009	1.67660E-009	3.44290E+000	7.78112E+002	7.80015E+002	1.90320E+000	5.82370E-001	7.95500E-001	1.50570E-009	1.66960E-009	1.21760E-009
37	18	8	1	1.31000E-002	2.50000E-003	2.10000E-003	4.35070E-009	2.00000E-009	1.61100E-009	3.45740E+000	7.86082E+002	7.88072E+002	1.99010E+000	5.66115E-001	7.95500E-001	1.42140E-009	2.00440E-009	1.12400E-009
41	20	8	1	1.31000E-002	2.50000E-003	2.10000E-003	3.33210E-009	1.90000E-009	2.08870E-009	3.46000E+000	7.75994E+002	7.78009E+002	2.01500E+000	5.60942E-001	7.94400E-001	1.68830E-009	2.28780E-009	2.16370E-009
46	22	10	1	1.32000E-002	2.40000E-003	2.10000E-003	3.19630E-009	1.90000E-009	2.29480E-009	3.46900E+000	7.76507E+002	7.78835E+002	2.32850E+000	5.61054E-001	7.94400E-001	1.51970E-009	2.04660E-009	1.40500E-010
50	20	10	1	1.31000E-002	2.40000E-003	2.10000E-003	4.10250E-009	1.80000E-009	1.54550E-009	3.45240E+000	7.78636E+002	7.80366E+002	1.73080E+000	5.72171E-001	7.94400E-001	1.43070E-009	1.85920E-009	1.37690E-009
54	18	10	1	1.31000E-002	2.40000E-003	2.00000E-003	5.18670E-009	1.80000E-009	2.06100E-010	3.46190E+000	7.73320E+002	7.75097E+002	1.77730E+000	5.79002E-001	7.94900E-001	1.37690E-009	1.98330E-009	7.86800E-010
58	16	10	1	1.32000E-002	2.50000E-003	2.00000E-003	6.00390E-009	2.20000E-009	6.93100E-010	3.45080E+000	7.65910E+002	7.67568E+002	1.65750E+000	5.83369E-001	7.95100E-001	1.75150E-009	1.99510E-009	1.16140E-009
62	14	10	1	1.32000E-002	2.50000E-003	2.10000E-003	5.54260E-009	1.90000E-009	7.86800E-010	3.45190E+000	7.62371E+002	7.63967E+002	1.59570E+000	5.86000E-001	7.95400E-001	1.48220E-009	2.15900E-009	2.81000E-010
66	12	10	1	1.32000E-002	2.40000E-003	2.10000E-003	4.32730E-009	1.80000E-009	1.45180E-009	3.46130E+000	7.73225E+002	7.74864E+002	1.63930E+000	5.81976E-001	7.95100E-001	1.77730E-009	2.27370E-009	6.27600E-010
70	10	10	1	1.32000E-002	2.50000E-003	2.10000E-003	3.65290E-009	1.70000E-009	1.84520E-009	3.46960E+000	7.90152E+002	7.91025E+002	8.73700E-001	5.60465E-001	7.94600E-001	1.41430E-009	2.01380E-009	1.17080E-009
74	8	10	1	1.32000E-002	2.50000E-003	2.00000E-003	3.94800E-009	1.80000E-009	9.08500E-010	3.50610E+000	7.69678E+002	7.72163E+002	2.48490E+000	5.57033E-001	7.96500E-001	1.64620E-009	2.45170E-009	2.90400E-010
77	6	12	3	1.35000E-002	3.10000E-003	1.90000E-003	1.38560E-005
80	8	12	1	1.32000E-002	2.40000E-003	2.10000E-003	3.39770E-009	1.70000E-009	1.96700E-010	3.45830E+000	7.85052E+002	7.87010E+002	1.95820E+000	5.51492E-001	7.94500E-001	1.44240E-009	1.92950E-009	1.12400E-010
84	10	12	1	1.31000E-002	2.40000E-003	2.10000E-003	4.43270E-009	2.00000E-009	1.64850E-009	3.45900E+000	7.78659E+002	7.80098E+002	1.43880E+000	5.72015E-001	7.94100E-001	1.59930E-009	2.04190E-009	1.03000E-010
88	12	12	1	1.32000E-002	2.50000E-003	2.00000E-003	5.46530E-009	1.60000E-009	1.86390E-009	3.45020E+000	7.65140E+002	7.66606E+002	1.46670E+000	5.77440E-001	7.94700E-001	1.32070E-009	2.09810E-009	9.74100E-010
92	14	12	1	1.32000E-002	2.50000E-003	2.10000E-003	6.78830E-009	1.90000E-009	1.88270E-009	3.45760E+000	7.68973E+002	7.70656E+002	1.68240E+000	5.77469E-001	7.95500E-001	1.61100E-009	2.16130E-009	7.77400E-010
96	16	12	1	1.32000E-002	2.50000E-003	2.10000E-003	6.56590E-009	1.60000E-009	8.71100E-010	3.45290E+000	7.69404E+002	7.71032E+002	1.62800E+000	5.77841E-001	7.95700E-001	1.45180E-009	1.92480E-009	1.62040E-009
100	18	12	1	1.31000E-002	2.50000E-003	2.10000E-003	6.19120E-009	1.90000E-009	1.20830E-009	3.45790E+000	7.70873E+002	7.73097E+002	2.22370E+000	5.70549E-001	7.94900E-001	1.78670E-009	2.23860E-009	2.21050E-009
104	20	12	1	1.31000E-002	2.50000E-003	2.10000E-003	4.47480E-009	1.70000E-009	8.14900E-010	3.45270E+000	7.70816E+002	7.72541E+002	1.72510E+000	5.72365E-001	7.95000E-001	1.44240E-009	1.95290E-009	1.90140E-009
108	22	12	1	1.32000E-002	2.50000E-003	2.10000E-003	3.74890E-009	1.70000E-009	2.99700E-010	3.45390E+000	7.86803E+002	7.88709E+002	1.90560E+000	5.61727E-001	7.95000E-001	1.68830E-009	2.29240E-009	2.72560E-009
114	24	14	1	1.32000E-002	2.40000E-003	2.10000E-003	3.10030E-009	1.80000E-009	4.12100E-010	3.45560E+000	7.77859E+002	7.79834E+002	1.97500E+000	5.56432E-001	7.95400E-001	1.67430E-009	2.07700E-009	1.11460E-009
118	22	14	1	1.32000E-002	2.50000E-003	2.10000E-003	4.19850E-009	1.70000E-009	2.26670E-009	3.45920E+000	7.76377E+002	7.77933E+002	1.55600E+000	5.67901E-001	7.95800E-001	1.29960E-009	2.11920E-009	1.32070E-009
122	20	14	1	1.32000E-002	2.40000E-003	2.10000E-003	6.09760E-009	1.90000E-009	1.21760E-009	3.46370E+000	7.68292E+002	7.70105E+002	1.81330E+000	5.63380E-001	7.95100E-001	1.67890E-009	2.28780E-009	2.68820E-009
126	18	14	1	1.31000E-002	2.50000E-003	2.10000E-003	6.84220E-009	1.80000E-009	6.83800E-010	3.46470E+000	7.74713E+002	7.76440E+002	1.72650E+000	5.65809E-001	7.96100E-001	1.48930E-009	2.14020E-009	1.05840E-009
130	16	14	1	1.31000E-002	2.50000E-003	2.10000E-003	6.82110E-009	1.80000E-009	1.90140E-009	3.44650E+000	7.71080E+002	7.72619E+002	1.53950E+000	5.72304E-001	7.95100E-001	1.45180E-009	2.09340E-009	1.50800E-009
134	14	14	1	1.32000E-002	2.50000E-003	2.10000E-003	6.79540E-009	1.60000E-009	1.55480E-009	3.44260E+000	7.67863E+002	7.69273E+002	1.40950E+000	5.73642E-001	7.95200E-001	1.43780E-009	1.87090E-009	9.27300E-010
138	12	14	1	1.31000E-002	2.50000E-003	2.00000E-003	6.38320E-009	1.80000E-009	1.88270E-009	3.46200E+000	7.70726E+002	7.72186E+002	1.45970E+000	5.70300E-001	7.94700E-001	1.31130E-009	2.23620E-009	1.22700E-009
142	10	14	1	1.32000E-002	2.50000E-003	2.10000E-003	5.06960E-009	1.60000E-009	1.76090E-009	3.45630E+000	7.72472E+002	7.73757E+002	1.28500E+000	5.61736E-001	7.94200E-001	1.58760E-009	1.96460E-009	9.83500E-010
146	8	14	1	1.32000E-002	2.50000E-003	2.10000E-003	3.98310E-009	1.70000E-009	1.15210E-009	3.47280E+000	7.88996E+002	7.90981E+002	1.98540E+000	5.61247E-001	7.94800E-001	1.59230E-009	2.14730E-009	2.24790E-009
149	6	14	1	1.35000E-002	2.40000E-003	1.90000E-003	3.86600E-009	1.80000E-009	2.51020E-009	3.52600E+000	7.51621E+002	7.54609E+002	2.98740E+000	5.59616E-001	7.98300E-001	1.66720E-009	2.16830E-009	3.88710E-009
152	6	16	1	1.32000E-002	2.40000E-003	2.10000E-003	4.50990E-009	1.60000E-009	7.96100E-010	3.49150E+000	7.74583E+002	7.76390E+002	1.80720E+000	5.57610E-001	7.95600E-001	1.77260E-009	2.19640E-009	3.46600E-010
156	8	16	1	1.32000E-002	2.50000E-003	2.00000E-003	3.85430E-009	1.60000E-009	1.87000E-011	3.46660E+000	7.80857E+002	7.82454E+002	1.59650E+000	5.68853E-001	7.96100E-001	1.53140E-009	1.88500E-009	7.02500E-010
160	10	16	1	1.33000E-002	2.50000E-003	2.10000E-003	5.68780E-009	1.90000E-009	1.58290E-009	3.46230E+000	7.61616E+002	7.63227E+002	1.61160E+000	5.66614E-001	7.96000E-001	1.74450E-009	2.16130E-009	1.65790E-009
164	12	16	1	1.33000E-002	2.50000E-003	2.10000E-003	6.35050E-009	1.80000E-009	7.49000E-011	3.45580E+000	7.68045E+002	7.69527E+002	1.48100E+000	5.69596E-001	7.94800E-001	1.52440E-009	2.05830E-009	3.93400E-010
168	14	16	1	1.32000E-002	2.50000E-003	2.10000E-003	6.62440E-009	1.90000E-009	1.91080E-009	3.44020E+000	7.65674E+002	7.67392E+002	1.71870E+000	5.72898E-001	7.94700E-001	1.82650E-009	1.95290E-009	1.68600E-009
172	16	16	1	1.32000E-002	2.50000E-003	2.10000E-003	6.70870E-009	1.70000E-009	6.08800E-010	3.43840E+000	7.66838E+002	7.68626E+002	1.78860E+000	5.70240E-001	7.94800E-001	1.38390E-009	1.94590E-009	7.21200E-010
176	18	16	1	1.33000E-002	2.50000E-003	2.10000E-003	6.74850E-009	2.00000E-009	3.75000E-011	3.44950E+000	7.76569E+002	7.78018E+002	1.44900E+000	5.63700E-001	7.95000E-001	1.75390E-009	1.93420E-009	3.46600E-010
180	20	16	1	1.31000E-002	2.50000E-003	2.10000E-003	6.43710E-009	1.90000E-009	3.43750E-009	3.46000E+000	7.67911E+002	7.70313E+002	2.40210E+000	5.66359E-001	7.95600E-001	1.53610E-009	1.77960E-009	1.39560E-009
184	22	16	1	1.31000E-002	2.50000E-003	2.10000E-003	4.51700E-009	1.80000E-009	3.65300E-010	3.46860E+000	7.74639E+002	7.76221E+002	1.58250E+000	5.72152E-001	7.96000E-001	1.80070E-009	2.05830E-009	1.02090E-009
188	24	16	1	1.32000E-002	2.50000E-003	2.00000E-003	3.93860E-009	1.90000E-009	7.68000E-010	3.45720E+000	7.79296E+002	7.81135E+002	1.83920E+000	5.54772E-001	7.94700E-001	1.66720E-009	2.01850E-009	6.74400E-010
192	24	18	1	1.31000E-002	2.60000E-003	2.10000E-003	3.31340E-009	1.80000E-009	5.05800E-010	3.44290E+000	7.84657E+002	7.86627E+002	1.97000E+000	5.53025E-001	7.94900E-001	1.34640E-009	1.96930E-009	1.18950E-009
196	22	18	1	1.32000E-002	2.60000E-003	2.10000E-003	4.92210E-009	1.70000E-009	5.05800E-010	3.45860E+000	7.75401E+002	7.76833E+002	1.43200E+000	5.72104E-001	7.95600E-001	1.33000E-009	2.07700E-009	5.33900E-010
200	20	18	1	1.31000E-002	2.40000E-003	2.10000E-003	6.50270E-009	1.80000E-009	5.52600E-010	3.45960E+000	7.72190E+002	7.74127E+002	1.93750E+000	5.69403E-001	7.94800E-001	1.56650E-009	1.93180E-009	1.05840E-009
204	18	18	1	1.31000E-002	2.40000E-003	2.10000E-003	6.54250E-009	1.80000E-009	1.18950E-009	3.44570E+000	7.75894E+002	7.77511E+002	1.61640E+000	5.63936E-001	7.94700E-001	1.58060E-009	1.94120E-009	7.58700E-010
208	16	18	1	1.32000E-002	2.60000E-003	2.10000E-003	6.46750E-009	1.70000E-009	1.96700E-009	3.43910E+000	7.73073E+002	7.75339E+002	2.26580E+000	5.60660E-001	7.95400E-001	1.58290E-009	2.00440E-009	1.47050E-009
212	14	18	1	1.32000E-002	2.50000E-003	2.10000E-003	6.33870E-009	1.80000E-009	1.06780E-009	3.43900E+000	7.66840E+002	7.68244E+002	1.40380E+000	5.72068E-001	7.95700E-001	1.62980E-009	2.21520E-009	9.92800E-010
216	12	18	1	1.32000E-002	2.50000E-003	2.10000E-003	6.30830E-009	2.00000E-009	1.92010E-009	3.45290E+000	7.70425E+002	7.71956E+002	1.53110E+000	5.67762E-001	7.94600E-001	1.69300E-009	2.34860E-009	1.54550E-009
220	10	18	1	1.31000E-002	2.50000E-003	2.10000E-003	5.50980E-009	1.60000E-009	3.69040E-009	3.45900E+000	7.63509E+002	7.66005E+002	2.49580E+000	5.67776E-001	7.96000E-001	1.47290E-009	1.83110E-009	1.67660E-009
224	8	18	1	1.32000E-002	2.50000E-003	2.10000E-003	4.10020E-009	1.90000E-009	1.31130E-009	3.45980E+000	7.79509E+002	7.80812E+002	1.30280E+000	5.69766E-001	7.96400E-001	1.59930E-009	1.84990E-009	3.65300E-010
227	6	18	1	1.35000E-002	2.40000E-003	2.00000E-003	3.93390E-009	1.90000E-009	6.55700E-010	3.48890E+000	7.74239E+002	7.76392E+002	2.15280E+000	5.58176E-001	7.96500E-001	2.08640E-009	2.19880E-009	2.81000E-011
229	6	20	1	1.35000E-002	2.40000E-003	2.00000E-003	3.44690E-009	1.90000E-009	1.47990E-009	3.51120E+000	7.61797E+002	7.64471E+002	2.67380E+000	5.62747E-001	7.97700E-001	1.61810E-009	1.95520E-009	5.62000E-010
232	8	20	1	1.33000E-002	2.50000E-003	1.30000E-003	3.80280E-009	1.80000E-009	3.43750E-009	3.45670E+000	7.77522E+002	7.79241E+002	1.71840E+000	5.70041E-001	7.95800E-001	1.80540E-009	2.06300E-009	2.28540E-009
236	10	20	1	1.32000E-002	2.50000E-003	2.00000E-003	5.42790E-009	1.70000E-009	8.43000E-011	3.45780E+000	7.61017E+002	7.62575E+002	1.55860E+000	5.71881E-001	7.95400E-001	1.59230E-009	2.02320E-009	1.47050E-009
240	12	20	1	1.32000E-002	2.50000E-003	2.00000E-003	6.65720E-009	1.70000E-009	9.17900E-010	3.45320E+000	7.67207E+002	7.68802E+002	1.59460E+000	5.73098E-001	7.95100E-001	1.59700E-009	2.16130E-009	1.02090E-009
244	14	20	1	1.32000E-002	2.50000E-003	2.10000E-003	6.56350E-009	1.80000E-009	1.33940E-009	3.43780E+000	7.66310E+002	7.67643E+002	1.33290E+000	5.69462E-001	7.95000E-001	1.65790E-009	1.71410E-009	4.68000E-011
248	16	20	1	1.32000E-002	2.50000E-003	2.10000E-003	6.37150E-009	1.70000E-009	3.46600E-010	3.43740E+000	7.64891E+002	7.66431E+002	1.53980E+000	5.71340E-001	7.95200E-001	1.74920E-009	2.03950E-009	7.86800E-010
252	18	20	1	1.33000E-002	2.50000E-003	2.10000E-003	6.65720E-009	1.90000E-009	1.57360E-009	3.46020E+000	7.76520E+002	7.78036E+002	1.51650E+000	5.68867E-001	7.94800E-001	1.65320E-009	2.09570E-009	8.52300E-010
256	20	20	1	1.32000E-002	2.50000E-003	2.10000E-003	5.88680E-009	1.60000E-009	1.83580E-009	3.45730E+000	7.74011E+002	7.75911E+002	1.89980E+000	5.67760E-001	7.94700E-001	1.35810E-009	1.93650E-009	2.15400E-010
260	22	20	1	1.32000E-002	2.60000E-003	2.10000E-003	4.44670E-009	1.80000E-009	2.13560E-009	3.44830E+000	7.79459E+002	7.80814E+002	1.35530E+000	5.72398E-001	7.94100E-001	1.73750E-009	2.08400E-009	6.55700E-010
267	22	22	1	1.33000E-002	2.50000E-003	2.10000E-003	4.05800E-009	1.60000E-009	2.06100E-010	3.47290E+000	7.84006E+002	7.85353E+002	1.34660E+000	5.70924E-001	7.93700E-001	1.19190E-009	1.77260E-009	4.96400E-010
271	20	22	1	1.32000E-002	2.60000E-003	2.10000E-003	5.46530E-009	1.90000E-009	1.64850E-009	3.46130E+000	7.75262E+002	7.76663E+002	1.40040E+000	5.71870E-001	7.94100E-001	1.77490E-009	2.04660E-009	1.04900E-009
275	18	22	1	1.31000E-002	2.50000E-003	2.10000E-003	6.30600E-009	1.70000E-009	6.08800E-010	3.47070E+000	7.78745E+002	7.80447E+002	1.70140E+000	5.74431E-001	7.95700E-001	1.54310E-009	1.83110E-009	1.36750E-009
279	16	22	1	1.32000E-002	2.50000E-003	2.10000E-003	6.56820E-009	1.80000E-009	2.81000E-011	3.45010E+000	7.73588E+002	7.75066E+002	1.47800E+000	5.71347E-001	7.94600E-001	1.67660E-009	2.09340E-009	5.80700E-010
283	14	22	1	1.32000E-002	2.50000E-003	2.10000E-003	6.78370E-009	1.50000E-009	1.78900E-009	3.45580E+000	7.70230E+002	7.71528E+002	1.29820E+000	5.74714E-001	7.95400E-001	1.46120E-009	1.93890E-009	7.68000E-010
287	12	22	1	1.32000E-002	2.50000E-003	2.10000E-003	6.14210E-009	1.80000E-009	1.47050E-009	3.45720E+000	7.60731E+002	7.62567E+002	1.83610E+000	5.73550E-001	7.94600E-001	1.60170E-009	2.10750E-009	4.40200E-010
291	10	22	1	1.32000E-002	2.50000E-003	2.10000E-003	4.92910E-009	1.60000E-009	6.65000E-010	3.45960E+000	7.69075E+002	7.70869E+002	1.79400E+000	5.73608E-001	7.95500E-001	1.53140E-009	1.96230E-009	1.74220E-009
295	8	22	1	1.31000E-002	2.60000E-003	2.10000E-003	3.66230E-009	1.80000E-009	1.18020E-009	3.45540E+000	7.86903E+002	7.88801E+002	1.89770E+000	5.58994E-001	7.95400E-001	1.66020E-009	2.08400E-009	1.00220E-009
298	8	24	1	1.35000E-002	2.40000E-003	2.00000E-003	3.80510E-009	1.80000E-009	2.19170E-009	3.47960E+000	7.78133E+002	7.79923E+002	1.79020E+000	5.58721E-001	7.95300E-001	2.18000E-009	2.08400E-009	3.27800E-010
301	10	24	1	1.32000E-002	2.60000E-003	2.10000E-003	4.18450E-009	1.90000E-009	1.19890E-009	3.46510E+000	7.75736E+002	7.77390E+002	1.65420E+000	5.71476E-001	7.94700E-001	1.78900E-009	2.13090E-009	1.03030E-009
305	12	24	1	1.31000E-002	2.60000E-003	2.10000E-003	5.34360E-009	1.60000E-009	1.29260E-009	3.46200E+000	7.64083E+002	7.65644E+002	1.56110E+000	5.75332E-001	7.95000E-001	1.57360E-009	1.90140E-009	1.12400E-009
309	14	24	1	1.32000E-002	2.50000E-003	2.10000E-003	5.20540E-009	1.70000E-009	2.19170E-009	3.45790E+000	7.66153E+002	7.67701E+002	1.54790E+000	5.76458E-001	7.94700E-001	1.64620E-009	1.63440E-009	8.80400E-010
313	16	24	1	1.32000E-002	2.50000E-003	2.10000E-003	5.61520E-009	2.20000E-009	1.83580E-009	3.45510E+000	7.72473E+002	7.73929E+002	1.45590E+000	5.72718E-001	7.94700E-001	1.63910E-009	1.97630E-009	1.72340E-009
317	18	24	1	1.32000E-002	2.50000E-003	2.20000E-003	5.15150E-009	1.80000E-009	1.14270E-009	3.47030E+000	7.75333E+002	7.77390E+002	2.05750E+000	5.76337E-001	7.96100E-001	1.70000E-009	2.08400E-009	4.68000E-011
321	20	24	1	1.33000E-002	2.50000E-003	2.00000E-003	4.36940E-009	2.00000E-009	6.65000E-010	3.46770E+000	7.80606E+002	7.82409E+002	1.80390E+000	5.72888E-001	7.94600E-001	1.89440E-009	1.85690E-009	1.33000E-009
325	22	24	1	1.34000E-002	2.40000E-003	2.10000E-003	4.20550E-009	2.00000E-009	2.24790E-009	3.47610E+000	7.85852E+002	7.86500E+002	6.48100E-001	5.56780E-001	7.94700E-001	1.75860E-009	1.99970E-009	1.47990E-009
328	20	26	1	1.33000E-002	2.30000E-003	2.10000E-003	4.77920E-009	1.90000E-009	2.44460E-009	3.45460E+000	7.84504E+002	7.86517E+002	2.01250E+000	5.58202E-001	7.94000E-001	2.12380E-009	1.89900E-009	7.49000E-011
331	18	26	1	1.32000E-002	2.40000E-003	2.10000E-003	4.50060E-009	1.80000E-009	1.08650E-009	3.47200E+000	7.83312E+002	7.84726E+002	1.41360E+000	5.73234E-001	7.95400E-001	1.73750E-009	1.76790E-009	5.52600E-010
335	16	26	1	1.32000E-002	2.50000E-003	2.10000E-003	4.63870E-009	1.80000E-009	1.82650E-009	3.45570E+000	7.77138E+002	7.79158E+002	2.01950E+000	5.71768E-001	7.95500E-001	1.59000E-009	1.79130E-009	1.45180E-009
339	14	26	1	1.31000E-002	2.50000E-003	2.10000E-003	4.34140E-009	1.90000E-009	1.31130E-009	3.45030E+000	7.73827E+002	7.75376E+002	1.54870E+000	5.74638E-001	7.95200E-001	1.44710E-009	1.98100E-009	9.37000E-011
343	12	26	1	1.33000E-002	2.50000E-003	2.00000E-003	4.32730E-009	1.80000E-009	1.69530E-009	3.46060E+000	7.81610E+002	7.83205E+002	1.59550E+000	5.68702E-001	7.94800E-001	1.40970E-009	1.77490E-009	7.77400E-010
347	10	26	1	1.32000E-002	2.40000E-003	2.00000E-003	3.46790E-009	1.90000E-009	1.02090E-009	3.46670E+000	7.81353E+002	7.82921E+002	1.56800E+000	5.54583E-001	7.96200E-001	2.07940E-009	1.89670E-009	2.15400E-010
349	12	28	1	1.46000E-002	2.30000E-003	1.90000E-003	4.06270E-009	1.20000E-009	1.82650E-009	3.47270E+000	7.73976E+002	7.75541E+002	1.56500E+000	5.57932E-001	7.94800E-001	2.51260E-009	1.27380E-009	5.24500E-010
351	14	28	1	1.34000E-002	2.40000E-003	1.90000E-003	3.91750E-009	1.60000E-009	2.37910E-009	3.45100E+000	7.80310E+002	7.82240E+002	1.93040E+000	5.55049E-001	7.94700E-001	1.89900E-009	1.81010E-009	4.77700E-010
353	16	28	1	1.35000E-002	2.40000E-003	2.00000E-003	4.28750E-009	1.60000E-009	1.33940E-009	3.46260E+000	7.82359E+002	7.84402E+002	2.04310E+000	5.55511E-001	7.95000E-001	1.66020E-009	2.13790E-009	6.08800E-010

1	15	5	3	1.29000E-002	-5.00000E-004	-8.00000E-004	1.39320E-005
2	19	7	1	1.28000E-002	-5.00000E-004	-8.00000E-004	3.74320E-009	1.10000E-009	3.84200E-010	3.47770E+000	7.64511E+002	7.66814E+002	2.30300E+000	5.67444E-001	7.98000E-001	2.51810E-009	1.39140E-009	2.08950E-009
5	17	7	1	1.32000E-002	-3.00000E-004	-6.00000E-004	3.81580E-009	1.70000E-009	1.03100E-010	3.44010E+000	7.78441E+002	7.79381E+002	9.40100E-001	5.68406E-001	7.97800E-001	1.54600E-009	2.14800E-009	2.71700E-010
9	15	7	1	1.32000E-002	-2.00000E-004	-6.00000E-004	4.26090E-009	1.70000E-009	5.99700E-010	3.43850E+000	7.81197E+002	7.82332E+002	1.13540E+000	5.68221E-001	7.98400E-001	1.61160E-009	1.88570E-009	1.19930E-009
13	13	7	1	1.32000E-002	-2.00000E-004	-5.00000E-004	3.47620E-009	1.50000E-009	9.08900E-010	3.46040E+000	7.79251E+002	7.81866E+002	2.61590E+000	5.62874E-001	7.98400E-001	1.48980E-009	1.72170E-009	2.39870E-009
16	11	7	1	1.35000E-002	-3.00000E-004	-6.00000E-004	2.98900E-009	1.70000E-009	2.84840E-009	3.51120E+000	7.62317E+002	7.65507E+002	3.18990E+000	5.63093E-001	7.98800E-001	2.16440E-009	1.94420E-009	1.29300E-009
22	9	9	1	1.32000E-002	-2.00000E-004	-6.00000E-004	2.52050E-009	1.60000E-009	1.03100E-010	3.49350E+000	7.75603E+002	7.77290E+002	1.68740E+000	5.58416E-001	7.98300E-001	1.38670E-009	1.92780E-009	1.64910E-009
26	11	9	1	1.32000E-002	-3.00000E-004	-6.00000E-004	3.64020E-009	1.60000E-009	1.87000E-011	3.47170E+000	7.89964E+002	7.91099E+002	1.13530E+000	5.58951E-001	7.96600E-001	1.35160E-009	1.85520E-009	1.07750E-009
30	13	9	1	1.31000E-002	-3.00000E-004	-5.00000E-004	4.57010E-009	1.70000E-009	1.31200E-010	3.45560E+000	7.78245E+002	7.79631E+002	1.38590E+000	5.80154E-001	7.97400E-001	1.51090E-009	1.84580E-009	1.73340E-009
34	15	9	1	1.32000E-002	-3.00000E-004	-5.00000E-004	5.09010E-009	1.70000E-009	5.15300E-010	3.44570E+000	7.68212E+002	7.69794E+002	1.58150E+000	5.87350E-001	7.98100E-001	1.47570E-009	1.56480E-009	9.74500E-010
38	17	9	1	1.31000E-002	-2.00000E-004	-6.00000E-004	4.90040E-009	1.90000E-009	5.15300E-010	3.44300E+000	7.67030E+002	7.68553E+002	1.52280E+000	5.84816E-001	7.98000E-001	1.40550E-009	1.83880E-009	2.05200E-009
42	19	9	1	1.31000E-002	-2.00000E-004	-5.00000E-004	3.83220E-009	1.70000E-009	6.55900E-010	3.44550E+000	7.81205E+002	7.82879E+002	1.67360E+000	5.73213E-001	7.97000E-001	1.58820E-009	2.10590E-009	1.09630E-009
44	21	9	1	1.28000E-002	-4.00000E-004	-7.00000E-004	3.99390E-009	1.20000E-009	6.18400E-010	3.45950E+000	7.78265E+002	7.80499E+002	2.23330E+000	5.59451E-001	7.96800E-001	2.77810E-009	1.46170E-009	1.40550E-009
47	21	11	1	1.32000E-002	-3.00000E-004	-5.00000E-004	3.33560E-009	1.70000E-009	1.10560E-009	3.45640E+000	7.81757E+002	7.83438E+002	1.68050E+000	5.67925E-001	7.97000E-001	1.42890E-009	1.90910E-009	9.55700E-010
51	19	11	1	1.31000E-002	-1.00000E-004	-5.00000E-004	5.05270E-009	1.80000E-009	4.68500E-010	3.44750E+000	7.64943E+002	7.66400E+002	1.45710E+000	5.80294E-001	7.97200E-001	1.53200E-009	1.77790E-009	1.35860E-009
55	17	11	1	1.31000E-002	-2.00000E-004	-6.00000E-004	6.08100E-009	1.60000E-009	4.02900E-010	3.45170E+000	7.63465E+002	7.64956E+002	1.49080E+000	5.76282E-001	7.97600E-001	1.27430E-009	1.81770E-009	1.48980E-009
59	15	11	1	1.32000E-002	-2.00000E-004	-5.00000E-004	6.10210E-009	2.00000E-009	1.35860E-009	3.44720E+000	7.60297E+002	7.61950E+002	1.65280E+000	5.79035E-001	7.97300E-001	1.62330E-009	2.00750E-009	1.43360E-009
63	13	11	1	1.32000E-002	-2.00000E-004	-5.00000E-004	5.43920E-009	1.80000E-009	1.22740E-009	3.46320E+000	7.69637E+002	7.71300E+002	1.66210E+000	5.77852E-001	7.98200E-001	1.44060E-009	1.87400E-009	1.06820E-009
67	11	11	1	1.32000E-002	-2.00000E-004	-5.00000E-004	3.88610E-009	1.60000E-009	7.50000E-011	3.47350E+000	7.82465E+002	7.83842E+002	1.37680E+000	5.73137E-001	7.96800E-001	1.63030E-009	2.11290E-009	9.08900E-010
71	9	11	1	1.32000E-002	-2.00000E-004	-5.00000E-004	3.25830E-009	1.60000E-009	6.56000E-011	3.46900E+000	7.90651E+002	7.90776E+002	1.25600E-001	5.53924E-001	7.97500E-001	1.30940E-009	1.95830E-009	1.03070E-009
75	7	11	1	1.32000E-002	-3.00000E-004	-5.00000E-004	4.86060E-009	1.80000E-009	8.18920E-009	3.51470E+000	7.32463E+002	7.36896E+002	4.43310E+000	5.57634E-001	7.99400E-001	1.76150E-009	2.14330E-009	1.68700E-010
81	7	13	1	1.32000E-002	-3.00000E-004	-6.00000E-004	2.94680E-009	1.60000E-009	2.90500E-010	3.47960E+000	7.80495E+002	7.82552E+002	2.05710E+000	5.52960E-001	7.96700E-001	1.45230E-009	1.75220E-009	9.93200E-010
85	9	13	1	1.31000E-002	-2.00000E-004	-5.00000E-004	3.69170E-009	1.70000E-009	1.85520E-009	3.47060E+000	7.78735E+002	7.80356E+002	1.62180E+000	5.64653E-001	7.96800E-001	1.63030E-009	1.94890E-009	9.55700E-010
89	11	13	1	1.32000E-002	-3.00000E-004	-5.00000E-004	4.94960E-009	1.60000E-009	1.59300E-010	3.47120E+000	7.76712E+002	7.78335E+002	1.62310E+000	5.66056E-001	7.96500E-001	1.33990E-009	2.01450E-009	2.18320E-009
93	13	13	1	1.32000E-002	-2.00000E-004	-5.00000E-004	6.10680E-009	1.60000E-009	2.81100E-010	3.47450E+000	7.71863E+002	7.73306E+002	1.44300E+000	5.74210E-001	7.98000E-001	1.47810E-009	1.94660E-009	2.81100E-010
97	15	13	1	1.32000E-002	-2.00000E-004	-5.00000E-004	6.53780E-009	1.40000E-009	2.81100E-010	3.45560E+000	7.70299E+002	7.71792E+002	1.49310E+000	5.76023E-001	7.98300E-001	1.41720E-009	1.84820E-009	1.07750E-009
101	17	13	1	1.31000E-002	-2.00000E-004	-5.00000E-004	6.54250E-009	1.60000E-009	6.46500E-010	3.45600E+000	7.70168E+002	7.71630E+002	1.46180E+000	5.73936E-001	7.97900E-001	1.57880E-009	2.08480E-009	5.71600E-010
105	19	13	1	1.31000E-002	-2.00000E-004	-5.00000E-004	5.91230E-009	1.60000E-009	1.87000E-011	3.45220E+000	7.61761E+002	7.63268E+002	1.50790E+000	5.69740E-001	7.97500E-001	1.45700E-009	1.91850E-009	8.05800E-010
109	21	13	1	1.32000E-002	-2.00000E-004	-5.00000E-004	3.92830E-009	1.50000E-009	1.24620E-009	3.45400E+000	7.70320E+002	7.71714E+002	1.39380E+000	5.64280E-001	7.96600E-001	1.78730E-009	2.01920E-009	6.65300E-010
112	23	13	1	1.31000E-002	-4.00000E-004	-7.00000E-004	3.64720E-009	1.50000E-009	4.68500E-010	3.46430E+000	7.86381E+002	7.88517E+002	2.13650E+000	5.52902E-001	7.96700E-001	1.81310E-009	1.72870E-009	1.85520E-009
115	23	15	1	1.32000E-002	-2.00000E-004	-5.00000E-004	3.37780E-009	1.60000E-009	1.72400E-009	3.47370E+000	7.88852E+002	7.90853E+002	2.00110E+000	5.59872E-001	7.98600E-001	1.69120E-009	1.91610E-009	1.19000E-009
119	21	15	1	1.32000E-002	-2.00000E-004	-5.00000E-004	5.10420E-009	1.70000E-009	2.47360E-009	3.46200E+000	7.70517E+002	7.72256E+002	1.73890E+000	5.67191E-001	7.97400E-001	1.32820E-009	1.97000E-009	2.05200E-009
123	19	15	1	1.32000E-002	-2.00000E-004	-5.00000E-004	6.56120E-009	1.70000E-009	2.25810E-009	3.45870E+000	7.72157E+002	7.73619E+002	1.46160E+000	5.68479E-001	7.97600E-001	1.57180E-009	2.07780E-009	5.06000E-010
127	17	15	1	1.31000E-002	-2.00000E-004	-5.00000E-004	6.66430E-009	1.60000E-009	9.27600E-010	3.43590E+000	7.62427E+002	7.63913E+002	1.48540E+000	5.71011E-001	7.97300E-001	1.50620E-009	2.09180E-009	1.87400E-010
131	15	15	1	1.31000E-002	-2.00000E-004	-5.00000E-004	6.32930E-009	1.70000E-009	2.43600E-010	3.43560E+000	7.67974E+002	7.69450E+002	1.47570E+000	5.73073E-001	7.97500E-001	1.40310E-009	1.94890E-009	1.55540E-009
135	13	15	1	1.32000E-002	-2.00000E-004	-5.00000E-004	6.32930E-009	1.40000E-009	3.37300E-010	3.44810E+000	7.71232E+002	7.72913E+002	1.68150E+000	5.67404E-001	7.97000E-001	1.37030E-009	1.82240E-009	1.97700E-009
139	11	15	1	1.31000E-002	-2.00000E-004	-5.00000E-004	5.25180E-009	1.60000E-009	3.93500E-010	3.47620E+000	7.83039E+002	7.84874E+002	1.83530E+000	5.59409E-001	7.97400E-001	1.29770E-009	1.99580E-009	1.64910E-009
143	9	15	1	1.32000E-002	-2.00000E-004	-5.00000E-004	4.15080E-009	1.40000E-009	2.55800E-009	3.45820E+000	7.76234E+002	7.77701E+002	1.46620E+000	5.66723E-001	7.97300E-001	1.61160E-009	1.93950E-009	2.34200E-010
147	7	15	1	1.32000E-002	-2.00000E-004	-5.00000E-004	3.52070E-009	1.50000E-009	3.07330E-009	3.45780E+000	7.86214E+002	7.88093E+002	1.87960E+000	5.52160E-001	7.97700E-001	1.46870E-009	2.00280E-009	7.50000E-011
153	5	17	3	1.32000E-002	-2.00000E-004	-6.00000E-004	1.39610E-005
157	7	17	1	1.32000E-002	-3.00000E-004	-5.00000E-004	3.36840E-009	1.50000E-009	9.65100E-010	3.46640E+000	7.82885E+002	7.86863E+002	3.97820E+000	5.55846E-001	7.98900E-001	1.48280E-009	1.78960E-009	1.10560E-009
161	9	17	1	1.33000E-002	-2.00000E-004	-6.00000E-004	4.15780E-009	1.60000E-009	1.75220E-009	3.45770E+000	7.70472E+002	7.71908E+002	1.43560E+000	5.70667E-001	7.98400E-001	1.76150E-009	2.05670E-009	1.40550E-009
165	11	17	1	1.33000E-002	-2.00000E-004	-6.00000E-004	5.57270E-009	1.70000E-009	1.64910E-009	3.47560E+000	7.78464E+002	7.80176E+002	1.71100E+000	5.63804E-001	7.98900E-001	1.51790E-009	1.91610E-009	1.49900E-010
169	13	17	1	1.32000E-002	-2.00000E-004	-5.00000E-004	6.00840E-009	1.60000E-009	1.31200E-010	3.44490E+000	7.67924E+002	7.69560E+002	1.63600E+000	5.67282E-001	7.96700E-001	1.67720E-009	1.78490E-009	1.48980E-009
173	15	17	1	1.32000E-002	-2.00000E-004	-5.00000E-004	6.49330E-009	1.50000E-009	5.71600E-010	3.42960E+000	7.58334E+002	7.60483E+002	2.14870E+000	5.60919E-001	7.97100E-001	1.41950E-009	1.88100E-009	1.51790E-009
177	17	17	1	1.33000E-002	-2.00000E-004	-5.00000E-004	6.42770E-009	1.60000E-009	7.77700E-010	3.42570E+000	7.69722E+002	7.71767E+002	2.04470E+000	5.68305E-001	7.97100E-001	1.64910E-009	1.79200E-009	1.30240E-009
181	19	17	1	1.31000E-002	-2.00000E-004	-5.00000E-004	6.50970E-009	1.90000E-009	8.33900E-010	3.44200E+000	7.73018E+002	7.74489E+002	1.47050E+000	5.66621E-001	7.97400E-001	1.53660E-009	1.67480E-009	1.09630E-009
185	21	17	1	1.31000E-002	-2.00000E-004	-5.00000E-004	5.28220E-009	1.70000E-009	1.95830E-009	3.45770E+000	7.69070E+002	7.70699E+002	1.62830E+000	5.68802E-001	7.97400E-001	1.96770E-009	1.80840E-009	1.40500E-010
189	23	17	1	1.32000E-002	-2.00000E-004	-5.00000E-004	3.71510E-009	1.70000E-009	8.24500E-010	3.46560E+000	7.88823E+002	7.90388E+002	1.56550E+000	5.64036E-001	7.98700E-001	1.56940E-009	2.00750E-009	7.21500E-010
193	23	19	1	1.31000E-002	-2.00000E-004	-5.00000E-004	3.42470E-009	1.60000E-009	2.23940E-009	3.47400E+000	7.90978E+002	7.92848E+002	1.87010E+000	5.62799E-001	7.98500E-001	1.38910E-009	1.92780E-009	1.59300E-010
197	21	19	1	1.32000E-002	-2.00000E-004	-6.00000E-004	5.21190E-009	1.60000E-009	9.37000E-011	3.46270E+000	7.71836E+002	7.73584E+002	1.74850E+000	5.68253E-001	7.96800E-001	1.25320E-009	1.86690E-009	1.15250E-009
201	19	19	1	1.31000E-002	-1.00000E-004	-5.00000E-004	6.33160E-009	1.80000E-009	7.40200E-010	3.44880E+000	7.74613E+002	7.76227E+002	1.61410E+000	5.71792E-001	7.96900E-001	1.62800E-009	1.78960E-009	2.34240E-009
205	17	19	1	1.31000E-002	-1.00000E-004	-5.00000E-004	6.16300E-009	1.50000E-009	2.34200E-010	3.43560E+000	7.66225E+002	7.67792E+002	1.56710E+000	5.73515E-001	7.97100E-001	1.38670E-009	1.78030E-009	1.37740E-009
209	15	19	1	1.32000E-002	-1.00000E-004	-5.00000E-004	6.21920E-009	1.60000E-009	2.62400E-010	3.43800E+000	7.61315E+002	7.62836E+002	1.52100E+000	5.73900E-001	7.97800E-001	1.72640E-009	1.92080E-009	1.09630E-009
213	13	19	1	1.32000E-002	-2.00000E-004	-5.00000E-004	6.07160E-009	1.80000E-009	1.01190E-009	3.44220E+000	7.64964E+002	7.66560E+002	1.59610E+000	5.69145E-001	7.97500E-001	1.58820E-009	1.89040E-009	8.15200E-010
217	11	19	1	1.32000E-002	-2.00000E-004	-5.00000E-004	5.17210E-009	1.70000E-009	2.97960E-009	3.47760E+000	7.78447E+002	7.80017E+002	1.57010E+000	5.66508E-001	7.97900E-001	1.75920E-009	2.19960E-009	3.75000E-011
221	9	19	1	1.31000E-002	-2.00000E-004	-5.00000E-004	4.13210E-009	1.60000E-009	3.73850E-009	3.45500E+000	7.66688E+002	7.68098E+002	1.41000E+000	5.73327E-001	7.98400E-001	1.46870E-009	1.76620E-009	1.04940E-009
225	7	19	1	1.32000E-002	-2.00000E-004	-5.00000E-004	3.69400E-009	1.60000E-009	2.06140E-009	3.45060E+000	7.86032E+002	7.87990E+002	1.95850E+000	5.57323E-001	7.98900E-001	1.42420E-009	1.72870E-009	6.74600E-010
233	7	21	1	1.33000E-002	-3.00000E-004	-3.00000E-004	3.14360E-009	1.60000E-009	4.33820E-009	3.46220E+000	7.81080E+002	7.83042E+002	1.96210E+000	5.55461E-001	7.98500E-001	1.58350E-009	1.93720E-009	7.59000E-010
237	9	21	1	1.32000E-002	-3.00000E-004	-5.00000E-004	4.01030E-009	1.60000E-009	4.98470E-009	3.46150E+000	7.72106E+002	7.73499E+002	1.39290E+000	5.73966E-001	7.97700E-001	1.74980E-009	1.93490E-009	7.87100E-010
241	11	21	1	1.32000E-002	-3.00000E-004	-5.00000E-004	5.24940E-009	1.40000E-009	7.12100E-010	3.46800E+000	7.71703E+002	7.73718E+002	2.01480E+000	5.64239E-001	7.97700E-001	1.43590E-009	1.95830E-009	1.90210E-009
245	13	21	1	1.32000E-002	-2.00000E-004	-5.00000E-004	6.35040E-009	1.70000E-009	9.83800E-010	3.45950E+000	7.70267E+002	7.71701E+002	1.43360E+000	5.74846E-001	7.97900E-001	1.66550E-009	1.59290E-009	1.65850E-009
249	15	21	1	1.32000E-002	-2.00000E-004	-5.00000E-004	6.22390E-009	1.60000E-009	5.15300E-010	3.44400E+000	7.68526E+002	7.69746E+002	1.21990E+000	5.68654E-001	7.97100E-001	1.74980E-009	1.82950E-009	4.49700E-010
253	17	21	1	1.33000E-002	-2.00000E-004	-5.00000E-004	6.24500E-009	1.80000E-009	1.12400E-010	3.44940E+000	7.70766E+002	7.72261E+002	1.49470E+000	5.70744E-001	7.97600E-001	1.65610E-009	1.97000E-009	2.21130E-009
257	19	21	1	1.32000E-002	-2.00000E-004	-5.00000E-004	5.83040E-009	1.50000E-009	2.53000E-010	3.46200E+000	7.73125E+002	7.74855E+002	1.73060E+000	5.73858E-001	7.97600E-001	1.32110E-009	1.86460E-009	6.74600E-010
261	21	21	1	1.32000E-002	-2.00000E-004	-5.00000E-004	4.57480E-009	1.70000E-009	2.06100E-010	3.46520E+000	7.75903E+002	7.77495E+002	1.59130E+000	5.72108E-001	7.96400E-001	1.56240E-009	1.89970E-009	1.28370E-009
264	23	21	1	1.31000E-002	-4.00000E-004	-7.00000E-004	4.06880E-009	1.30000E-009	0.00000E+000	3.46890E+000	7.90352E+002	7.92176E+002	1.82370E+000	5.56950E-001	7.96400E-001	2.03090E-009	1.59290E-009	1.42420E-009
268	21	23	1	1.33000E-002	-2.00000E-004	-6.00000E-004	4.02900E-009	1.50000E-009	6.37100E-010	3.46360E+000	7.82385E+002	7.83962E+002	1.57750E+000	5.72893E-001	7.96300E-001	1.15720E-009	1.68890E-009	1.39610E-009
272	19	23	1	1.32000E-002	-2.00000E-004	-5.00000E-004	5.28920E-009	1.60000E-009	4.59100E-010	3.45260E+000	7.68909E+002	7.70440E+002	1.53110E+000	5.77940E-001	7.98100E-001	1.55770E-009	1.86930E-009	2.15510E-009
276	17	23	1	1.31000E-002	-2.00000E-004	-5.00000E-004	5.79760E-009	1.70000E-009	5.52800E-010	3.45690E+000	7.69896E+002	7.71405E+002	1.50910E+000	5.78347E-001	7.97500E-001	1.59290E-009	1.67250E-009	1.18060E-009
280	15	23	1	1.32000E-002	-2.00000E-004	-5.00000E-004	6.14420E-009	1.60000E-009	9.37000E-011	3.45250E+000	7.68334E+002	7.69871E+002	1.53670E+000	5.75644E-001	7.97800E-001	1.52260E-009	1.91850E-009	1.63970E-009
284	13	23	1	1.32000E-002	-2.00000E-004	-5.00000E-004	5.95450E-009	1.60000E-009	5.15300E-010	3.45790E+000	7.63915E+002	7.65584E+002	1.66870E+000	5.76210E-001	7.97900E-001	1.51090E-009	1.93020E-009	1.05880E-009
288	11	23	1	1.32000E-002	-2.00000E-004	-5.00000E-004	4.60990E-009	1.60000E-009	1.82710E-009	3.46340E+000	7.72189E+002	7.73767E+002	1.57780E+000	5.70663E-001	7.97500E-001	1.41250E-009	2.00510E-009	2.26750E-009
292	9	23	1	1.32000E-002	-1.00000E-004	-5.00000E-004	3.68230E-009	1.60000E-009	1.95830E-009	3.46030E+000	7.81565E+002	7.83025E+002	1.45950E+000	5.67420E-001	7.97100E-001	1.60460E-009	2.00510E-009	9.18200E-010
296	7	23	1	1.31000E-002	-3.00000E-004	-5.00000E-004	3.25830E-009	1.60000E-009	1.19000E-009	3.49600E+000	7.64293E+002	7.67245E+002	2.95170E+000	5.61811E-001	7.98400E-001	1.50850E-009	1.85760E-009	1.04000E-009
302	9	25	1	1.32000E-002	-3.00000E-004	-6.00000E-004	3.20210E-009	1.60000E-009	1.96800E-010	3.46790E+000	7.80226E+002	7.82204E+002	1.97760E+000	5.53995E-001	7.97400E-001	1.60460E-009	1.92780E-009	1.29300E-009
306	11	25	1	1.31000E-002	-2.00000E-004	-5.00000E-004	3.96110E-009	1.50000E-009	1.35860E-009	3.46780E+000	7.84139E+002	7.85673E+002	1.53420E+000	5.67376E-001	7.97300E-001	1.66780E-009	1.85990E-009	1.68660E-009
310	13	25	1	1.32000E-002	-2.00000E-004	-5.00000E-004	4.05950E-009	1.50000E-009	2.06100E-010	3.45550E+000	7.72666E+002	7.74119E+002	1.45330E+000	5.74644E-001	7.97400E-001	1.47110E-009	1.53200E-009	1.08690E-009
314	15	25	1	1.32000E-002	-2.00000E-004	-5.00000E-004	5.08550E-009	1.90000E-009	1.12400E-010	3.45020E+000	7.69858E+002	7.71300E+002	1.44270E+000	5.70586E-001	7.97100E-001	1.56480E-009	1.93490E-009	1.09630E-009
318	17	25	1	1.32000E-002	-2.00000E-004	-6.00000E-004	4.77160E-009	1.70000E-009	9.83800E-010	3.44990E+000	7.72005E+002	7.73549E+002	1.54490E+000	5.80987E-001	7.98000E-001	1.68890E-009	1.78030E-009	1.33050E-009
322	19	25	1	1.33000E-002	-2.00000E-004	-5.00000E-004	4.13440E-009	1.80000E-009	2.53000E-010	3.46330E+000	7.76109E+002	7.77536E+002	1.42750E+000	5.77578E-001	7.96700E-001	1.69360E-009	1.89500E-009	1.37740E-009
326	21	25	1	1.34000E-002	-3.00000E-004	-7.00000E-004	4.30780E-009	1.80000E-009	5.34100E-010	3.47240E+000	7.85438E+002	7.87003E+002	1.56520E+000	5.58822E-001	7.96400E-001	1.74510E-009	1.92550E-009	1.58350E-009
329	19	27	1	1.33000E-002	-3.00000E-004	-6.00000E-004	4.34060E-009	1.60000E-009	8.71400E-010	3.46310E+000	7.81158E+002	7.83926E+002	2.76840E+000	5.58810E-001	7.96400E-001	2.00980E-009	1.75680E-009	1.72400E-009
332	17	27	1	1.32000E-002	-2.00000E-004	-6.00000E-004	3.99390E-009	1.70000E-009	4.21600E-010	3.46430E+000	7.81601E+002	7.83635E+002	2.03340E+000	5.72693E-001	7.97700E-001	1.73110E-009	1.61160E-009	2.14570E-009
336	15	27	1	1.32000E-002	-2.00000E-004	-5.00000E-004	3.77130E-009	1.70000E-009	2.34200E-010	3.46190E+000	7.81297E+002	7.83246E+002	1.94880E+000	5.70426E-001	7.98000E-001	1.84350E-009	1.68420E-009	2.06140E-009
340	13	27	1	1.31000E-002	-2.00000E-004	-5.00000E-004	3.48090E-009	1.70000E-009	1.03100E-010	3.46240E+000	7.85662E+002	7.88300E+002	2.63780E+000	5.59639E-001	7.97100E-001	1.27190E-009	1.87160E-009	2.49240E-009
344	11	27	1	1.33000E-002	-2.00000E-004	-6.00000E-004	3.18100E-009	1.70000E-009	1.96800E-010	3.47480E+000	7.78691E+002	7.81179E+002	2.48760E+000	5.55926E-001	7.98200E-001	1.47810E-009	1.68420E-009	8.90100E-010

6	18	7	1	1.32000E-002	-2.70000E-003	-3.10000E-003	3.77750E-009	1.80000E-009	4.68000E-011	3.47180E+000	7.75039E+002	7.77128E+002	2.08830E+000	5.64760E-001	8.00600E-001	1.58550E-009	2.07730E-009	1.25530E-009
10	16	7	1	1.32000E-002	-2.80000E-003	-3.00000E-003	4.45200E-009	1.70000E-009	5.05900E-010	3.43770E+000	7.83146E+002	7.83626E+002	4.80600E-001	5.64840E-001	8.00700E-001	1.49880E-009	1.75180E-009	1.42390E-009
14	14	7	1	1.32000E-002	-2.70000E-003	-3.00000E-003	4.42860E-009	1.50000E-009	3.27900E-010	3.44720E+000	7.81146E+002	7.83143E+002	1.99770E+000	5.64309E-001	8.00200E-001	1.58320E-009	1.63940E-009	1.03050E-009
17	12	7	1	1.35000E-002	-2.80000E-003	-3.10000E-003	3.49650E-009	1.80000E-009	4.27170E-009	3.47530E+000	7.75419E+002	7.77005E+002	1.58550E+000	5.62425E-001	8.00600E-001	2.11010E-009	1.84540E-009	1.16160E-009
18	10	7	5	1.01000E-002	-3.00000E-003	-3.30000E-003	3.39110E-009	6.00000E-010	1.41150E-005
19	8	9	5	1.01000E-002	-3.00000E-003	-3.30000E-003	3.55270E-009	5.00000E-010	1.41150E-005
23	10	9	1	1.32000E-002	-2.80000E-003	-3.10000E-003	3.19910E-009	1.80000E-009	1.22720E-009	3.46120E+000	7.85189E+002	7.85143E+002	-4.53000E-002	5.56650E-001	7.99900E-001	1.58780E-009	1.78460E-009	8.71200E-010
27	12	9	1	1.32000E-002	-2.70000E-003	-3.00000E-003	4.04920E-009	1.50000E-009	7.11900E-010	3.45120E+000	7.79265E+002	7.80824E+002	1.55830E+000	5.74337E-001	7.99200E-001	1.36540E-009	1.72840E-009	1.33020E-009
31	14	9	1	1.31000E-002	-2.80000E-003	-3.00000E-003	5.27170E-009	1.80000E-009	1.00230E-009	3.45020E+000	7.68097E+002	7.69768E+002	1.67070E+000	5.87324E-001	8.00300E-001	1.72840E-009	1.81030E-009	8.80600E-010
35	16	9	1	1.32000E-002	-2.80000E-003	-3.00000E-003	5.37470E-009	1.60000E-009	6.27600E-010	3.44400E+000	7.69294E+002	7.71091E+002	1.79660E+000	5.86582E-001	8.01200E-001	1.59950E-009	1.38170E-009	1.71430E-009
39	18	9	1	1.31000E-002	-2.70000E-003	-3.00000E-003	4.75650E-009	1.90000E-009	1.35830E-009	3.45590E+000	7.78893E+002	7.80543E+002	1.65060E+000	5.75772E-001	7.99800E-001	1.50120E-009	1.73300E-009	2.34200E-010
43	20	9	1	1.31000E-002	-2.70000E-003	-3.10000E-003	3.70960E-009	1.60000E-009	2.37000E-009	3.44520E+000	7.85717E+002	7.86646E+002	9.29200E-001	5.60800E-001	7.98800E-001	1.70730E-009	1.98600E-009	1.65810E-009
48	22	11	1	1.32000E-002	-2.70000E-003	-3.10000E-003	3.61830E-009	1.80000E-009	5.24600E-010	3.44480E+000	7.84179E+002	7.86245E+002	2.06620E+000	5.58242E-001	7.99100E-001	1.59490E-009	1.77990E-009	7.68200E-010
52	20	11	1	1.31000E-002	-2.70000E-003	-3.00000E-003	4.69560E-009	1.70000E-009	4.68400E-010	3.45180E+000	7.72806E+002	7.74264E+002	1.45740E+000	5.76122E-001	7.99500E-001	1.60660E-009	1.55970E-009	1.35830E-009
56	18	11	1	1.31000E-002	-2.70000E-003	-3.10000E-003	5.78690E-009	1.70000E-009	1.01170E-009	3.45710E+000	7.68282E+002	7.70063E+002	1.78130E+000	5.77301E-001	8.00200E-001	1.45430E-009	1.72370E-009	1.17100E-009
60	16	11	1	1.32000E-002	-2.70000E-003	-3.00000E-003	6.43100E-009	2.00000E-009	5.15200E-010	3.45200E+000	7.67930E+002	7.69338E+002	1.40770E+000	5.75423E-001	8.00200E-001	1.67450E-009	1.81270E-009	5.80800E-010
64	14	11	1	1.32000E-002	-2.70000E-003	-3.00000E-003	6.00940E-009	1.70000E-009	3.37200E-010	3.44840E+000	7.66544E+002	7.68664E+002	2.11990E+000	5.75597E-001	8.00300E-001	1.58080E-009	1.80330E-009	2.34200E-010
68	12	11	1	1.32000E-002	-2.70000E-003	-3.10000E-003	5.13820E-009	1.70000E-009	5.62100E-010	3.46240E+000	7.70549E+002	7.71994E+002	1.44500E+000	5.79361E-001	8.00000E-001	1.74940E-009	1.98600E-009	7.02600E-010
72	10	11	1	1.32000E-002	-2.70000E-003	-3.00000E-003	3.82200E-009	1.50000E-009	1.78000E-010	3.46280E+000	7.83607E+002	7.84921E+002	1.31400E+000	5.69708E-001	7.99300E-001	1.40520E-009	1.83140E-009	1.27400E-009
76	8	11	1	1.32000E-002	-2.70000E-003	-3.00000E-003	4.36300E-009	2.10000E-009	4.40300E-010	3.47600E+000	7.80618E+002	7.82525E+002	1.90710E+000	5.50879E-001	7.99200E-001	1.69790E-009	2.12180E-009	5.80800E-010
78	6	13	1	1.35000E-002	-2.90000E-003	-3.20000E-003	4.40520E-009	7.00000E-010	7.19440E-009	3.57120E+000	7.12909E+002	7.17384E+002	4.47520E+000	5.61069E-001	8.03500E-001	2.41220E-009	7.89200E-010	1.32090E-009
82	8	13	1	1.32000E-002	-2.70000E-003	-3.10000E-003	3.40520E-009	1.60000E-009	3.26930E-009	3.47620E+000	7.89639E+002	7.91529E+002	1.88970E+000	5.52848E-001	8.00100E-001	1.55270E-009	1.69320E-009	8.43000E-011
86	10	13	1	1.31000E-002	-2.80000E-003	-3.10000E-003	4.88530E-009	1.80000E-009	5.90200E-010	3.46850E+000	7.70797E+002	7.72294E+002	1.49720E+000	5.67544E-001	7.99200E-001	1.59720E-009	1.75880E-009	1.03000E-010
90	12	13	1	1.32000E-002	-2.70000E-003	-3.00000E-003	5.85250E-009	1.60000E-009	1.57380E-009	3.46530E+000	7.63743E+002	7.65540E+002	1.79700E+000	5.74667E-001	7.99800E-001	1.37000E-009	1.93680E-009	2.06100E-010
94	14	13	1	1.32000E-002	-2.70000E-003	-3.00000E-003	6.83610E-009	1.70000E-009	2.06090E-009	3.45950E+000	7.70038E+002	7.71329E+002	1.29160E+000	5.76108E-001	8.00200E-001	1.60190E-009	1.87120E-009	8.71200E-010
98	16	13	1	1.32000E-002	-2.70000E-003	-3.00000E-003	6.63000E-009	1.40000E-009	2.06100E-010	3.45780E+000	7.70100E+002	7.71691E+002	1.59090E+000	5.76160E-001	8.01400E-001	1.50820E-009	1.75180E-009	1.38640E-009
102	18	13	1	1.31000E-002	-2.70000E-003	-3.00000E-003	6.40290E-009	1.70000E-009	4.68000E-011	3.47420E+000	7.76529E+002	7.78366E+002	1.83760E+000	5.70537E-001	8.00700E-001	1.75650E-009	1.96490E-009	2.13580E-009
106	20	13	1	1.31000E-002	-2.70000E-003	-3.00000E-003	4.68390E-009	1.60000E-009	1.19910E-009	3.45980E+000	7.67498E+002	7.68991E+002	1.49280E+000	5.65048E-001	7.99800E-001	1.48480E-009	1.77280E-009	2.06090E-009
110	22	13	1	1.32000E-002	-2.70000E-003	-3.00000E-003	3.90870E-009	1.60000E-009	1.25530E-009	3.46290E+000	7.82770E+002	7.84523E+002	1.75310E+000	5.63289E-001	8.00500E-001	1.81730E-009	1.89700E-009	2.70730E-009
116	24	15	1	1.32000E-002	-2.70000E-003	-3.00000E-003	3.20610E-009	1.70000E-009	5.34000E-010	3.46820E+000	7.79454E+002	7.82319E+002	2.86560E+000	5.54872E-001	8.00500E-001	1.69790E-009	1.77050E-009	1.68620E-009
120	22	15	1	1.32000E-002	-2.70000E-003	-3.00000E-003	4.51990E-009	1.60000E-009	2.97890E-009	3.46260E+000	7.75634E+002	7.77032E+002	1.39810E+000	5.71261E-001	8.00800E-001	1.37470E-009	1.84540E-009	5.62000E-011
124	20	15	1	1.32000E-002	-2.70000E-003	-3.00000E-003	6.23420E-009	1.70000E-009	2.02340E-009	3.45570E+000	7.64529E+002	7.66326E+002	1.79690E+000	5.65069E-001	8.00500E-001	1.72130E-009	1.96960E-009	2.48250E-009
128	18	15	1	1.31000E-002	-2.70000E-003	-3.00000E-003	7.05160E-009	1.50000E-009	1.48950E-009	3.45860E+000	7.73298E+002	7.74967E+002	1.66880E+000	5.64192E-001	8.01100E-001	1.54800E-009	2.00470E-009	1.19910E-009
132	16	15	1	1.31000E-002	-2.60000E-003	-3.00000E-003	6.89940E-009	1.70000E-009	3.46600E-010	3.43970E+000	7.72694E+002	7.73951E+002	1.25700E+000	5.68746E-001	8.00100E-001	1.52460E-009	1.82200E-009	1.09600E-009
136	14	15	1	1.32000E-002	-2.70000E-003	-3.00000E-003	6.43100E-009	1.40000E-009	1.08670E-009	3.43870E+000	7.71391E+002	7.72788E+002	1.39720E+000	5.67081E-001	8.00200E-001	1.39350E-009	1.71660E-009	5.15200E-010
140	12	15	1	1.31000E-002	-2.70000E-003	-3.00000E-003	6.51530E-009	1.70000E-009	3.84100E-010	3.45520E+000	7.72912E+002	7.74583E+002	1.67170E+000	5.68831E-001	7.99900E-001	1.41220E-009	1.93910E-009	1.30210E-009
144	10	15	1	1.32000E-002	-2.60000E-003	-3.00000E-003	5.17570E-009	1.30000E-009	7.49000E-011	3.45940E+000	7.64336E+002	7.65797E+002	1.46160E+000	5.65256E-001	7.99700E-001	1.73770E-009	1.85010E-009	9.46100E-010
148	8	15	1	1.32000E-002	-2.70000E-003	-3.00000E-003	4.06330E-009	1.60000E-009	1.33020E-009	3.46640E+000	7.82787E+002	7.84396E+002	1.60900E+000	5.66136E-001	8.00300E-001	1.66980E-009	1.90400E-009	2.41690E-009
150	6	15	1	1.35000E-002	-2.90000E-003	-3.10000E-003	3.30680E-009	1.60000E-009	2.90400E-009	3.51150E+000	7.69824E+002	7.72469E+002	2.64540E+000	5.54673E-001	8.02300E-001	1.69790E-009	1.79160E-009	4.04690E-009
154	6	17	1	1.32000E-002	-2.70000E-003	-3.00000E-003	4.78690E-009	1.80000E-009	3.18500E-009	3.49280E+000	7.72100E+002	7.75124E+002	3.02360E+000	5.54979E-001	8.01700E-001	1.85250E-009	1.71200E-009	1.96700E-010
158	8	17	1	1.32000E-002	-2.70000E-003	-3.00000E-003	3.86420E-009	1.50000E-009	1.40500E-010	3.46080E+000	7.78854E+002	7.80663E+002	1.80920E+000	5.69224E-001	8.01400E-001	1.55740E-009	1.71200E-009	9.74200E-010
162	10	17	1	1.33000E-002	-2.60000E-003	-3.00000E-003	5.39820E-009	1.70000E-009	3.34430E-009	3.45570E+000	7.61546E+002	7.63137E+002	1.59040E+000	5.68951E-001	8.00600E-001	1.85010E-009	1.89930E-009	1.42390E-009
166	12	17	1	1.33000E-002	-2.60000E-003	-3.00000E-003	6.39820E-009	1.60000E-009	1.52690E-009	3.44680E+000	7.67763E+002	7.69212E+002	1.44880E+000	5.66196E-001	8.00000E-001	1.55970E-009	1.85950E-009	4.59000E-010
170	14	17	1	1.32000E-002	-2.60000E-003	-3.00000E-003	6.36300E-009	1.70000E-009	5.62100E-010	3.43420E+000	7.66737E+002	7.68205E+002	1.46820E+000	5.72551E-001	8.00200E-001	1.86650E-009	1.68150E-009	6.18300E-010
174	16	17	1	1.32000E-002	-2.70000E-003	-3.00000E-003	6.32090E-009	1.40000E-009	1.51760E-009	3.43780E+000	7.73886E+002	7.75734E+002	1.84830E+000	5.62048E-001	8.00700E-001	1.39110E-009	1.74940E-009	1.34900E-009
178	18	17	1	1.33000E-002	-2.70000E-003	-3.00000E-003	6.52700E-009	1.70000E-009	1.04920E-009	3.44120E+000	7.72773E+002	7.74189E+002	1.41600E+000	5.60967E-001	8.00200E-001	1.76820E-009	1.74470E-009	9.37000E-011
182	20	17	1	1.31000E-002	-2.80000E-003	-3.00000E-003	6.36300E-009	1.80000E-009	3.55040E-009	3.45860E+000	7.70938E+002	7.72675E+002	1.73660E+000	5.68938E-001	8.00100E-001	1.60420E-009	1.53870E-009	1.41450E-009
186	22	17	1	1.31000E-002	-2.70000E-003	-3.00000E-003	4.54340E-009	1.80000E-009	2.43600E-010	3.46150E+000	7.74422E+002	7.75981E+002	1.55960E+000	5.71778E-001	8.00800E-001	1.94150E-009	1.73070E-009	8.33700E-010
190	24	17	1	1.32000E-002	-2.70000E-003	-3.00000E-003	3.80330E-009	1.70000E-009	3.08200E-009	3.46010E+000	7.84872E+002	7.86698E+002	1.82650E+000	5.51861E-001	8.00300E-001	1.59250E-009	1.84780E-009	1.21780E-009
194	24	19	1	1.31000E-002	-2.70000E-003	-3.00000E-003	3.20850E-009	1.60000E-009	1.29280E-009	3.44620E+000	7.84010E+002	7.85975E+002	1.96470E+000	5.55820E-001	7.99700E-001	1.37000E-009	1.76110E-009	1.55500E-009
198	22	19	1	1.32000E-002	-2.70000E-003	-3.00000E-003	4.73540E-009	1.60000E-009	1.33020E-009	3.45380E+000	7.77093E+002	7.78606E+002	1.51310E+000	5.71680E-001	7.99900E-001	1.44730E-009	1.81970E-009	7.40100E-010
202	20	19	1	1.31000E-002	-2.60000E-003	-3.00000E-003	6.39350E-009	1.70000E-009	3.56000E-010	3.45880E+000	7.72062E+002	7.73892E+002	1.83050E+000	5.69096E-001	7.99700E-001	1.67210E-009	1.65110E-009	2.81000E-010
206	18	19	1	1.31000E-002	-2.60000E-003	-3.00000E-003	6.62300E-009	1.60000E-009	3.46600E-010	3.45050E+000	7.71390E+002	7.73055E+002	1.66540E+000	5.67869E-001	8.00000E-001	1.53870E-009	1.78920E-009	1.34900E-009
210	16	19	1	1.32000E-002	-2.70000E-003	-3.00000E-003	6.68860E-009	1.60000E-009	9.36800E-010	3.44140E+000	7.65844E+002	7.67102E+002	1.25800E+000	5.71528E-001	7.99700E-001	1.66980E-009	1.71900E-009	1.53630E-009
214	14	19	1	1.32000E-002	-2.60000E-003	-3.00000E-003	6.11480E-009	1.70000E-009	8.89900E-010	3.44020E+000	7.68090E+002	7.69377E+002	1.28760E+000	5.69507E-001	7.99800E-001	1.76820E-009	1.85950E-009	1.60190E-009
218	12	19	1	1.32000E-002	-2.70000E-003	-3.00000E-003	6.40750E-009	1.80000E-009	1.47070E-009	3.45570E+000	7.68083E+002	7.69575E+002	1.49250E+000	5.71009E-001	7.99600E-001	1.78220E-009	2.05390E-009	1.88290E-009
222	10	19	1	1.31000E-002	-2.60000E-003	-3.00000E-003	5.25300E-009	1.50000E-009	3.71900E-009	3.46680E+000	7.58690E+002	7.60164E+002	1.47430E+000	5.71012E-001	8.00500E-001	1.55740E-009	1.62530E-009	1.41450E-009
226	8	19	1	1.32000E-002	-2.70000E-003	-3.00000E-003	4.06330E-009	1.70000E-009	2.62300E-010	3.46020E+000	7.74804E+002	7.76454E+002	1.65050E+000	5.71194E-001	8.01200E-001	1.57610E-009	1.64870E-009	6.56000E-011
228	6	19	1	1.35000E-002	-2.90000E-003	-3.10000E-003	3.79630E-009	1.60000E-009	8.71200E-010	3.49090E+000	7.72704E+002	7.74650E+002	1.94640E+000	5.58335E-001	8.01400E-001	2.17800E-009	1.86180E-009	3.75000E-011
230	6	21	1	1.35000E-002	-2.90000E-003	-3.20000E-003	3.27640E-009	1.60000E-009	3.48480E-009	3.52220E+000	7.39489E+002	7.43846E+002	4.35630E+000	5.66113E-001	8.04100E-001	1.72840E-009	1.52930E-009	1.87000E-011
234	8	21	1	1.33000E-002	-2.80000E-003	-1.90000E-003	3.69320E-009	1.70000E-009	4.73070E-009	3.46520E+000	7.82413E+002	7.84303E+002	1.88990E+000	5.64990E-001	8.00500E-001	1.80330E-009	1.77520E-009	2.03280E-009
238	10	21	1	1.32000E-002	-2.70000E-003	-3.00000E-003	4.84310E-009	1.60000E-009	5.62000E-011	3.46540E+000	7.64828E+002	7.66435E+002	1.60720E+000	5.71446E-001	8.01000E-001	1.65110E-009	1.79630E-009	6.65100E-010
242	12	21	1	1.32000E-002	-2.70000E-003	-3.00000E-003	6.29980E-009	1.50000E-009	7.49400E-010	3.46610E+000	7.64550E+002	7.66209E+002	1.65940E+000	5.74522E-001	8.00600E-001	1.65110E-009	1.88760E-009	4.02800E-010
246	14	21	1	1.32000E-002	-2.70000E-003	-3.00000E-003	6.69330E-009	1.60000E-009	4.02800E-010	3.44550E+000	7.65936E+002	7.67380E+002	1.44390E+000	5.71504E-001	8.00600E-001	1.70490E-009	1.46140E-009	1.41450E-009
250	16	21	1	1.32000E-002	-2.60000E-003	-3.00000E-003	6.40520E-009	1.60000E-009	4.87100E-010	3.44220E+000	7.67766E+002	7.69333E+002	1.56720E+000	5.68702E-001	7.99800E-001	1.88290E-009	1.75880E-009	4.77800E-010
254	18	21	1	1.33000E-002	-2.70000E-003	-3.00000E-003	6.56910E-009	1.70000E-009	7.58800E-010	3.46720E+000	7.75314E+002	7.76852E+002	1.53840E+000	5.71943E-001	8.00500E-001	1.71660E-009	1.90630E-009	4.68000E-011
258	20	21	1	1.32000E-002	-2.70000E-003	-3.00000E-003	5.53170E-009	1.50000E-009	2.09840E-009	3.46660E+000	7.71878E+002	7.73437E+002	1.55880E+000	5.70112E-001	7.99700E-001	1.36770E-009	1.67450E-009	5.99500E-010
262	22	21	1	1.32000E-002	-2.80000E-003	-3.00000E-003	4.20850E-009	1.60000E-009	1.01170E-009	3.47410E+000	7.80943E+002	7.82367E+002	1.42400E+000	5.72092E-001	7.99200E-001	1.72600E-009	1.89460E-009	1.11480E-009
269	22	23	1	1.33000E-002	-2.70000E-003	-3.00000E-003	3.78460E-009	1.40000E-009	8.33700E-010	3.47370E+000	7.87741E+002	7.89764E+002	2.02300E+000	5.63147E-001	7.98800E-001	1.16630E-009	1.54570E-009	1.30210E-009
273	20	23	1	1.32000E-002	-2.70000E-003	-3.00000E-003	4.94850E-009	1.70000E-009	1.02110E-009	3.46480E+000	7.75723E+002	7.77225E+002	1.50190E+000	5.73674E-001	7.99200E-001	1.70490E-009	1.80560E-009	4.59000E-010
277	18	23	1	1.31000E-002	-2.60000E-003	-3.00000E-003	5.60190E-009	1.60000E-009	1.34900E-009	3.46550E+000	7.73601E+002	7.75390E+002	1.78860E+000	5.74558E-001	8.00500E-001	1.66750E-009	1.49650E-009	1.07730E-009
281	16	23	1	1.32000E-002	-2.60000E-003	-3.00000E-003	6.12420E-009	1.70000E-009	1.07730E-009	3.45550E+000	7.75459E+002	7.76785E+002	1.32570E+000	5.71377E-001	7.99800E-001	1.61360E-009	1.82670E-009	1.54570E-009
285	14	23	1	1.32000E-002	-2.70000E-003	-3.00000E-003	6.44740E-009	1.40000E-009	1.24590E-009	3.45090E+000	7.70821E+002	7.72556E+002	1.73500E+000	5.77839E-001	8.00600E-001	1.54100E-009	1.75650E-009	1.13350E-009
289	12	23	1	1.32000E-002	-2.60000E-003	-3.00000E-003	5.96260E-009	1.60000E-009	9.74200E-010	3.45430E+000	7.61028E+002	7.62507E+002	1.47910E+000	5.72887E-001	7.99600E-001	1.57140E-009	1.89460E-009	1.49900E-010
293	10	23	1	1.32000E-002	-2.70000E-003	-3.00000E-003	4.58790E-009	1.50000E-009	1.12410E-009	3.45310E+000	7.70710E+002	7.72189E+002	1.47880E+000	5.73049E-001	7.99700E-001	1.57380E-009	1.77280E-009	1.83610E-009
297	8	23	1	1.31000E-002	-2.70000E-003	-3.00000E-003	3.72840E-009	1.70000E-009	7.21300E-010	3.45500E+000	7.83290E+002	7.84900E+002	1.61020E+000	5.56400E-001	8.00100E-001	1.70490E-009	1.77990E-009	9.08700E-010
299	8	25	1	1.35000E-002	-2.90000E-003	-3.20000E-003	3.70730E-009	1.60000E-009	1.79860E-009	3.49800E+000	7.60751E+002	7.64101E+002	3.35040E+000	5.63187E-001	8.00800E-001	2.20840E-009	1.69560E-009	1.68620E-009
303	10	25	1	1.32000E-002	-2.70000E-003	-3.00000E-003	3.66510E-009	1.70000E-009	1.96720E-009	3.45860E+000	7.85202E+002	7.87600E+002	2.39780E+000	5.59529E-001	7.99900E-001	1.79860E-009	1.93440E-009	1.31150E-009
307	12	25	1	1.31000E-002	-2.70000E-003	-3.00000E-003	4.66510E-009	1.50000E-009	1.03980E-009	3.45310E+000	7.69950E+002	7.71442E+002	1.49200E+000	5.75467E-001	8.00000E-001	1.68620E-009	1.68850E-009	8.24400E-010
311	14	25	1	1.32000E-002	-2.70000E-003	-3.00000E-003	4.58550E-009	1.50000E-009	1.64870E-009	3.45230E+000	7.68513E+002	7.70128E+002	1.61470E+000	5.76806E-001	8.00100E-001	1.64870E-009	1.48010E-009	5.71400E-010
315	16	25	1	1.32000E-002	-2.70000E-003	-3.00000E-003	5.06800E-009	1.90000E-009	1.48010E-009	3.45420E+000	7.73598E+002	7.75420E+002	1.82210E+000	5.70407E-001	7.99800E-001	1.67920E-009	1.72130E-009	1.43330E-009
319	18	25	1	1.32000E-002	-2.70000E-003	-3.00000E-003	4.78460E-009	1.60000E-009	3.74700E-010	3.46680E+000	7.76481E+002	7.78290E+002	1.80870E+000	5.79653E-001	8.00600E-001	1.82440E-009	1.69790E-009	1.11480E-009
323	20	25	1	1.33000E-002	-2.70000E-003	-3.00000E-003	4.22020E-009	1.80000E-009	6.55700E-010	3.46130E+000	7.84499E+002	7.86102E+002	1.60360E+000	5.68489E-001	7.99000E-001	1.82670E-009	1.67920E-009	1.43330E-009
333	18	27	1	1.32000E-002	-2.70000E-003	-3.00000E-003	4.20380E-009	1.70000E-009	1.12400E-010	3.47360E+000	7.85090E+002	7.87624E+002	2.53420E+000	5.61568E-001	7.99800E-001	1.71200E-009	1.54330E-009	7.96300E-010
337	16	27	1	1.32000E-002	-2.70000E-003	-3.00000E-003	4.24130E-009	1.60000E-009	9.55500E-010	3.46640E+000	7.85860E+002	7.88296E+002	2.43570E+000	5.66961E-001	8.00400E-001	1.72600E-009	1.44730E-009	9.08700E-010
341	14	27	1	1.31000E-002	-2.70000E-003	-3.00000E-003	3.93210E-009	1.70000E-009	2.34200E-010	3.45590E+000	7.85010E+002	7.87452E+002	2.44240E+000	5.66164E-001	7.99900E-001	1.48480E-009	1.75410E-009	9.64900E-010
345	12	27	1	1.33000E-002	-2.70000E-003	-3.10000E-003	3.88290E-009	1.60000E-009	9.55500E-010	3.46130E+000	7.84061E+002	7.84633E+002	5.71900E-001	5.56921E-001	7.99400E-001	1.53400E-009	1.53400E-009	1.07730E-009
348	10	27	1	1.32000E-002	-2.80000E-003	-3.10000E-003	3.26230E-009	1.60000E-009	1.55500E-009	3.48840E+000	7.64878E+002	7.67178E+002	2.30020E+000	5.66536E-001	8.01200E-001	2.02110E-009	1.51290E-009	2.34200E-010

