Program name	H0192AB_E4_CP1.dll
Lot number	C146419.00-CPTSTE07-250312-171940@CP
Wafer number	12
Date	2025/03/12
Time	17:22:37

No.U	X	Y	Bin	CONT@D	CONT@G	CONT@S	IGSS1	IGSSR1	IDSS1	VTH	BVDSS1	BVDSS2	BV2-BV1	RDSON1	VFSDS	IGSS2	IGSSR2	IDSS3
LimitU				0.5V	0.5V	0.5V	80nA	3uA	200nA	4V	900V	900V	50V	640mohm	1V	80nA	80nA	150nA
LimitL				-0.5V	-0.5V	-0.5V	0nA	0uA	0nA	3V	700V	700V	-10V	0mohm	0V	0nA	0nA	0nA
Bias 1				 	 	 	 	 	 	100uA	250uA	1mA	 	1A	 	 	 	 
Bias 2				 	 	 	 	 	 	 	 	 	 	 	2A	 	 	 
Bias 3				2V	 	 	 	 	700V	 	 	 	 	 	 	 	 	600V
Bias 4				 	2V	 	30V	-30V	 	 	 	 	 	10V	0V	20V	-20V	 
Bias 5				1000uS	8000uS	8000uS	12000uS	12000uS	10000uS	2000uS	10000uS	8000uS	1000uS	50000uS	5000uS	12000uS	12000uS	10000uS
Bias 6				 	 	 	 	 	 	 	 	 	 	 	 	 	 	 
3	17	6	1	1.31000E-002	1.20000E-003	9.00000E-004	3.51520E-009	1.50000E-009	1.32458E-008	3.50530E+000	7.38192E+002	7.41437E+002	3.24410E+000	5.71320E-001	7.97900E-001	1.29270E-009	1.83140E-009	5.34000E-010
7	15	6	1	1.32000E-002	1.20000E-003	9.00000E-004	3.60890E-009	1.60000E-009	1.18688E-008	3.51010E+000	7.45631E+002	7.48338E+002	2.70650E+000	5.73614E-001	7.97800E-001	1.27870E-009	1.84540E-009	7.30700E-010
11	13	6	1	1.32000E-002	1.20000E-003	9.00000E-004	4.01400E-009	1.00000E-009	3.06696E-008	3.53270E+000	7.13051E+002	7.16118E+002	3.06740E+000	5.73961E-001	7.98800E-001	1.22480E-009	1.64870E-009	5.24600E-010
20	9	8	5	1.32000E-002	1.20000E-003	9.00000E-004	3.27160E-009	1.20000E-009	1.38140E-005
24	11	8	1	1.32000E-002	1.30000E-003	9.00000E-004	3.39580E-009	1.50000E-009	1.20187E-008	3.47720E+000	7.73893E+002	7.76448E+002	2.55460E+000	5.52125E-001	7.97300E-001	1.50120E-009	1.83140E-009	1.17100E-009
28	13	8	1	1.33000E-002	1.20000E-003	1.00000E-003	3.48710E-009	1.30000E-009	9.92030E-009	3.46150E+000	7.77921E+002	7.80747E+002	2.82650E+000	5.64531E-001	7.96900E-001	1.04450E-009	1.86420E-009	8.05600E-010
32	15	8	1	1.32000E-002	1.30000E-003	9.00000E-004	4.43790E-009	1.50000E-009	3.82200E-009	3.46490E+000	7.69125E+002	7.70914E+002	1.78880E+000	5.77202E-001	7.96700E-001	1.08900E-009	1.85240E-009	9.64900E-010
36	17	8	1	1.32000E-002	1.20000E-003	9.00000E-004	4.01170E-009	1.60000E-009	8.05620E-009	3.46030E+000	7.73433E+002	7.75328E+002	1.89520E+000	5.72568E-001	7.97000E-001	1.25990E-009	1.71190E-009	6.37000E-010
40	19	8	1	1.32000E-002	1.30000E-003	1.00000E-003	3.98830E-009	1.50000E-009	4.43090E-009	3.45640E+000	7.73436E+002	7.76050E+002	2.61460E+000	5.60529E-001	7.96200E-001	1.04680E-009	1.63700E-009	1.64870E-009
45	21	10	1	1.32000E-002	1.20000E-003	9.00000E-004	3.91570E-009	1.50000E-009	2.16390E-009	3.46780E+000	7.79468E+002	7.81578E+002	2.11040E+000	5.58358E-001	7.95800E-001	1.19670E-009	1.81500E-009	2.20140E-009
49	19	10	1	1.32000E-002	1.20000E-003	1.00000E-003	4.51290E-009	1.50000E-009	5.76110E-009	3.45980E+000	7.64252E+002	7.65859E+002	1.60650E+000	5.77619E-001	7.96300E-001	1.06090E-009	1.85010E-009	1.18970E-009
53	17	10	1	1.33000E-002	1.30000E-003	1.00000E-003	5.23880E-009	1.50000E-009	4.40280E-009	3.24550E+000	7.58269E+002	7.59783E+002	1.51420E+000	5.82173E-001	7.95600E-001	1.03510E-009	1.59020E-009	6.55700E-010
57	15	10	1	1.32000E-002	1.30000E-003	9.00000E-004	5.31610E-009	1.40000E-009	2.89460E-009	3.46680E+000	7.56545E+002	7.58154E+002	1.60860E+000	5.83062E-001	7.97200E-001	1.09370E-009	1.71190E-009	1.97660E-009
61	13	10	1	1.33000E-002	1.30000E-003	9.00000E-004	5.17800E-009	1.60000E-009	2.62290E-009	3.47720E+000	7.63251E+002	7.65073E+002	1.82180E+000	5.77753E-001	7.97200E-001	1.09130E-009	1.79390E-009	1.78000E-010
65	11	10	1	1.32000E-002	1.30000E-003	9.00000E-004	3.73770E-009	1.50000E-009	5.44260E-009	3.47780E+000	7.78709E+002	7.80267E+002	1.55760E+000	5.68019E-001	7.98000E-001	1.05390E-009	1.91800E-009	2.33250E-009
69	9	10	1	1.31000E-002	1.30000E-003	9.00000E-004	3.60650E-009	1.50000E-009	5.53630E-009	3.47370E+000	7.75237E+002	7.77222E+002	1.98440E+000	5.53173E-001	7.96800E-001	1.00230E-009	1.88760E-009	1.64870E-009
73	7	10	3	1.33000E-002	1.60000E-003	9.00000E-004	1.38710E-005
79	7	12	1	1.32000E-002	1.20000E-003	9.00000E-004	3.62060E-009	1.60000E-009	7.58780E-009	3.49950E+000	7.61998E+002	7.63933E+002	1.93510E+000	5.54444E-001	7.97200E-001	9.71900E-010	1.76110E-009	5.05900E-010
83	9	12	1	1.32000E-002	1.30000E-003	9.00000E-004	3.92740E-009	1.40000E-009	4.34189E-008	3.46930E+000	7.79844E+002	7.81666E+002	1.82230E+000	5.62657E-001	7.97100E-001	1.09370E-009	1.92970E-009	8.43000E-011
87	11	12	1	1.32000E-002	1.20000E-003	1.00000E-003	5.12410E-009	1.60000E-009	4.89930E-009	3.47490E+000	7.70464E+002	7.72453E+002	1.98860E+000	5.70085E-001	7.96900E-001	1.11470E-009	1.39110E-009	5.43300E-010
91	13	12	1	1.32000E-002	1.20000E-003	9.00000E-004	5.34890E-009	1.60000E-009	1.67680E-009	3.47250E+000	7.58671E+002	7.60521E+002	1.84980E+000	5.75668E-001	7.96500E-001	1.09840E-009	1.78220E-009	2.14520E-009
95	15	12	1	1.33000E-002	1.30000E-003	1.00000E-003	5.76110E-009	1.60000E-009	2.59480E-009	3.46580E+000	7.59777E+002	7.61307E+002	1.52990E+000	5.81913E-001	7.96300E-001	1.12650E-009	1.68850E-009	1.62060E-009
99	17	12	1	1.32000E-002	1.30000E-003	1.00000E-003	5.95550E-009	1.40000E-009	1.32080E-009	3.45680E+000	7.60143E+002	7.61704E+002	1.56090E+000	5.77355E-001	7.96600E-001	1.28570E-009	1.70490E-009	8.33700E-010
103	19	12	1	1.31000E-002	1.30000E-003	9.00000E-004	5.66040E-009	1.60000E-009	4.58080E-009	3.29330E+000	7.62748E+002	7.64302E+002	1.55400E+000	5.71256E-001	7.95900E-001	1.30440E-009	1.85480E-009	1.18970E-009
107	21	12	1	1.32000E-002	1.30000E-003	1.00000E-003	3.98590E-009	1.40000E-009	6.60420E-009	3.45730E+000	7.71563E+002	7.73388E+002	1.82550E+000	5.67450E-001	7.96300E-001	1.27870E-009	1.82430E-009	2.71700E-010
111	23	12	1	1.31000E-002	1.20000E-003	9.00000E-004	3.97660E-009	1.60000E-009	4.03740E-009	3.48730E+000	7.76522E+002	7.78696E+002	2.17420E+000	5.52864E-001	7.97400E-001	1.49410E-009	1.81500E-009	1.26460E-009
113	23	14	1	1.32000E-002	1.30000E-003	9.00000E-004	3.53860E-009	1.60000E-009	3.51290E-009	3.48590E+000	7.84164E+002	7.86086E+002	1.92260E+000	5.56125E-001	7.97000E-001	1.31150E-009	1.78690E-009	6.55700E-010
117	21	14	1	1.31000E-002	1.30000E-003	1.00000E-003	4.82200E-009	1.60000E-009	4.72130E-009	3.46800E+000	7.68322E+002	7.70227E+002	1.90550E+000	5.63431E-001	7.96800E-001	1.14050E-009	1.59250E-009	1.88290E-009
121	19	14	1	1.32000E-002	1.30000E-003	1.00000E-003	5.92970E-009	1.40000E-009	1.61120E-009	3.46600E+000	7.64787E+002	7.66781E+002	1.99430E+000	5.67407E-001	7.96300E-001	9.76600E-010	1.74470E-009	2.99800E-010
125	17	14	1	1.31000E-002	1.30000E-003	1.00000E-003	6.39110E-009	1.50000E-009	1.41450E-009	3.45920E+000	7.62754E+002	7.64274E+002	1.52040E+000	5.73214E-001	7.96000E-001	1.12880E-009	1.90630E-009	2.16390E-009
129	15	14	1	1.32000E-002	1.30000E-003	1.00000E-003	6.06790E-009	1.60000E-009	2.58550E-009	3.44440E+000	7.60014E+002	7.61480E+002	1.46600E+000	5.72287E-001	7.95800E-001	1.10540E-009	1.62060E-009	2.55740E-009
133	13	14	1	1.31000E-002	1.30000E-003	9.00000E-004	6.11470E-009	1.50000E-009	2.56670E-009	3.46140E+000	7.61065E+002	7.62674E+002	1.60870E+000	5.75563E-001	7.96600E-001	1.08430E-009	1.81730E-009	2.91330E-009
137	11	14	1	1.32000E-002	1.20000E-003	9.00000E-004	5.37000E-009	1.80000E-009	5.96720E-009	3.46940E+000	7.65429E+002	7.67259E+002	1.82960E+000	5.62815E-001	7.96200E-001	1.39110E-009	1.88520E-009	8.05600E-010
141	9	14	1	1.33000E-002	1.30000E-003	9.00000E-004	4.07730E-009	1.40000E-009	4.02810E-009	3.46550E+000	7.64579E+002	7.66497E+002	1.91810E+000	5.64639E-001	7.96400E-001	1.10300E-009	1.96720E-009	1.37700E-009
145	7	14	1	1.33000E-002	1.30000E-003	1.00000E-003	3.54100E-009	1.50000E-009	2.59480E-009	3.47910E+000	7.75627E+002	7.77528E+002	1.90090E+000	5.52669E-001	7.96300E-001	1.24590E-009	1.98830E-009	2.62290E-009
151	5	16	3	1.32000E-002	1.40000E-003	1.80000E-003	1.38710E-005
155	7	16	1	1.33000E-002	1.20000E-003	9.00000E-004	3.24820E-009	1.50000E-009	4.02810E-009	3.47370E+000	7.80675E+002	7.82567E+002	1.89250E+000	5.56887E-001	7.96600E-001	1.28570E-009	1.72360E-009	8.89900E-010
159	9	16	1	1.32000E-002	1.30000E-003	1.00000E-003	4.60180E-009	1.20000E-009	3.24120E-009	3.47850E+000	7.62643E+002	7.64398E+002	1.75480E+000	5.71439E-001	7.97800E-001	6.88500E-010	1.82200E-009	2.60420E-009
163	11	16	1	1.32000E-002	1.30000E-003	9.00000E-004	5.86410E-009	1.60000E-009	5.40510E-009	3.47920E+000	7.73077E+002	7.75314E+002	2.23650E+000	5.61072E-001	7.96200E-001	1.20140E-009	1.61360E-009	5.34000E-010
167	13	16	1	1.33000E-002	1.30000E-003	9.00000E-004	6.21780E-009	1.70000E-009	2.79160E-009	3.45040E+000	7.59620E+002	7.61337E+002	1.71700E+000	5.70770E-001	7.96900E-001	1.24820E-009	1.92970E-009	7.68100E-010
171	15	16	1	1.32000E-002	1.30000E-003	9.00000E-004	6.04910E-009	1.10000E-009	5.05900E-010	3.44030E+000	7.56005E+002	7.57591E+002	1.58610E+000	5.71273E-001	7.96800E-001	8.33700E-010	1.65810E-009	2.89460E-009
175	17	16	1	1.32000E-002	1.30000E-003	9.00000E-004	6.21780E-009	1.60000E-009	2.28570E-009	3.45110E+000	7.64477E+002	7.66025E+002	1.54760E+000	5.72442E-001	7.96000E-001	1.07260E-009	1.51050E-009	1.62060E-009
179	19	16	1	1.32000E-002	1.30000E-003	1.00000E-003	6.31380E-009	1.70000E-009	3.94380E-009	3.46110E+000	7.67694E+002	7.69313E+002	1.61920E+000	5.67983E-001	7.95900E-001	1.22010E-009	1.69320E-009	1.01170E-009
183	21	16	1	1.31000E-002	1.30000E-003	1.00000E-003	5.29270E-009	1.60000E-009	3.55970E-009	3.45190E+000	7.71560E+002	7.73345E+002	1.78520E+000	5.65969E-001	7.96900E-001	6.95500E-010	1.63930E-009	9.08700E-010
187	23	16	1	1.31000E-002	1.30000E-003	1.00000E-003	3.90630E-009	1.70000E-009	1.55500E-009	3.48860E+000	7.85235E+002	7.86737E+002	1.50200E+000	5.64466E-001	7.97400E-001	1.09130E-009	1.85950E-009	1.87350E-009
191	23	18	1	1.32000E-002	1.30000E-003	9.00000E-004	3.79620E-009	1.70000E-009	1.06790E-009	3.48380E+000	7.85748E+002	7.87037E+002	1.28870E+000	5.64194E-001	7.97500E-001	1.19910E-009	1.79620E-009	2.14520E-009
195	21	18	1	1.32000E-002	1.30000E-003	1.00000E-003	4.89930E-009	1.40000E-009	2.84780E-009	3.47230E+000	7.72342E+002	7.73972E+002	1.62980E+000	5.66720E-001	7.96600E-001	8.38400E-010	1.82670E-009	4.96500E-010
199	19	18	1	1.32000E-002	1.20000E-003	1.00000E-003	6.27400E-009	1.40000E-009	2.13580E-009	3.45410E+000	7.72492E+002	7.74371E+002	1.87910E+000	5.66412E-001	7.96100E-001	1.27400E-009	1.97890E-009	1.69550E-009
203	17	18	1	1.32000E-002	1.30000E-003	1.00000E-003	6.07020E-009	1.50000E-009	2.30440E-009	3.44630E+000	7.68624E+002	7.69962E+002	1.33730E+000	5.68976E-001	7.95500E-001	1.37240E-009	1.80800E-009	6.08900E-010
207	15	18	1	1.32000E-002	1.20000E-003	1.00000E-003	6.11240E-009	1.40000E-009	8.15000E-010	3.44580E+000	7.53856E+002	7.56152E+002	2.29590E+000	5.62033E-001	7.96600E-001	1.13350E-009	1.89230E-009	6.37000E-010
211	13	18	1	1.32000E-002	1.20000E-003	9.00000E-004	6.18500E-009	1.60000E-009	1.81730E-009	3.45450E+000	7.60290E+002	7.61863E+002	1.57310E+000	5.69119E-001	7.95100E-001	1.23420E-009	1.88760E-009	1.06790E-009
215	11	18	1	1.32000E-002	1.20000E-003	9.00000E-004	6.14750E-009	1.40000E-009	2.69790E-009	3.48610E+000	7.70205E+002	7.71935E+002	1.72930E+000	5.66362E-001	7.96700E-001	1.20610E-009	1.71900E-009	1.21800E-010
219	9	18	1	1.32000E-002	1.30000E-003	1.00000E-003	4.27400E-009	1.50000E-009	3.39110E-009	3.47290E+000	7.59040E+002	7.60545E+002	1.50500E+000	5.73541E-001	7.97000E-001	1.01400E-009	1.73300E-009	3.08190E-009
223	7	18	1	1.32000E-002	1.20000E-003	1.00000E-003	3.63000E-009	1.40000E-009	3.39110E-009	3.47690E+000	7.80714E+002	7.82708E+002	1.99450E+000	5.55348E-001	7.97100E-001	1.09840E-009	1.93910E-009	1.28340E-009
231	7	20	1	1.32000E-002	1.30000E-003	9.00000E-004	3.22710E-009	1.30000E-009	4.40280E-009	3.46870E+000	7.77198E+002	7.78722E+002	1.52440E+000	5.55699E-001	7.97100E-001	1.17330E-009	1.80560E-009	1.96700E-010
235	9	20	1	1.33000E-002	1.30000E-003	1.00000E-003	4.14280E-009	1.50000E-009	5.76110E-009	3.46630E+000	7.59693E+002	7.61460E+002	1.76690E+000	5.74580E-001	7.95900E-001	8.94600E-010	1.61120E-009	1.42390E-009
239	11	20	1	1.32000E-002	1.30000E-003	9.00000E-004	6.28330E-009	1.50000E-009	2.23890E-009	3.48110E+000	7.70019E+002	7.72519E+002	2.50030E+000	5.66904E-001	7.95600E-001	9.48500E-010	1.74470E-009	2.11710E-009
243	13	20	1	1.32000E-002	1.30000E-003	1.00000E-003	6.24120E-009	1.70000E-009	1.80800E-009	3.45720E+000	7.63835E+002	7.65562E+002	1.72720E+000	5.70505E-001	7.95800E-001	1.33020E-009	1.81730E-009	3.56000E-010
247	15	20	1	1.32000E-002	1.30000E-003	1.00000E-003	5.91330E-009	1.50000E-009	2.09830E-009	3.44400E+000	7.64004E+002	7.65439E+002	1.43540E+000	5.72478E-001	7.96200E-001	1.10540E-009	1.93440E-009	1.89230E-009
251	17	20	1	1.32000E-002	1.30000E-003	1.00000E-003	6.17330E-009	1.30000E-009	1.95780E-009	3.43890E+000	7.63199E+002	7.64607E+002	1.40800E+000	5.68793E-001	7.95700E-001	1.07030E-009	1.86650E-009	2.25760E-009
255	19	20	1	1.32000E-002	1.30000E-003	1.00000E-003	6.04450E-009	1.60000E-009	2.01400E-009	3.46010E+000	7.71166E+002	7.72726E+002	1.55990E+000	5.70126E-001	7.95800E-001	1.25530E-009	1.66280E-009	1.12400E-010
259	21	20	1	1.32000E-002	1.30000E-003	1.00000E-003	4.54560E-009	1.50000E-009	5.40510E-009	3.47260E+000	7.71859E+002	7.73484E+002	1.62570E+000	5.68588E-001	7.96500E-001	9.43800E-010	1.82200E-009	1.11470E-009
263	23	20	1	1.31000E-002	1.20000E-003	9.00000E-004	4.28330E-009	1.50000E-009	3.23180E-009	3.48470E+000	7.87295E+002	7.89227E+002	1.93210E+000	5.58145E-001	7.97400E-001	1.37240E-009	1.94610E-009	1.33960E-009
265	23	22	1	1.33000E-002	1.20000E-003	9.00000E-004	4.13110E-009	1.20000E-009	3.81260E-009	3.46000E+000	7.81950E+002	7.83830E+002	1.88070E+000	5.49876E-001	7.96200E-001	1.72130E-009	1.54100E-009	9.83600E-010
266	21	22	1	1.32000E-002	1.30000E-003	9.00000E-004	4.18970E-009	1.60000E-009	2.07960E-009	3.47170E+000	7.77010E+002	7.78876E+002	1.86590E+000	5.69463E-001	7.95500E-001	1.12880E-009	1.73070E-009	2.08900E-009
270	19	22	1	1.32000E-002	1.30000E-003	1.00000E-003	5.52920E-009	1.50000E-009	2.16390E-009	3.46650E+000	7.68357E+002	7.70225E+002	1.86820E+000	5.67829E-001	7.95900E-001	7.58800E-010	1.83840E-009	1.60190E-009
274	17	22	1	1.33000E-002	1.30000E-003	1.00000E-003	6.11240E-009	1.60000E-009	1.65810E-009	3.47080E+000	7.70181E+002	7.71621E+002	1.44040E+000	5.76401E-001	7.96200E-001	1.14520E-009	1.98590E-009	2.41680E-009
278	15	22	1	1.32000E-002	1.30000E-003	1.00000E-003	6.49410E-009	1.50000E-009	2.99760E-009	3.45750E+000	7.63889E+002	7.65309E+002	1.42030E+000	5.74610E-001	7.96000E-001	1.10300E-009	1.60650E-009	2.22010E-009
282	13	22	1	1.32000E-002	1.30000E-003	9.00000E-004	6.39110E-009	1.50000E-009	1.68620E-009	3.46930E+000	7.62025E+002	7.63510E+002	1.48530E+000	5.80080E-001	7.96800E-001	1.17100E-009	1.86650E-009	8.71200E-010
286	11	22	1	1.32000E-002	1.30000E-003	9.00000E-004	5.68850E-009	1.50000E-009	2.71700E-010	3.47650E+000	7.60835E+002	7.62456E+002	1.62150E+000	5.71622E-001	7.95400E-001	1.23180E-009	1.61830E-009	2.14520E-009
290	9	22	1	1.32000E-002	1.30000E-003	9.00000E-004	4.43790E-009	1.50000E-009	3.25990E-009	3.47850E+000	7.62851E+002	7.64612E+002	1.76110E+000	5.75366E-001	7.95600E-001	9.20400E-010	2.00000E-009	1.03000E-010
294	7	22	1	1.32000E-002	1.30000E-003	1.00000E-003	3.18260E-009	1.50000E-009	5.33020E-009	3.50290E+000	7.68273E+002	7.70652E+002	2.37940E+000	5.58264E-001	7.96900E-001	1.03040E-009	1.92500E-009	1.09600E-009
300	9	24	1	1.33000E-002	1.30000E-003	1.00000E-003	3.99290E-009	1.40000E-009	5.24600E-010	3.47610E+000	7.79582E+002	7.81237E+002	1.65520E+000	5.60668E-001	7.95100E-001	1.10300E-009	1.79620E-009	2.37940E-009
304	11	24	1	1.32000E-002	1.30000E-003	9.00000E-004	4.93210E-009	1.20000E-009	1.59250E-009	3.47270E+000	7.68027E+002	7.69860E+002	1.83290E+000	5.74825E-001	7.95500E-001	8.26700E-010	1.68380E-009	2.61360E-009
308	13	24	1	1.32000E-002	1.20000E-003	9.00000E-004	5.34890E-009	1.60000E-009	1.87400E-010	3.47300E+000	7.63330E+002	7.65107E+002	1.77670E+000	5.79261E-001	7.96200E-001	1.11940E-009	1.81500E-009	2.44490E-009
312	15	24	1	1.32000E-002	1.20000E-003	9.00000E-004	5.81500E-009	1.50000E-009	1.80800E-009	3.46650E+000	7.61084E+002	7.62581E+002	1.49720E+000	5.78199E-001	7.96200E-001	1.33960E-009	1.45430E-009	3.12880E-009
316	17	24	1	1.32000E-002	1.20000E-003	1.00000E-003	4.86880E-009	1.60000E-009	1.36770E-009	3.47350E+000	7.63836E+002	7.65383E+002	1.54690E+000	5.79032E-001	7.96000E-001	1.37470E-009	1.80330E-009	2.10770E-009
320	19	24	1	1.32000E-002	1.30000E-003	9.00000E-004	4.59010E-009	1.70000E-009	2.15500E-010	3.46940E+000	7.68583E+002	7.70077E+002	1.49460E+000	5.73619E-001	7.96500E-001	1.07960E-009	1.68380E-009	1.51760E-009
324	21	24	1	1.34000E-002	1.30000E-003	9.00000E-004	3.85950E-009	1.60000E-009	1.55500E-009	3.47500E+000	7.82867E+002	7.84077E+002	1.21000E+000	5.65721E-001	7.95200E-001	1.10300E-009	1.96720E-009	1.18030E-009
327	19	26	1	1.33000E-002	1.20000E-003	9.00000E-004	4.32780E-009	1.60000E-009	1.53630E-009	3.47110E+000	7.83783E+002	7.87084E+002	3.30080E+000	5.63795E-001	7.95300E-001	1.45200E-009	2.03040E-009	3.22250E-009
330	17	26	1	1.32000E-002	1.20000E-003	1.00000E-003	4.14990E-009	1.50000E-009	2.15460E-009	3.47030E+000	7.75089E+002	7.76792E+002	1.70280E+000	5.75380E-001	7.96500E-001	1.01170E-009	1.45430E-009	1.92040E-009
334	15	26	1	1.32000E-002	1.30000E-003	1.00000E-003	4.00230E-009	1.60000E-009	2.59480E-009	3.46520E+000	7.67475E+002	7.69060E+002	1.58500E+000	5.80519E-001	7.96400E-001	9.55500E-010	1.77050E-009	1.53630E-009
338	13	26	1	1.32000E-002	1.30000E-003	9.00000E-004	4.55500E-009	1.40000E-009	1.66740E-009	3.47050E+000	7.70245E+002	7.71916E+002	1.67140E+000	5.80560E-001	7.96400E-001	1.04680E-009	1.87350E-009	3.00700E-009
342	11	26	1	1.32000E-002	1.30000E-003	9.00000E-004	4.40280E-009	1.20000E-009	1.99530E-009	3.47110E+000	7.83331E+002	7.83698E+002	3.66500E-001	5.56892E-001	7.95100E-001	1.05620E-009	1.58310E-009	1.12410E-009
346	9	26	1	1.31000E-002	1.30000E-003	9.00000E-004	3.86180E-009	1.50000E-009	7.30700E-010	3.51270E+000	7.58603E+002	7.60083E+002	1.47980E+000	5.64340E-001	7.96900E-001	1.49180E-009	1.82900E-009	1.70490E-009
350	13	28	1	1.34000E-002	1.20000E-003	9.00000E-004	3.14990E-009	1.40000E-009	5.05900E-010	3.48210E+000	7.72086E+002	7.73956E+002	1.87030E+000	5.54394E-001	7.95300E-001	1.45430E-009	1.60420E-009	3.08190E-009
352	15	28	1	1.34000E-002	1.20000E-003	8.00000E-004	3.70490E-009	1.40000E-009	1.59200E-010	3.46890E+000	7.74698E+002	7.76824E+002	2.12590E+000	5.57952E-001	7.95800E-001	1.30910E-009	1.74000E-009	2.66980E-009
354	17	28	1	1.33000E-002	1.10000E-003	9.00000E-004	3.99530E-009	1.30000E-009	2.84780E-009	3.48030E+000	7.74379E+002	7.76172E+002	1.79240E+000	5.58246E-001	7.95900E-001	1.92040E-009	1.39110E-009	3.35360E-009

4	18	6	1	1.31000E-002	2.40000E-003	2.10000E-003	3.80750E-009	1.50000E-009	1.61290E-008	3.54360E+000	7.21249E+002	7.25719E+002	4.47030E+000	5.70465E-001	7.98100E-001	1.40030E-009	2.20580E-009	3.53120E-009
8	16	6	1	1.32000E-002	2.40000E-003	2.10000E-003	3.70440E-009	2.00000E-009	6.32240E-009	3.51180E+000	7.43458E+002	7.46478E+002	3.01930E+000	5.76453E-001	7.96700E-001	1.67430E-009	2.13560E-009	2.36030E-009
12	14	6	1	1.32000E-002	2.30000E-003	2.00000E-003	4.14470E-009	1.70000E-009	1.30287E-008	3.51290E+000	7.30382E+002	7.33624E+002	3.24220E+000	5.75635E-001	7.97800E-001	1.55950E-009	1.89440E-009	1.63910E-009
15	12	6	5	1.35000E-002	2.30000E-003	2.10000E-003	4.23600E-009	1.00000E-010	1.37840E-005
21	10	8	1	1.32000E-002	2.40000E-003	2.10000E-003	3.44920E-009	1.90000E-009	4.73010E-009	3.50930E+000	7.61672E+002	7.64406E+002	2.73450E+000	5.59084E-001	7.96300E-001	1.52200E-009	2.03950E-009	1.75150E-009
25	12	8	1	1.32000E-002	2.40000E-003	2.00000E-003	3.95970E-009	1.80000E-009	1.02844E-008	3.45710E+000	7.76276E+002	7.78340E+002	2.06370E+000	5.59086E-001	7.96100E-001	1.89200E-009	2.05590E-009	2.07000E-009
29	14	8	1	1.33000E-002	2.40000E-003	2.00000E-003	4.04630E-009	1.60000E-009	5.00170E-009	3.46550E+000	7.70508E+002	7.72233E+002	1.72430E+000	5.74194E-001	7.96100E-001	1.49630E-009	1.99040E-009	1.90140E-009
33	16	8	1	1.32000E-002	2.40000E-003	2.10000E-003	4.41390E-009	1.80000E-009	1.04900E-009	3.46400E+000	7.72564E+002	7.74386E+002	1.82200E+000	5.76044E-001	7.95500E-001	1.60630E-009	2.08870E-009	7.96100E-010
37	18	8	1	1.32000E-002	2.40000E-003	2.10000E-003	4.32500E-009	1.90000E-009	4.28050E-009	3.47510E+000	7.78880E+002	7.80980E+002	2.10000E+000	5.62974E-001	7.95900E-001	1.78900E-009	1.89670E-009	2.77250E-009
41	20	8	1	1.32000E-002	2.50000E-003	2.10000E-003	3.52880E-009	1.90000E-009	4.02800E-010	3.48000E+000	7.68286E+002	7.70242E+002	1.95640E+000	5.60261E-001	7.94900E-001	1.46580E-009	1.82180E-009	9.55400E-010
46	22	10	1	1.32000E-002	2.40000E-003	2.10000E-003	3.48900E-009	1.70000E-009	4.68000E-011	3.48970E+000	7.71354E+002	7.73833E+002	2.47810E+000	5.58564E-001	7.94900E-001	1.42840E-009	2.02080E-009	1.11460E-009
50	20	10	1	1.32000E-002	2.40000E-003	2.10000E-003	4.57790E-009	1.80000E-009	6.34110E-009	3.47080E+000	7.74040E+002	7.75853E+002	1.81240E+000	5.70118E-001	7.95200E-001	1.30190E-009	2.21050E-009	2.44460E-009
54	18	10	1	1.33000E-002	2.40000E-003	2.10000E-003	5.37400E-009	1.70000E-009	2.63200E-009	3.43850E+000	7.65535E+002	7.67400E+002	1.86520E+000	5.76856E-001	7.95300E-001	1.34640E-009	1.82180E-009	1.07710E-009
58	16	10	1	1.32000E-002	2.50000E-003	2.10000E-003	5.49340E-009	1.70000E-009	3.18500E-010	3.46500E+000	7.61212E+002	7.62836E+002	1.62390E+000	5.79412E-001	7.95100E-001	1.47050E-009	1.92010E-009	4.40200E-010
62	14	10	1	1.33000E-002	2.40000E-003	2.00000E-003	5.45360E-009	1.90000E-009	8.80400E-010	3.46990E+000	7.58103E+002	7.59725E+002	1.62220E+000	5.81695E-001	7.95300E-001	1.52670E-009	2.05590E-009	2.90400E-010
66	12	10	1	1.32000E-002	2.40000E-003	2.00000E-003	4.59190E-009	1.80000E-009	3.99010E-009	3.46440E+000	7.66292E+002	7.68086E+002	1.79450E+000	5.76518E-001	7.96000E-001	1.48460E-009	2.12850E-009	1.62980E-009
70	10	10	1	1.31000E-002	2.40000E-003	2.10000E-003	4.11660E-009	2.00000E-009	5.42320E-009	3.46790E+000	7.80692E+002	7.83567E+002	2.87480E+000	5.59686E-001	7.96000E-001	1.43310E-009	2.29710E-009	3.01600E-009
74	8	10	1	1.33000E-002	2.40000E-003	2.00000E-003	4.77690E-009	1.70000E-009	2.79120E-009	3.51150E+000	7.56856E+002	7.59626E+002	2.76980E+000	5.57483E-001	7.96700E-001	2.01850E-009	2.13090E-009	1.31100E-010
77	6	12	3	1.35000E-002	2.20000E-003	1.90000E-003	1.38570E-005
80	8	12	1	1.32000E-002	2.30000E-003	2.10000E-003	4.26640E-009	1.90000E-009	7.49000E-011	3.46440E+000	7.79314E+002	7.80068E+002	7.54000E-001	5.50963E-001	7.95200E-001	1.42840E-009	1.95760E-009	1.59200E-010
84	10	12	1	1.32000E-002	2.40000E-003	2.00000E-003	4.61770E-009	1.80000E-009	2.85680E-009	3.47030E+000	7.68468E+002	7.70010E+002	1.54290E+000	5.72073E-001	7.95400E-001	1.63440E-009	2.11920E-009	9.46000E-010
88	12	12	1	1.32000E-002	2.40000E-003	2.10000E-003	6.04840E-009	1.90000E-009	9.37000E-011	3.46370E+000	7.53739E+002	7.55250E+002	1.51030E+000	5.75861E-001	7.95200E-001	1.52200E-009	1.66020E-009	7.49000E-011
92	14	12	1	1.32000E-002	2.40000E-003	2.10000E-003	5.98520E-009	1.90000E-009	2.43530E-009	3.46720E+000	7.58521E+002	7.60238E+002	1.71720E+000	5.79999E-001	7.95700E-001	1.52910E-009	1.93890E-009	5.62000E-011
96	16	12	1	1.33000E-002	2.40000E-003	2.10000E-003	6.15140E-009	2.00000E-009	3.65300E-010	3.46650E+000	7.64200E+002	7.65776E+002	1.57580E+000	5.79812E-001	7.95600E-001	1.61340E-009	1.97630E-009	1.21760E-009
100	18	12	1	1.32000E-002	2.40000E-003	2.10000E-003	5.86810E-009	1.70000E-009	1.18020E-009	3.47000E+000	7.67385E+002	7.69393E+002	2.00810E+000	5.70874E-001	7.94900E-001	1.63910E-009	1.98800E-009	5.05800E-010
104	20	12	1	1.31000E-002	2.40000E-003	2.00000E-003	5.15390E-009	2.10000E-009	4.24300E-009	3.46060E+000	7.65579E+002	7.67452E+002	1.87290E+000	5.70214E-001	7.95800E-001	1.90610E-009	1.94820E-009	2.58510E-009
108	22	12	1	1.32000E-002	2.50000E-003	2.10000E-003	3.83790E-009	1.80000E-009	2.61320E-009	3.47000E+000	7.81368E+002	7.82960E+002	1.59160E+000	5.62125E-001	7.95700E-001	1.69060E-009	2.15190E-009	5.24500E-010
114	24	14	1	1.32000E-002	2.40000E-003	2.10000E-003	3.33680E-009	1.90000E-009	3.10970E-009	3.47740E+000	7.72915E+002	7.75081E+002	2.16630E+000	5.55293E-001	7.95700E-001	1.54550E-009	2.07940E-009	1.07710E-009
118	22	14	1	1.31000E-002	2.40000E-003	2.00000E-003	4.45840E-009	2.00000E-009	5.80700E-010	3.47210E+000	7.73805E+002	7.75366E+002	1.56170E+000	5.68038E-001	7.96200E-001	1.55950E-009	1.98800E-009	1.62980E-009
122	20	14	1	1.32000E-002	2.40000E-003	2.00000E-003	5.61520E-009	1.70000E-009	1.87330E-009	3.47170E+000	7.68945E+002	7.70557E+002	1.61130E+000	5.62092E-001	7.95300E-001	1.33940E-009	1.94120E-009	9.64700E-010
126	18	14	1	1.31000E-002	2.50000E-003	2.10000E-003	6.45580E-009	1.70000E-009	7.30600E-010	3.47420E+000	7.68897E+002	7.70578E+002	1.68110E+000	5.70984E-001	7.95000E-001	1.49390E-009	2.14730E-009	1.05840E-009
130	16	14	1	1.32000E-002	2.40000E-003	2.10000E-003	6.63610E-009	1.80000E-009	1.70470E-009	3.45470E+000	7.64604E+002	7.66149E+002	1.54500E+000	5.70427E-001	7.95000E-001	1.48460E-009	1.90370E-009	1.55480E-009
134	14	14	1	1.31000E-002	2.40000E-003	2.10000E-003	6.48390E-009	1.80000E-009	7.02500E-010	3.44630E+000	7.60072E+002	7.61521E+002	1.44880E+000	5.74760E-001	7.95100E-001	1.50570E-009	2.07000E-009	9.83500E-010
138	12	14	1	1.32000E-002	2.40000E-003	2.00000E-003	6.44880E-009	2.20000E-009	6.36900E-010	3.46770E+000	7.62143E+002	7.63661E+002	1.51750E+000	5.70094E-001	7.94500E-001	1.85690E-009	2.03720E-009	1.75150E-009
142	10	14	1	1.33000E-002	2.40000E-003	2.00000E-003	4.86120E-009	1.70000E-009	4.30900E-010	3.46700E+000	7.60480E+002	7.61905E+002	1.42510E+000	5.63304E-001	7.94300E-001	1.33940E-009	2.11210E-009	1.82650E-009
146	8	14	1	1.33000E-002	2.40000E-003	2.00000E-003	4.20090E-009	1.80000E-009	1.74220E-009	3.47730E+000	7.79580E+002	7.81371E+002	1.79110E+000	5.62871E-001	7.95200E-001	1.63680E-009	2.21980E-009	8.24200E-010
149	6	14	1	1.35000E-002	2.30000E-003	2.00000E-003	4.64340E-009	1.50000E-009	8.60780E-009	3.54630E+000	7.34459E+002	7.37639E+002	3.17950E+000	5.63855E-001	7.98800E-001	1.82650E-009	1.83580E-009	8.61700E-010
152	6	16	1	1.32000E-002	2.40000E-003	2.20000E-003	5.11410E-009	1.60000E-009	4.68000E-011	3.52240E+000	7.63239E+002	7.64944E+002	1.70540E+000	5.58788E-001	7.98400E-001	1.84050E-009	2.01380E-009	2.43500E-010
156	8	16	1	1.33000E-002	2.40000E-003	2.00000E-003	3.83790E-009	2.00000E-009	6.36900E-010	3.47840E+000	7.71175E+002	7.72952E+002	1.77730E+000	5.70014E-001	7.96300E-001	1.73510E-009	1.95290E-009	9.83500E-010
160	10	16	1	1.32000E-002	2.40000E-003	2.10000E-003	5.65030E-009	1.60000E-009	7.21200E-010	3.47110E+000	7.54430E+002	7.56093E+002	1.66360E+000	5.68381E-001	7.95700E-001	1.13330E-009	1.94350E-009	1.25510E-009
164	12	16	1	1.32000E-002	2.40000E-003	2.10000E-003	6.62440E-009	2.00000E-009	9.55400E-010	3.46010E+000	7.62185E+002	7.63668E+002	1.48280E+000	5.71676E-001	7.94400E-001	1.50570E-009	1.80540E-009	1.31100E-010
168	14	16	1	1.33000E-002	2.40000E-003	2.00000E-003	6.43240E-009	2.10000E-009	6.36900E-010	3.43960E+000	7.57674E+002	7.59481E+002	1.80770E+000	5.74926E-001	7.95100E-001	1.65080E-009	2.12150E-009	1.59200E-010
172	16	16	1	1.32000E-002	2.40000E-003	2.10000E-003	6.30360E-009	1.60000E-009	1.78000E-010	3.44970E+000	7.60650E+002	7.62397E+002	1.74740E+000	5.73941E-001	7.95200E-001	1.31130E-009	1.84520E-009	8.52300E-010
176	18	16	1	1.32000E-002	2.50000E-003	2.10000E-003	6.50030E-009	1.90000E-009	1.50800E-009	3.45670E+000	7.71752E+002	7.73342E+002	1.59090E+000	5.64693E-001	7.94600E-001	1.62040E-009	1.62740E-009	1.12400E-010
180	20	16	1	1.32000E-002	2.40000E-003	2.10000E-003	6.11160E-009	2.10000E-009	1.68600E-009	3.46470E+000	7.69005E+002	7.71362E+002	2.35630E+000	5.63971E-001	7.95700E-001	1.63440E-009	1.86860E-009	8.52300E-010
184	22	16	1	1.31000E-002	2.50000E-003	2.10000E-003	4.43270E-009	1.90000E-009	3.46600E-010	3.47450E+000	7.73367E+002	7.74817E+002	1.45030E+000	5.71143E-001	7.96200E-001	1.16610E-009	1.76790E-009	3.37200E-010
188	24	16	1	1.31000E-002	2.50000E-003	2.10000E-003	3.88240E-009	2.00000E-009	3.37200E-010	3.46820E+000	7.79118E+002	7.81049E+002	1.93110E+000	5.54942E-001	7.94900E-001	1.52440E-009	1.98330E-009	5.62000E-011
192	24	18	1	1.32000E-002	2.50000E-003	2.00000E-003	3.74420E-009	2.10000E-009	3.08160E-009	3.45160E+000	7.80087E+002	7.82073E+002	1.98660E+000	5.51905E-001	7.95400E-001	1.73050E-009	1.93650E-009	1.42370E-009
196	22	18	1	1.32000E-002	2.50000E-003	2.10000E-003	4.44670E-009	1.70000E-009	6.36900E-010	3.47150E+000	7.74180E+002	7.75646E+002	1.46560E+000	5.70186E-001	7.96300E-001	1.23870E-009	2.03720E-009	1.08650E-009
200	20	18	1	1.32000E-002	2.50000E-003	2.10000E-003	6.02730E-009	1.90000E-009	1.14270E-009	3.46510E+000	7.72695E+002	7.74588E+002	1.89320E+000	5.66631E-001	7.95700E-001	1.76560E-009	2.15190E-009	8.14900E-010
204	18	18	1	1.32000E-002	2.50000E-003	2.10000E-003	6.45820E-009	1.90000E-009	1.31130E-009	3.45540E+000	7.71175E+002	7.72773E+002	1.59820E+000	5.64020E-001	7.94000E-001	1.80540E-009	1.92250E-009	1.92010E-009
208	16	18	1	1.32000E-002	2.50000E-003	2.00000E-003	5.99450E-009	1.70000E-009	9.46000E-010	3.44840E+000	7.68420E+002	7.70854E+002	2.43330E+000	5.61361E-001	7.94700E-001	1.56190E-009	2.09570E-009	2.34200E-010
212	14	18	1	1.32000E-002	2.50000E-003	2.00000E-003	6.33410E-009	1.90000E-009	2.27600E-009	3.44790E+000	7.60500E+002	7.61911E+002	1.41080E+000	5.72362E-001	7.95500E-001	1.69530E-009	2.10980E-009	5.62000E-011
216	12	18	1	1.32000E-002	2.50000E-003	2.10000E-003	6.71110E-009	1.90000E-009	6.74400E-010	3.45890E+000	7.63927E+002	7.65420E+002	1.49320E+000	5.69106E-001	7.94400E-001	1.68600E-009	1.83350E-009	2.52900E-010
220	10	18	1	1.32000E-002	2.50000E-003	2.10000E-003	5.70650E-009	1.80000E-009	1.81710E-009	3.47260E+000	7.54777E+002	7.57059E+002	2.28190E+000	5.70583E-001	7.95400E-001	1.46580E-009	1.93180E-009	6.27600E-010
224	8	18	1	1.32000E-002	2.50000E-003	2.10000E-003	4.19620E-009	1.80000E-009	1.80770E-009	3.47420E+000	7.68329E+002	7.69948E+002	1.61850E+000	5.71884E-001	7.96200E-001	1.38860E-009	2.19880E-009	1.87300E-010
227	6	18	1	1.35000E-002	2.30000E-003	2.00000E-003	3.82850E-009	2.00000E-009	2.15400E-010	3.52070E+000	7.66791E+002	7.68944E+002	2.15340E+000	5.55566E-001	7.98400E-001	2.39550E-009	1.84280E-009	1.68600E-010
229	6	20	1	1.35000E-002	2.40000E-003	1.90000E-003	3.80750E-009	1.80000E-009	1.28320E-009	3.54800E+000	7.42402E+002	7.45444E+002	3.04170E+000	5.66545E-001	7.98500E-001	1.67660E-009	1.93180E-009	2.06100E-010
232	8	20	1	1.32000E-002	2.50000E-003	2.10000E-003	4.11890E-009	1.70000E-009	2.92230E-009	3.47260E+000	7.69068E+002	7.71061E+002	1.99380E+000	5.71222E-001	7.95300E-001	1.75150E-009	1.87090E-009	9.17900E-010
236	10	20	1	1.33000E-002	2.50000E-003	2.00000E-003	5.76970E-009	1.70000E-009	2.06100E-010	3.46740E+000	7.52011E+002	7.53584E+002	1.57350E+000	5.74131E-001	7.94700E-001	1.37920E-009	1.73510E-009	1.49860E-009
240	12	20	1	1.32000E-002	2.50000E-003	2.10000E-003	6.94990E-009	1.90000E-009	1.48930E-009	3.46150E+000	7.61585E+002	7.63129E+002	1.54480E+000	5.77119E-001	7.94800E-001	1.53610E-009	1.89900E-009	7.02500E-010
244	14	20	1	1.32000E-002	2.50000E-003	2.10000E-003	6.55650E-009	2.00000E-009	1.62040E-009	3.44690E+000	7.61127E+002	7.62515E+002	1.38810E+000	5.71108E-001	7.94500E-001	1.91780E-009	1.96460E-009	6.83800E-010
248	16	20	1	1.32000E-002	2.50000E-003	2.10000E-003	6.31060E-009	1.80000E-009	1.92010E-009	3.44840E+000	7.64937E+002	7.66497E+002	1.55970E+000	5.70002E-001	7.94900E-001	1.45180E-009	2.07940E-009	1.69530E-009
252	18	20	1	1.32000E-002	2.50000E-003	2.10000E-003	6.51200E-009	1.50000E-009	2.58510E-009	3.46720E+000	7.72647E+002	7.74361E+002	1.71450E+000	5.69042E-001	7.94600E-001	1.61570E-009	2.08870E-009	9.55400E-010
256	20	20	1	1.32000E-002	2.50000E-003	2.20000E-003	5.70650E-009	1.80000E-009	1.12400E-010	3.46490E+000	7.67675E+002	7.69535E+002	1.85990E+000	5.67806E-001	7.95500E-001	1.86630E-009	1.73050E-009	4.96400E-010
260	22	20	1	1.32000E-002	2.50000E-003	2.10000E-003	4.27110E-009	1.80000E-009	1.94820E-009	3.45980E+000	7.77757E+002	7.79130E+002	1.37360E+000	5.69682E-001	7.95800E-001	1.41900E-009	1.95520E-009	2.21050E-009
267	22	22	1	1.32000E-002	2.40000E-003	2.10000E-003	3.76530E-009	1.90000E-009	5.14220E-009	3.48340E+000	7.81189E+002	7.82573E+002	1.38330E+000	5.67183E-001	7.94900E-001	1.60870E-009	1.99510E-009	2.22920E-009
271	20	22	1	1.32000E-002	2.40000E-003	2.10000E-003	5.16790E-009	1.70000E-009	5.52600E-010	3.47530E+000	7.71803E+002	7.73294E+002	1.49060E+000	5.68673E-001	7.94900E-001	1.16140E-009	2.06530E-009	1.70470E-009
275	18	22	1	1.33000E-002	2.50000E-003	2.10000E-003	6.08590E-009	1.70000E-009	2.15430E-009	3.47800E+000	7.77126E+002	7.78785E+002	1.65850E+000	5.71194E-001	7.95100E-001	1.48220E-009	2.18710E-009	1.20830E-009
279	16	22	1	1.32000E-002	2.50000E-003	2.10000E-003	6.77430E-009	1.70000E-009	1.56420E-009	3.45740E+000	7.67024E+002	7.68516E+002	1.49240E+000	5.74593E-001	7.94600E-001	1.46820E-009	1.86860E-009	1.13330E-009
283	14	22	1	1.32000E-002	2.40000E-003	2.10000E-003	6.65020E-009	1.90000E-009	1.62980E-009	3.45990E+000	7.63936E+002	7.65188E+002	1.25240E+000	5.76979E-001	7.95400E-001	1.56420E-009	2.12380E-009	5.05800E-010
287	12	22	1	1.32000E-002	2.40000E-003	2.00000E-003	6.28960E-009	2.00000E-009	0.00000E+000	3.46430E+000	7.55157E+002	7.56769E+002	1.61140E+000	5.78740E-001	7.94700E-001	1.66720E-009	2.00910E-009	1.38620E-009
291	10	22	1	1.32000E-002	2.40000E-003	2.00000E-003	5.62690E-009	1.70000E-009	1.32070E-009	3.47460E+000	7.57040E+002	7.58764E+002	1.72470E+000	5.77252E-001	7.94200E-001	1.30190E-009	2.10750E-009	5.62000E-010
295	8	22	1	1.32000E-002	2.50000E-003	2.10000E-003	4.21720E-009	1.70000E-009	2.38840E-009	3.47340E+000	7.79848E+002	7.81644E+002	1.79590E+000	5.61983E-001	7.94300E-001	1.36520E-009	2.14260E-009	4.96400E-010
298	8	24	1	1.35000E-002	2.30000E-003	2.00000E-003	4.22900E-009	1.80000E-009	1.02090E-009	3.50400E+000	7.69680E+002	7.71731E+002	2.05160E+000	5.59581E-001	7.95500E-001	1.92710E-009	1.99040E-009	4.12100E-010
301	10	24	1	1.33000E-002	2.50000E-003	2.10000E-003	4.91270E-009	1.80000E-009	7.02500E-010	3.47530E+000	7.67194E+002	7.68960E+002	1.76600E+000	5.75127E-001	7.94200E-001	1.50800E-009	2.09570E-009	1.01160E-009
305	12	24	1	1.32000E-002	2.40000E-003	2.10000E-003	5.58010E-009	1.70000E-009	1.39560E-009	3.46800E+000	7.58948E+002	7.60524E+002	1.57600E+000	5.80287E-001	7.94700E-001	1.33470E-009	1.87800E-009	8.99200E-010
309	14	24	1	1.32000E-002	2.50000E-003	2.10000E-003	5.87740E-009	1.90000E-009	1.31130E-009	3.46580E+000	7.60905E+002	7.62437E+002	1.53250E+000	5.81123E-001	7.95000E-001	1.53610E-009	2.03020E-009	1.19890E-009
313	16	24	1	1.32000E-002	2.40000E-003	2.10000E-003	5.69950E-009	1.60000E-009	2.02320E-009	3.46620E+000	7.66046E+002	7.67626E+002	1.57970E+000	5.76480E-001	7.94700E-001	1.53840E-009	1.67190E-009	9.08500E-010
317	18	24	1	1.32000E-002	2.50000E-003	2.10000E-003	4.83070E-009	1.90000E-009	1.79840E-009	3.47860E+000	7.71983E+002	7.74206E+002	2.22290E+000	5.70156E-001	7.95300E-001	1.72580E-009	2.01610E-009	1.47990E-009
321	20	24	1	1.32000E-002	2.40000E-003	2.10000E-003	4.36240E-009	2.00000E-009	8.43000E-010	3.47580E+000	7.75396E+002	7.77111E+002	1.71520E+000	5.71211E-001	7.95200E-001	1.58530E-009	1.85220E-009	7.68000E-010
325	22	24	1	1.34000E-002	2.40000E-003	2.00000E-003	3.99710E-009	1.80000E-009	2.81000E-011	3.47560E+000	7.79937E+002	7.80868E+002	9.31000E-001	5.53901E-001	7.94800E-001	1.47050E-009	2.18710E-009	2.51020E-009
328	20	26	1	1.33000E-002	2.30000E-003	2.00000E-003	4.53800E-009	1.80000E-009	9.40000E-012	3.46040E+000	7.79497E+002	7.81433E+002	1.93620E+000	5.56888E-001	7.94200E-001	1.91540E-009	2.18240E-009	6.46300E-010
331	18	26	1	1.32000E-002	2.40000E-003	2.10000E-003	4.50290E-009	1.70000E-009	2.03250E-009	3.47890E+000	7.81750E+002	7.83032E+002	1.28260E+000	5.68655E-001	7.94800E-001	1.44710E-009	1.86390E-009	1.24570E-009
335	16	26	1	1.32000E-002	2.50000E-003	2.20000E-003	4.14930E-009	1.80000E-009	1.50800E-009	3.46970E+000	7.69747E+002	7.71830E+002	2.08330E+000	5.73233E-001	7.95000E-001	1.37220E-009	2.01380E-009	3.09100E-010
339	14	26	1	1.32000E-002	2.40000E-003	2.10000E-003	4.87290E-009	1.80000E-009	2.59450E-009	3.46510E+000	7.67489E+002	7.69070E+002	1.58130E+000	5.82464E-001	7.95400E-001	1.38160E-009	2.12620E-009	3.84000E-010
343	12	26	1	1.32000E-002	2.40000E-003	2.10000E-003	5.03920E-009	1.60000E-009	1.66720E-009	3.46150E+000	7.77389E+002	7.79026E+002	1.63690E+000	5.72072E-001	7.94600E-001	1.45180E-009	1.81470E-009	8.99200E-010
347	10	26	1	1.31000E-002	2.40000E-003	2.00000E-003	4.28280E-009	1.80000E-009	6.36900E-010	3.46990E+000	7.74413E+002	7.76161E+002	1.74830E+000	5.58618E-001	7.95800E-001	1.93890E-009	1.93420E-009	1.08650E-009
349	12	28	1	1.47000E-002	2.30000E-003	2.00000E-003	4.57080E-009	1.10000E-009	2.48210E-009	3.48790E+000	7.64659E+002	7.66776E+002	2.11730E+000	5.59104E-001	7.94800E-001	2.20580E-009	1.38860E-009	1.03030E-009
351	14	28	1	1.34000E-002	2.30000E-003	1.90000E-003	3.82850E-009	1.60000E-009	2.44460E-009	3.46160E+000	7.73645E+002	7.75589E+002	1.94380E+000	5.57768E-001	7.95200E-001	1.88730E-009	1.67430E-009	1.87300E-010
353	16	28	1	1.34000E-002	2.20000E-003	1.90000E-003	4.12590E-009	1.50000E-009	2.21050E-009	3.47340E+000	7.76066E+002	7.78161E+002	2.09510E+000	5.56196E-001	7.94500E-001	1.70000E-009	1.90610E-009	7.30600E-010

1	15	5	3	1.28000E-002	-5.00000E-004	-8.00000E-004	1.39330E-005
2	19	7	1	1.29000E-002	-5.00000E-004	-8.00000E-004	4.61230E-009	9.00000E-010	7.12100E-010	3.49400E+000	7.59716E+002	7.61574E+002	1.85820E+000	5.64737E-001	7.98700E-001	2.46660E-009	1.40780E-009	2.34240E-009
5	17	7	1	1.31000E-002	-3.00000E-004	-6.00000E-004	3.84400E-009	1.70000E-009	8.24540E-009	3.46390E+000	7.71033E+002	7.73599E+002	2.56620E+000	5.62552E-001	7.98200E-001	1.66780E-009	1.91140E-009	3.46700E-010
9	15	7	1	1.32000E-002	-3.00000E-004	-5.00000E-004	3.97510E-009	1.60000E-009	1.50760E-008	3.46780E+000	7.72074E+002	7.74254E+002	2.17930E+000	5.64757E-001	7.99400E-001	1.50620E-009	1.91610E-009	8.05800E-010
13	13	7	1	1.32000E-002	-2.00000E-004	-5.00000E-004	3.70810E-009	1.60000E-009	1.15530E-008	3.47380E+000	7.68305E+002	7.70218E+002	1.91300E+000	5.65437E-001	7.99500E-001	1.59520E-009	1.80130E-009	5.06000E-010
16	11	7	1	1.35000E-002	-3.00000E-004	-6.00000E-004	3.48790E-009	1.50000E-009	1.45419E-008	3.53330E+000	7.46842E+002	7.49690E+002	2.84770E+000	5.63575E-001	8.00600E-001	1.99110E-009	1.86930E-009	4.02900E-010
22	9	9	1	1.32000E-002	-3.00000E-004	-6.00000E-004	3.12950E-009	1.60000E-009	3.85100E-009	3.49820E+000	7.61881E+002	7.64480E+002	2.59860E+000	5.58025E-001	7.99100E-001	1.61860E-009	1.85760E-009	6.56000E-011
26	11	9	5	1.32000E-002	-2.00000E-004	-5.00000E-004	3.66590E-009	1.40000E-009	3.73255E-007
30	13	9	1	1.33000E-002	-3.00000E-004	-5.00000E-004	4.09690E-009	1.50000E-009	4.73170E-009	3.46770E+000	7.69840E+002	7.71315E+002	1.47540E+000	5.75770E-001	7.98100E-001	1.44530E-009	1.92550E-009	4.68500E-010
34	15	9	1	1.32000E-002	-2.00000E-004	-5.00000E-004	4.74110E-009	1.50000E-009	1.18060E-009	3.46620E+000	7.63161E+002	7.64812E+002	1.65110E+000	5.82613E-001	7.98400E-001	1.42890E-009	1.85990E-009	8.62000E-010
38	17	9	1	1.32000E-002	-3.00000E-004	-6.00000E-004	4.48810E-009	1.70000E-009	3.27940E-009	3.45240E+000	7.64568E+002	7.66128E+002	1.55990E+000	5.79153E-001	7.98400E-001	1.61160E-009	1.87630E-009	5.15300E-010
42	19	9	1	1.32000E-002	-2.00000E-004	-6.00000E-004	4.04770E-009	1.70000E-009	6.54950E-009	3.46060E+000	7.73777E+002	7.75341E+002	1.56370E+000	5.71661E-001	7.97700E-001	1.48510E-009	1.71230E-009	2.15500E-010
44	21	9	1	1.28000E-002	-4.00000E-004	-8.00000E-004	4.54900E-009	1.20000E-009	7.59000E-010	3.47680E+000	7.71229E+002	7.73286E+002	2.05660E+000	5.59481E-001	7.97200E-001	2.72900E-009	1.44060E-009	7.59000E-010
47	21	11	1	1.32000E-002	-2.00000E-004	-6.00000E-004	3.72210E-009	1.50000E-009	4.00090E-009	3.47220E+000	7.74837E+002	7.76426E+002	1.58930E+000	5.68798E-001	7.97600E-001	1.55540E-009	1.85050E-009	9.55700E-010
51	19	11	1	1.32000E-002	-2.00000E-004	-5.00000E-004	4.91210E-009	1.50000E-009	2.64230E-009	3.45560E+000	7.62878E+002	7.64341E+002	1.46340E+000	5.76367E-001	7.98000E-001	1.27430E-009	1.99340E-009	8.71400E-010
55	17	11	1	1.33000E-002	-2.00000E-004	-5.00000E-004	5.83040E-009	1.70000E-009	1.59290E-009	3.36870E+000	7.56724E+002	7.58236E+002	1.51190E+000	5.77688E-001	7.96900E-001	1.54130E-009	1.71470E-009	7.40200E-010
59	15	11	1	1.32000E-002	-2.00000E-004	-5.00000E-004	5.64060E-009	1.60000E-009	1.29300E-009	3.46540E+000	7.57185E+002	7.58799E+002	1.61400E+000	5.78973E-001	7.97400E-001	1.36800E-009	1.67480E-009	1.72400E-009
63	13	11	1	1.33000E-002	-2.00000E-004	-5.00000E-004	5.19790E-009	1.70000E-009	7.02700E-010	3.47490E+000	7.60413E+002	7.62051E+002	1.63800E+000	5.73856E-001	7.97900E-001	1.48750E-009	1.99810E-009	3.74800E-010
67	11	11	1	1.32000E-002	-3.00000E-004	-5.00000E-004	4.39210E-009	1.70000E-009	4.47880E-009	3.47840E+000	7.71311E+002	7.72780E+002	1.46860E+000	5.72921E-001	7.98400E-001	1.52490E-009	1.92080E-009	1.38670E-009
71	9	11	1	1.31000E-002	-2.00000E-004	-6.00000E-004	3.55350E-009	1.70000E-009	4.83480E-009	3.46880E+000	7.81517E+002	7.83558E+002	2.04160E+000	5.55045E-001	7.98700E-001	1.33520E-009	2.01680E-009	5.34100E-010
75	7	11	1	1.33000E-002	-2.00000E-004	-5.00000E-004	5.34550E-009	1.60000E-009	1.48605E-008	3.53160E+000	7.22245E+002	7.26172E+002	3.92650E+000	5.58606E-001	7.99800E-001	1.94420E-009	1.83410E-009	6.56000E-011
81	7	13	1	1.32000E-002	-2.00000E-004	-6.00000E-004	3.41290E-009	1.80000E-009	2.63290E-009	3.48760E+000	7.72440E+002	7.73622E+002	1.18200E+000	5.52124E-001	7.97600E-001	1.45930E-009	1.92780E-009	7.49600E-010
85	9	13	1	1.32000E-002	-3.00000E-004	-6.00000E-004	4.03140E-009	1.50000E-009	3.95410E-009	3.47280E+000	7.68185E+002	7.69875E+002	1.68990E+000	5.65217E-001	7.98100E-001	1.39840E-009	1.88570E-009	9.46300E-010
89	11	13	1	1.32000E-002	-2.00000E-004	-5.00000E-004	5.39930E-009	1.70000E-009	2.72660E-009	3.47690E+000	7.67213E+002	7.68846E+002	1.63330E+000	5.65140E-001	7.97700E-001	1.49210E-009	1.50390E-009	7.68300E-010
93	13	13	1	1.32000E-002	-3.00000E-004	-5.00000E-004	5.62890E-009	1.60000E-009	7.50000E-011	3.48280E+000	7.59948E+002	7.61450E+002	1.50180E+000	5.77867E-001	7.97800E-001	1.45000E-009	1.79670E-009	1.40550E-009
97	15	13	1	1.33000E-002	-2.00000E-004	-5.00000E-004	5.74840E-009	1.80000E-009	6.55900E-010	3.46330E+000	7.63134E+002	7.64461E+002	1.32610E+000	5.80176E-001	7.98500E-001	1.56480E-009	1.92550E-009	1.08690E-009
101	17	13	1	1.32000E-002	-2.00000E-004	-6.00000E-004	6.18410E-009	1.60000E-009	1.78000E-010	3.47090E+000	7.64861E+002	7.66407E+002	1.54600E+000	5.76285E-001	7.97700E-001	1.53900E-009	1.79200E-009	7.21500E-010
105	19	13	1	1.31000E-002	-2.00000E-004	-5.00000E-004	5.69450E-009	1.90000E-009	1.90210E-009	3.46740E+000	7.60903E+002	7.62444E+002	1.54100E+000	5.68782E-001	7.97600E-001	1.74980E-009	1.99110E-009	6.65300E-010
109	21	13	1	1.32000E-002	-2.00000E-004	-6.00000E-004	4.40380E-009	1.70000E-009	5.00350E-009	3.46770E+000	7.66426E+002	7.67825E+002	1.39930E+000	5.62723E-001	7.97400E-001	1.66080E-009	1.86930E-009	5.34100E-010
112	23	13	1	1.31000E-002	-4.00000E-004	-7.00000E-004	4.21410E-009	1.50000E-009	2.85780E-009	3.48020E+000	7.81436E+002	7.83466E+002	2.02960E+000	5.53223E-001	7.98100E-001	1.82240E-009	1.77320E-009	4.12300E-010
115	23	15	1	1.32000E-002	-2.00000E-004	-6.00000E-004	3.70580E-009	1.70000E-009	1.38670E-009	3.48790E+000	7.84808E+002	7.86213E+002	1.40520E+000	5.62172E-001	7.99200E-001	1.71940E-009	1.78030E-009	6.84000E-010
119	21	15	1	1.31000E-002	-2.00000E-004	-5.00000E-004	4.84890E-009	1.80000E-009	1.97515E-008	3.47030E+000	7.70637E+002	7.72292E+002	1.65550E+000	5.65506E-001	7.98100E-001	1.47570E-009	1.88100E-009	9.93200E-010
123	19	15	1	1.32000E-002	-2.00000E-004	-5.00000E-004	6.07160E-009	1.60000E-009	3.65400E-010	3.46760E+000	7.67664E+002	7.69099E+002	1.43440E+000	5.68889E-001	7.97100E-001	1.33750E-009	1.81310E-009	9.40000E-012
127	17	15	1	1.31000E-002	-2.00000E-004	-5.00000E-004	6.15130E-009	1.50000E-009	3.18600E-010	3.44750E+000	7.58641E+002	7.60130E+002	1.48880E+000	5.72797E-001	7.98100E-001	1.49450E-009	1.90680E-009	1.61160E-009
131	15	15	1	1.32000E-002	-2.00000E-004	-5.00000E-004	6.19580E-009	1.70000E-009	7.30800E-010	3.44110E+000	7.59677E+002	7.61162E+002	1.48550E+000	5.74379E-001	7.97400E-001	1.49920E-009	1.78960E-009	1.55540E-009
135	13	15	1	1.31000E-002	-2.00000E-004	-6.00000E-004	6.14190E-009	1.60000E-009	6.09000E-010	3.44980E+000	7.63278E+002	7.64998E+002	1.72080E+000	5.69908E-001	7.97100E-001	1.44760E-009	1.85990E-009	1.67720E-009
139	11	15	1	1.32000E-002	-2.00000E-004	-6.00000E-004	5.34780E-009	2.00000E-009	3.05460E-009	3.48190E+000	7.73021E+002	7.74925E+002	1.90430E+000	5.60804E-001	7.97800E-001	1.77090E-009	2.04500E-009	3.65400E-010
143	9	15	1	1.33000E-002	-2.00000E-004	-5.00000E-004	4.27260E-009	1.70000E-009	2.92340E-009	3.47050E+000	7.64981E+002	7.66474E+002	1.49240E+000	5.68983E-001	7.97700E-001	1.59990E-009	2.07310E-009	4.31000E-010
147	7	15	1	1.33000E-002	-2.00000E-004	-5.00000E-004	3.67300E-009	1.60000E-009	8.52700E-010	3.47170E+000	7.78666E+002	7.80614E+002	1.94820E+000	5.54830E-001	7.97700E-001	1.51320E-009	2.00280E-009	2.41740E-009
153	5	17	3	1.32000E-002	-3.00000E-004	-6.00000E-004	1.39580E-005
157	7	17	1	1.33000E-002	-3.00000E-004	-6.00000E-004	3.27010E-009	1.70000E-009	1.58350E-009	3.48000E+000	7.81912E+002	7.83843E+002	1.93100E+000	5.56267E-001	7.98500E-001	1.58350E-009	1.83650E-009	6.37100E-010
161	9	17	1	1.32000E-002	-3.00000E-004	-6.00000E-004	4.88870E-009	1.30000E-009	2.11760E-009	3.46950E+000	7.60588E+002	7.61996E+002	1.40790E+000	5.73313E-001	7.98700E-001	1.15250E-009	1.86930E-009	1.59290E-009
165	11	17	1	1.32000E-002	-3.00000E-004	-5.00000E-004	5.79050E-009	1.60000E-009	2.82030E-009	3.48620E+000	7.71217E+002	7.73024E+002	1.80620E+000	5.64942E-001	7.98300E-001	1.52260E-009	1.58580E-009	6.18400E-010
169	13	17	1	1.33000E-002	-2.00000E-004	-5.00000E-004	6.22620E-009	1.80000E-009	1.09630E-009	3.45190E+000	7.60812E+002	7.62326E+002	1.51430E+000	5.69532E-001	7.96600E-001	1.60690E-009	2.01220E-009	8.24500E-010
173	15	17	1	1.32000E-002	-2.00000E-004	-5.00000E-004	6.35270E-009	1.40000E-009	1.03100E-010	3.44220E+000	7.54675E+002	7.56637E+002	1.96190E+000	5.61171E-001	7.97400E-001	1.29300E-009	1.79200E-009	1.70530E-009
177	17	17	1	1.32000E-002	-2.00000E-004	-6.00000E-004	6.22860E-009	1.60000E-009	2.81100E-010	3.43820E+000	7.68201E+002	7.69484E+002	1.28300E+000	5.67423E-001	7.96900E-001	1.45470E-009	1.45930E-009	1.13370E-009
181	19	17	1	1.32000E-002	-2.00000E-004	-5.00000E-004	6.09500E-009	1.90000E-009	1.70530E-009	3.45470E+000	7.67857E+002	7.69339E+002	1.48210E+000	5.68313E-001	7.97700E-001	1.58350E-009	1.76390E-009	6.37100E-010
185	21	17	1	1.31000E-002	-3.00000E-004	-5.00000E-004	5.18380E-009	1.70000E-009	1.82710E-009	3.46250E+000	7.70638E+002	7.72275E+002	1.63660E+000	5.67585E-001	7.97900E-001	1.20870E-009	1.71230E-009	8.05800E-010
189	23	17	1	1.31000E-002	-3.00000E-004	-5.00000E-004	3.94230E-009	1.60000E-009	2.34200E-010	3.47520E+000	7.85551E+002	7.87036E+002	1.48520E+000	5.64244E-001	7.98600E-001	1.40550E-009	1.80600E-009	1.30240E-009
193	23	19	1	1.32000E-002	-2.00000E-004	-5.00000E-004	3.66120E-009	1.70000E-009	7.30800E-010	3.47890E+000	7.86377E+002	7.87984E+002	1.60760E+000	5.62399E-001	7.98800E-001	1.59050E-009	1.87630E-009	1.28370E-009
197	21	19	1	1.32000E-002	-2.00000E-004	-5.00000E-004	4.87460E-009	1.60000E-009	2.67040E-009	3.46710E+000	7.67897E+002	7.69559E+002	1.66220E+000	5.68109E-001	7.98100E-001	1.25790E-009	1.94890E-009	3.75000E-011
201	19	19	1	1.32000E-002	-2.00000E-004	-5.00000E-004	6.06230E-009	1.60000E-009	2.81100E-010	3.45780E+000	7.70838E+002	7.72369E+002	1.53040E+000	5.70103E-001	7.96800E-001	1.56010E-009	1.93950E-009	8.33900E-010
205	17	19	1	1.32000E-002	-2.00000E-004	-6.00000E-004	6.06230E-009	1.70000E-009	3.84200E-010	3.44380E+000	7.64154E+002	7.65665E+002	1.51120E+000	5.71700E-001	7.96800E-001	1.79900E-009	1.94420E-009	3.09200E-010
209	15	19	1	1.32000E-002	-2.00000E-004	-5.00000E-004	5.92870E-009	1.60000E-009	2.81100E-010	3.44550E+000	7.61354E+002	7.62755E+002	1.40060E+000	5.71934E-001	7.97200E-001	1.60690E-009	1.93950E-009	4.49700E-010
213	13	19	1	1.32000E-002	-2.00000E-004	-6.00000E-004	6.02710E-009	1.60000E-009	1.68700E-010	3.45120E+000	7.58229E+002	7.59732E+002	1.50380E+000	5.70522E-001	7.97300E-001	1.45930E-009	1.93490E-009	9.46300E-010
217	11	19	1	1.32000E-002	-2.00000E-004	-6.00000E-004	6.01310E-009	1.70000E-009	1.92080E-009	3.48590E+000	7.70118E+002	7.71796E+002	1.67780E+000	5.67424E-001	7.97400E-001	1.63500E-009	1.83180E-009	2.62400E-010
221	9	19	1	1.32000E-002	-2.00000E-004	-6.00000E-004	4.45060E-009	1.70000E-009	6.18410E-009	3.46540E+000	7.56405E+002	7.57823E+002	1.41790E+000	5.74875E-001	7.97900E-001	1.44530E-009	1.76850E-009	1.70530E-009
225	7	19	1	1.32000E-002	-2.00000E-004	-5.00000E-004	3.69170E-009	1.60000E-009	3.10140E-009	3.46770E+000	7.79224E+002	7.81208E+002	1.98470E+000	5.57550E-001	7.98100E-001	1.40080E-009	1.97000E-009	6.27800E-010
233	7	21	1	1.32000E-002	-3.00000E-004	-6.00000E-004	3.24660E-009	1.50000E-009	2.83900E-009	3.48800E+000	7.73456E+002	7.75415E+002	1.95900E+000	5.56160E-001	7.98400E-001	1.63500E-009	1.87160E-009	3.74800E-010
237	9	21	1	1.33000E-002	-2.00000E-004	-6.00000E-004	4.22810E-009	1.60000E-009	1.94890E-009	3.47460E+000	7.60738E+002	7.62261E+002	1.52340E+000	5.76017E-001	7.97100E-001	1.39140E-009	1.72170E-009	8.24500E-010
241	11	21	1	1.32000E-002	-2.00000E-004	-5.00000E-004	6.23790E-009	1.50000E-009	6.27800E-010	3.47900E+000	7.64036E+002	7.66044E+002	2.00860E+000	5.68477E-001	7.97100E-001	1.32580E-009	1.77560E-009	1.39610E-009
245	13	21	1	1.32000E-002	-2.00000E-004	-5.00000E-004	6.35270E-009	1.80000E-009	2.34200E-010	3.46800E+000	7.66031E+002	7.67504E+002	1.47330E+000	5.76688E-001	7.98000E-001	1.78490E-009	1.97700E-009	1.87400E-010
249	15	21	1	1.32000E-002	-2.00000E-004	-5.00000E-004	5.98500E-009	1.60000E-009	3.27900E-010	3.44970E+000	7.66372E+002	7.67613E+002	1.24070E+000	5.67820E-001	7.97000E-001	1.50850E-009	2.00050E-009	1.08690E-009
253	17	21	1	1.32000E-002	-2.00000E-004	-5.00000E-004	6.11610E-009	1.30000E-009	2.43600E-010	3.45270E+000	7.68946E+002	7.70347E+002	1.40050E+000	5.70490E-001	7.97700E-001	1.44760E-009	1.86220E-009	1.43360E-009
257	19	21	1	1.32000E-002	-3.00000E-004	-5.00000E-004	5.84210E-009	1.70000E-009	2.15500E-010	3.47050E+000	7.69179E+002	7.70765E+002	1.58540E+000	5.69939E-001	7.98000E-001	1.67020E-009	1.76850E-009	3.56100E-010
261	21	21	1	1.32000E-002	-2.00000E-004	-5.00000E-004	4.39440E-009	1.70000E-009	3.84160E-009	3.47180E+000	7.71532E+002	7.73070E+002	1.53770E+000	5.70527E-001	7.97700E-001	1.40310E-009	1.93950E-009	1.59300E-010
264	23	21	1	1.31000E-002	-4.00000E-004	-7.00000E-004	3.76430E-009	1.50000E-009	2.70790E-009	3.47190E+000	7.86613E+002	7.88212E+002	1.59920E+000	5.52268E-001	7.98600E-001	1.73110E-009	1.81070E-009	4.31000E-010
268	21	23	1	1.32000E-002	-2.00000E-004	-6.00000E-004	3.71280E-009	1.70000E-009	7.77700E-010	3.46910E+000	7.78454E+002	7.79999E+002	1.54480E+000	5.71430E-001	7.96800E-001	1.50850E-009	1.88100E-009	1.11500E-009
272	19	23	1	1.32000E-002	-2.00000E-004	-5.00000E-004	4.95660E-009	1.70000E-009	4.02900E-010	3.45760E+000	7.66890E+002	7.68416E+002	1.52620E+000	5.71989E-001	7.97500E-001	1.21340E-009	1.96770E-009	5.24700E-010
276	17	23	1	1.33000E-002	-2.00000E-004	-5.00000E-004	5.74130E-009	1.60000E-009	2.24900E-010	3.46330E+000	7.66106E+002	7.67708E+002	1.60240E+000	5.76604E-001	7.97300E-001	1.43120E-009	1.93720E-009	1.48040E-009
280	15	23	1	1.32000E-002	-2.00000E-004	-6.00000E-004	6.35740E-009	1.60000E-009	8.80800E-010	3.46130E+000	7.62787E+002	7.64301E+002	1.51420E+000	5.77833E-001	7.97600E-001	1.60690E-009	1.78030E-009	1.43360E-009
284	13	23	1	1.32000E-002	-2.00000E-004	-6.00000E-004	6.17230E-009	1.70000E-009	2.81100E-010	3.46740E+000	7.58923E+002	7.60571E+002	1.64770E+000	5.80974E-001	7.98200E-001	1.49210E-009	1.89040E-009	6.93400E-010
288	11	23	1	1.32000E-002	-2.00000E-004	-5.00000E-004	5.23300E-009	1.80000E-009	5.34100E-010	3.47510E+000	7.62484E+002	7.64098E+002	1.61440E+000	5.74545E-001	7.96500E-001	1.53430E-009	1.93950E-009	1.33990E-009
292	9	23	1	1.32000E-002	-2.00000E-004	-6.00000E-004	4.45530E-009	1.70000E-009	1.40500E-010	3.47560E+000	7.71074E+002	7.72747E+002	1.67290E+000	5.71195E-001	7.96200E-001	1.39840E-009	2.03090E-009	7.50000E-011
296	7	23	1	1.32000E-002	-3.00000E-004	-5.00000E-004	3.05690E-009	1.60000E-009	5.97790E-009	3.52590E+000	7.53507E+002	7.56356E+002	2.84910E+000	5.61914E-001	7.99500E-001	1.30940E-009	1.97230E-009	4.87200E-010
302	9	25	1	1.33000E-002	-3.00000E-004	-6.00000E-004	3.90490E-009	1.50000E-009	5.34100E-010	3.47660E+000	7.72537E+002	7.74500E+002	1.96340E+000	5.57987E-001	7.97200E-001	1.44290E-009	1.84350E-009	1.60220E-009
306	11	25	1	1.32000E-002	-3.00000E-004	-6.00000E-004	4.57250E-009	1.50000E-009	1.68700E-010	3.47490E+000	7.77779E+002	7.79334E+002	1.55500E+000	5.71086E-001	7.96400E-001	1.25320E-009	1.86220E-009	1.74280E-009
310	13	25	1	1.32000E-002	-3.00000E-004	-6.00000E-004	4.93320E-009	1.60000E-009	7.59000E-010	3.46590E+000	7.67696E+002	7.69029E+002	1.33330E+000	5.79660E-001	7.97800E-001	1.45700E-009	1.82480E-009	1.63970E-009
314	15	25	1	1.32000E-002	-2.00000E-004	-6.00000E-004	5.15810E-009	1.60000E-009	2.06100E-010	3.45810E+000	7.62386E+002	7.64131E+002	1.74460E+000	5.77458E-001	7.97600E-001	1.83650E-009	1.53900E-009	2.23940E-009
318	17	25	1	1.32000E-002	-2.00000E-004	-6.00000E-004	4.48340E-009	1.70000E-009	2.34200E-010	3.46250E+000	7.69340E+002	7.70816E+002	1.47550E+000	5.76876E-001	7.97700E-001	1.75920E-009	1.79200E-009	1.00260E-009
322	19	25	1	1.32000E-002	-2.00000E-004	-5.00000E-004	4.24690E-009	1.70000E-009	2.90500E-010	3.46730E+000	7.73506E+002	7.74925E+002	1.41930E+000	5.73653E-001	7.97100E-001	1.45470E-009	1.82010E-009	8.99500E-010
326	21	25	1	1.34000E-002	-3.00000E-004	-6.00000E-004	3.98920E-009	1.60000E-009	1.20870E-009	3.47730E+000	7.81474E+002	7.81874E+002	3.99600E-001	5.56847E-001	7.96400E-001	1.40550E-009	2.00050E-009	1.07750E-009
329	19	27	1	1.33000E-002	-3.00000E-004	-7.00000E-004	4.10630E-009	1.70000E-009	3.01710E-009	3.47470E+000	7.76075E+002	7.78638E+002	2.56270E+000	5.57054E-001	7.96700E-001	1.75920E-009	1.89970E-009	1.81770E-009
332	17	27	1	1.32000E-002	-3.00000E-004	-6.00000E-004	3.76430E-009	1.60000E-009	1.68700E-010	3.47840E+000	7.79768E+002	7.82425E+002	2.65780E+000	5.69069E-001	7.97200E-001	1.43360E-009	1.69360E-009	1.21810E-009
336	15	27	1	1.32000E-002	-2.00000E-004	-6.00000E-004	3.39890E-009	1.70000E-009	7.96400E-010	3.47440E+000	7.76340E+002	7.78150E+002	1.80960E+000	5.75418E-001	7.98200E-001	1.37270E-009	1.80840E-009	1.27430E-009
340	13	27	1	1.32000E-002	-2.00000E-004	-6.00000E-004	3.88850E-009	1.50000E-009	1.78000E-010	3.46800E+000	7.80382E+002	7.82901E+002	2.51880E+000	5.61546E-001	7.97400E-001	1.33520E-009	1.88330E-009	2.53920E-009
344	11	27	1	1.32000E-002	-3.00000E-004	-6.00000E-004	4.16720E-009	1.60000E-009	4.21600E-010	3.48400E+000	7.71973E+002	7.74295E+002	2.32250E+000	5.57887E-001	7.97700E-001	1.52260E-009	1.67950E-009	7.96400E-010

6	18	7	1	1.31000E-002	-2.70000E-003	-3.00000E-003	3.91810E-009	1.80000E-009	2.28570E-009	3.49190E+000	7.69564E+002	7.71590E+002	2.02630E+000	5.59612E-001	8.01200E-001	1.56210E-009	1.82910E-009	2.20140E-009
10	16	7	1	1.32000E-002	-2.70000E-003	-3.00000E-003	4.40280E-009	1.70000E-009	7.07270E-009	3.46380E+000	7.74697E+002	7.76513E+002	1.81600E+000	5.62305E-001	8.01000E-001	1.70260E-009	1.80560E-009	2.78220E-009
14	14	7	1	1.32000E-002	-2.70000E-003	-2.90000E-003	4.53170E-009	1.50000E-009	7.09140E-009	3.46860E+000	7.69260E+002	7.71009E+002	1.74860E+000	5.65731E-001	8.01600E-001	1.65110E-009	1.67210E-009	1.53630E-009
17	12	7	1	1.35000E-002	-2.70000E-003	-3.10000E-003	3.91810E-009	1.50000E-009	7.42860E-009	3.48970E+000	7.63416E+002	7.65316E+002	1.89980E+000	5.62908E-001	8.01500E-001	1.96720E-009	1.80800E-009	2.21080E-009
18	10	7	5	1.02000E-002	-3.00000E-003	-3.20000E-003	3.97430E-009	1.70000E-009	1.41150E-005
19	8	9	5	1.02000E-002	-3.00000E-003	-3.30000E-003	3.89000E-009	5.00000E-010	1.41150E-005
23	10	9	1	1.32000E-002	-2.80000E-003	-3.00000E-003	3.52460E-009	1.80000E-009	7.15700E-009	3.46210E+000	7.75102E+002	7.77352E+002	2.24980E+000	5.53833E-001	8.01000E-001	1.74240E-009	1.70730E-009	2.56680E-009
27	12	9	1	1.32000E-002	-2.80000E-003	-3.00000E-003	3.97660E-009	1.50000E-009	3.83140E-009	3.45610E+000	7.72681E+002	7.74217E+002	1.53560E+000	5.71076E-001	8.00500E-001	1.87360E-009	1.62300E-009	2.22020E-009
31	14	9	1	1.33000E-002	-2.70000E-003	-2.90000E-003	4.50590E-009	1.50000E-009	2.79160E-009	3.46220E+000	7.61061E+002	7.62720E+002	1.65850E+000	5.81083E-001	8.00600E-001	1.52930E-009	1.80100E-009	2.12650E-009
35	16	9	1	1.32000E-002	-2.80000E-003	-3.00000E-003	4.77050E-009	1.60000E-009	7.30700E-010	3.45570E+000	7.64768E+002	7.66523E+002	1.75490E+000	5.81478E-001	8.01400E-001	1.54570E-009	1.82440E-009	4.02800E-010
39	18	9	1	1.32000E-002	-2.70000E-003	-3.00000E-003	4.43330E-009	1.60000E-009	8.06560E-009	3.46980E+000	7.71651E+002	7.73472E+002	1.82110E+000	5.74229E-001	8.00500E-001	1.74470E-009	1.64870E-009	2.92270E-009
43	20	9	1	1.32000E-002	-2.60000E-003	-3.00000E-003	3.92740E-009	1.70000E-009	2.06100E-010	3.46330E+000	7.77757E+002	7.80320E+002	2.56270E+000	5.59011E-001	7.99400E-001	1.60190E-009	1.68390E-009	1.14290E-009
48	22	11	1	1.32000E-002	-2.70000E-003	-3.10000E-003	3.73540E-009	1.50000E-009	2.99800E-010	3.46410E+000	7.78705E+002	7.80605E+002	1.90010E+000	5.57475E-001	8.00000E-001	1.52230E-009	1.75880E-009	1.18030E-009
52	20	11	1	1.32000E-002	-2.70000E-003	-3.00000E-003	4.60430E-009	1.60000E-009	7.38180E-009	3.46190E+000	7.67482E+002	7.68950E+002	1.46820E+000	5.73867E-001	8.00200E-001	1.45200E-009	1.93680E-009	2.22020E-009
56	18	11	1	1.33000E-002	-2.60000E-003	-3.00000E-003	5.67690E-009	1.60000E-009	2.21080E-009	3.24430E+000	7.66289E+002	7.68104E+002	1.81450E+000	5.73999E-001	8.00000E-001	1.48480E-009	1.56910E-009	1.11480E-009
60	16	11	1	1.32000E-002	-2.70000E-003	-3.00000E-003	5.73540E-009	1.60000E-009	9.64900E-010	3.46600E+000	7.64169E+002	7.66519E+002	2.35000E+000	5.74387E-001	8.00300E-001	1.48240E-009	1.61830E-009	1.15220E-009
64	14	11	1	1.33000E-002	-2.70000E-003	-3.00000E-003	5.90870E-009	1.80000E-009	1.97660E-009	3.47030E+000	7.57717E+002	7.59496E+002	1.77850E+000	5.76227E-001	8.00000E-001	1.59950E-009	1.78460E-009	9.37000E-011
68	12	11	1	1.32000E-002	-2.70000E-003	-3.00000E-003	5.22720E-009	1.60000E-009	3.40050E-009	3.46770E+000	7.57432E+002	7.58887E+002	1.45440E+000	5.78818E-001	8.00600E-001	1.59950E-009	1.92270E-009	6.18300E-010
72	10	11	1	1.31000E-002	-2.60000E-003	-3.00000E-003	4.35600E-009	1.80000E-009	9.29280E-009	3.46860E+000	7.72980E+002	7.74472E+002	1.49230E+000	5.68695E-001	8.01000E-001	1.42620E-009	1.89460E-009	2.27640E-009
76	8	11	1	1.33000E-002	-2.70000E-003	-3.00000E-003	4.76350E-009	1.90000E-009	2.80100E-009	3.48310E+000	7.72452E+002	7.74171E+002	1.71810E+000	5.51011E-001	8.00100E-001	2.01880E-009	1.73770E-009	5.62000E-011
78	6	13	5	1.35000E-002	-2.90000E-003	-3.20000E-003	4.63470E-009	2.00000E-010	7.52877E-007
82	8	13	1	1.32000E-002	-2.70000E-003	-3.00000E-003	4.01170E-009	1.70000E-009	3.09140E-009	3.47760E+000	7.81933E+002	7.84359E+002	2.42550E+000	5.55308E-001	8.00300E-001	1.49650E-009	1.75650E-009	2.52900E-010
86	10	13	1	1.32000E-002	-2.80000E-003	-3.00000E-003	4.77520E-009	1.60000E-009	2.54800E-009	3.47800E+000	7.59978E+002	7.61557E+002	1.57860E+000	5.68849E-001	8.00200E-001	1.58780E-009	1.90400E-009	1.20840E-009
90	12	13	1	1.32000E-002	-2.70000E-003	-3.00000E-003	6.18510E-009	1.60000E-009	1.92980E-009	3.47550E+000	7.53132E+002	7.55014E+002	1.88190E+000	5.75202E-001	7.99800E-001	1.63700E-009	1.25290E-009	1.11480E-009
94	14	13	1	1.32000E-002	-2.70000E-003	-3.00000E-003	5.98830E-009	1.70000E-009	2.11710E-009	3.46670E+000	7.58857E+002	7.60153E+002	1.29600E+000	5.82556E-001	8.00200E-001	1.60890E-009	1.77050E-009	7.96300E-010
98	16	13	1	1.33000E-002	-2.70000E-003	-3.00000E-003	6.05630E-009	1.80000E-009	7.49400E-010	3.47100E+000	7.63198E+002	7.64855E+002	1.65710E+000	5.80279E-001	8.01200E-001	1.61130E-009	1.69560E-009	1.26460E-009
102	18	13	1	1.32000E-002	-2.70000E-003	-3.00000E-003	6.07260E-009	1.60000E-009	1.64870E-009	3.47790E+000	7.74314E+002	7.76105E+002	1.79090E+000	5.68362E-001	8.00100E-001	1.70960E-009	1.66980E-009	2.52900E-010
106	20	13	1	1.31000E-002	-2.70000E-003	-2.90000E-003	5.45200E-009	1.90000E-009	3.20380E-009	3.47310E+000	7.63470E+002	7.64975E+002	1.50480E+000	5.64422E-001	8.00200E-001	1.83610E-009	1.80330E-009	2.23890E-009
110	22	13	1	1.32000E-002	-2.70000E-003	-3.00000E-003	4.02580E-009	1.60000E-009	4.34660E-009	3.47680E+000	7.76946E+002	7.78464E+002	1.51840E+000	5.64893E-001	8.00600E-001	1.79160E-009	1.79160E-009	6.27600E-010
116	24	15	1	1.32000E-002	-2.70000E-003	-3.10000E-003	3.49650E-009	1.80000E-009	4.59020E-009	3.48230E+000	7.77295E+002	7.79074E+002	1.77910E+000	5.53059E-001	8.01000E-001	1.69090E-009	1.75410E-009	1.48950E-009
120	22	15	1	1.31000E-002	-2.70000E-003	-3.00000E-003	4.39350E-009	1.80000E-009	8.05600E-010	3.47970E+000	7.72860E+002	7.74242E+002	1.38170E+000	5.70521E-001	8.01200E-001	1.59490E-009	1.73300E-009	1.45200E-009
124	20	15	1	1.32000E-002	-2.60000E-003	-3.00000E-003	5.58550E-009	1.50000E-009	1.79860E-009	3.46650E+000	7.65123E+002	7.66805E+002	1.68200E+000	5.63198E-001	8.00800E-001	1.44730E-009	1.70020E-009	1.17100E-009
128	18	15	1	1.31000E-002	-2.70000E-003	-3.00000E-003	6.51760E-009	1.60000E-009	1.01170E-009	3.46820E+000	7.68038E+002	7.69779E+002	1.74100E+000	5.68032E-001	8.00100E-001	1.56210E-009	1.83140E-009	1.03980E-009
132	16	15	1	1.32000E-002	-2.60000E-003	-3.00000E-003	6.62530E-009	1.60000E-009	1.05860E-009	3.44970E+000	7.65637E+002	7.66886E+002	1.24890E+000	5.70979E-001	8.00300E-001	1.53870E-009	1.60890E-009	1.03980E-009
136	14	15	1	1.31000E-002	-2.60000E-003	-3.00000E-003	6.32790E-009	1.60000E-009	5.52700E-010	3.44010E+000	7.63173E+002	7.64784E+002	1.61080E+000	5.69756E-001	8.00300E-001	1.56910E-009	1.86180E-009	6.93200E-010
140	12	15	1	1.32000E-002	-2.70000E-003	-3.00000E-003	6.58550E-009	2.00000E-009	2.06100E-010	3.46700E+000	7.64240E+002	7.65892E+002	1.65190E+000	5.72122E-001	7.99500E-001	1.91800E-009	1.91340E-009	1.94850E-009
144	10	15	1	1.33000E-002	-2.60000E-003	-3.00000E-003	5.29040E-009	1.60000E-009	2.71660E-009	3.46340E+000	7.53529E+002	7.55054E+002	1.52450E+000	5.66200E-001	7.99900E-001	1.49880E-009	1.99300E-009	1.56440E-009
148	8	15	1	1.33000E-002	-2.80000E-003	-3.00000E-003	4.11010E-009	1.60000E-009	3.61600E-009	3.47760E+000	7.73333E+002	7.75039E+002	1.70690E+000	5.67396E-001	8.00500E-001	1.74010E-009	1.95080E-009	3.65300E-010
150	6	15	1	1.35000E-002	-2.90000E-003	-3.20000E-003	4.14290E-009	1.20000E-009	2.61360E-009	3.53310E+000	7.57844E+002	7.61159E+002	3.31540E+000	5.56958E-001	8.02800E-001	1.83610E-009	1.50120E-009	5.90200E-010
154	6	17	1	1.32000E-002	-2.60000E-003	-3.00000E-003	4.82670E-009	1.70000E-009	1.15220E-009	3.51850E+000	7.66527E+002	7.68761E+002	2.23340E+000	5.56475E-001	8.03300E-001	1.91340E-009	1.54570E-009	6.37000E-010
158	8	17	1	1.33000E-002	-2.70000E-003	-3.00000E-003	3.91570E-009	1.70000E-009	1.87000E-011	3.47190E+000	7.69073E+002	7.70863E+002	1.79010E+000	5.71157E-001	8.01500E-001	1.77280E-009	1.70730E-009	1.33960E-009
162	10	17	1	1.32000E-002	-2.70000E-003	-3.00000E-003	5.89230E-009	1.30000E-009	4.57150E-009	3.46560E+000	7.54720E+002	7.56338E+002	1.61730E+000	5.70147E-001	8.00100E-001	1.18270E-009	1.67210E-009	2.90400E-010
166	12	17	1	1.32000E-002	-2.70000E-003	-3.00000E-003	6.62770E-009	1.70000E-009	1.96700E-010	3.45270E+000	7.62199E+002	7.63675E+002	1.47630E+000	5.67325E-001	7.99700E-001	1.58320E-009	1.56440E-009	4.40300E-010
170	14	17	1	1.33000E-002	-2.70000E-003	-3.00000E-003	6.34900E-009	1.90000E-009	4.02800E-010	3.44470E+000	7.60691E+002	7.62138E+002	1.44680E+000	5.73033E-001	8.00100E-001	1.71430E-009	1.83370E-009	2.15500E-010
174	16	17	1	1.32000E-002	-2.60000E-003	-3.00000E-003	6.12420E-009	1.40000E-009	1.00230E-009	3.44800E+000	7.68995E+002	7.70707E+002	1.71240E+000	5.61634E-001	8.00700E-001	1.28100E-009	1.60890E-009	7.68200E-010
178	18	17	1	1.32000E-002	-2.70000E-003	-3.00000E-003	6.35600E-009	1.60000E-009	7.21300E-010	3.45030E+000	7.69845E+002	7.71519E+002	1.67390E+000	5.61682E-001	8.00000E-001	1.62060E-009	1.44260E-009	7.11900E-010
182	20	17	1	1.32000E-002	-2.70000E-003	-3.00000E-003	5.80800E-009	1.90000E-009	2.71660E-009	3.46080E+000	7.71752E+002	7.73456E+002	1.70360E+000	5.66251E-001	8.00700E-001	1.74940E-009	1.56210E-009	1.48950E-009
186	22	17	1	1.31000E-002	-2.70000E-003	-3.00000E-003	4.48720E-009	1.70000E-009	1.46140E-009	3.47200E+000	7.73129E+002	7.74620E+002	1.49090E+000	5.70801E-001	8.00900E-001	1.20140E-009	1.47540E-009	8.99300E-010
190	24	17	1	1.31000E-002	-2.70000E-003	-3.00000E-003	3.89930E-009	1.70000E-009	1.03000E-010	3.47200E+000	7.79891E+002	7.81819E+002	1.92820E+000	5.52643E-001	8.00500E-001	1.56910E-009	1.72130E-009	1.12410E-009
194	24	19	1	1.32000E-002	-2.70000E-003	-3.00000E-003	3.67450E-009	1.80000E-009	3.78460E-009	3.45320E+000	7.79224E+002	7.81201E+002	1.97700E+000	5.52526E-001	8.00400E-001	1.77280E-009	1.74470E-009	1.69560E-009
198	22	19	1	1.32000E-002	-2.60000E-003	-3.00000E-003	4.40520E-009	1.50000E-009	1.86420E-009	3.46470E+000	7.75610E+002	7.77213E+002	1.60290E+000	5.69165E-001	8.01000E-001	1.30210E-009	1.77750E-009	1.15220E-009
202	20	19	1	1.32000E-002	-2.60000E-003	-3.00000E-003	6.07030E-009	1.60000E-009	4.49700E-010	3.46150E+000	7.67834E+002	7.69545E+002	1.71080E+000	5.67002E-001	8.00700E-001	1.74470E-009	1.93680E-009	1.22720E-009
206	18	19	1	1.32000E-002	-2.70000E-003	-3.00000E-003	6.31390E-009	1.60000E-009	5.80800E-010	3.46130E+000	7.68244E+002	7.69847E+002	1.60250E+000	5.68489E-001	8.00000E-001	1.78460E-009	1.77050E-009	2.30450E-009
210	16	19	1	1.32000E-002	-2.60000E-003	-3.00000E-003	6.13590E-009	1.60000E-009	9.08700E-010	3.44870E+000	7.64781E+002	7.66188E+002	1.40710E+000	5.69899E-001	7.99500E-001	1.64640E-009	1.86180E-009	5.43300E-010
214	14	19	1	1.32000E-002	-2.60000E-003	-3.00000E-003	6.22250E-009	1.70000E-009	2.02340E-009	3.44940E+000	7.63053E+002	7.64266E+002	1.21300E+000	5.69112E-001	7.99900E-001	1.72840E-009	1.87360E-009	3.56000E-010
218	12	19	1	1.32000E-002	-2.70000E-003	-3.10000E-003	6.78930E-009	1.70000E-009	1.60190E-009	3.46070E+000	7.62112E+002	7.63543E+002	1.43170E+000	5.73806E-001	7.99300E-001	1.72130E-009	1.63230E-009	2.52900E-010
222	10	19	1	1.32000E-002	-2.70000E-003	-3.00000E-003	5.77760E-009	1.60000E-009	3.21310E-009	3.47250E+000	7.50551E+002	7.51983E+002	1.43180E+000	5.72969E-001	8.00100E-001	1.48010E-009	1.72600E-009	3.65300E-010
226	8	19	1	1.32000E-002	-2.70000E-003	-3.00000E-003	4.22250E-009	1.60000E-009	1.14290E-009	3.47610E+000	7.66218E+002	7.67904E+002	1.68650E+000	5.72054E-001	8.01000E-001	1.53160E-009	1.90870E-009	6.93200E-010
228	6	19	1	1.35000E-002	-2.80000E-003	-3.20000E-003	3.87360E-009	1.70000E-009	1.63940E-009	3.52810E+000	7.62190E+002	7.64269E+002	2.07930E+000	5.58462E-001	8.03000E-001	2.34190E-009	1.40750E-009	4.12200E-010
230	6	21	1	1.35000E-002	-2.90000E-003	-3.20000E-003	3.51290E-009	1.40000E-009	6.04220E-009	3.57520E+000	7.15511E+002	7.19805E+002	4.29370E+000	5.71780E-001	8.04800E-001	1.86650E-009	1.54570E-009	5.05900E-010
234	8	21	1	1.32000E-002	-2.80000E-003	-3.00000E-003	4.12180E-009	1.50000E-009	2.10770E-009	3.47990E+000	7.73710E+002	7.75512E+002	1.80240E+000	5.67511E-001	7.99700E-001	1.73300E-009	1.67450E-009	4.77800E-010
238	10	21	1	1.33000E-002	-2.70000E-003	-3.00000E-003	5.42630E-009	1.60000E-009	1.07730E-009	3.47920E+000	7.55960E+002	7.57450E+002	1.49060E+000	5.74202E-001	8.00200E-001	1.42160E-009	1.55040E-009	1.48010E-009
242	12	21	1	1.32000E-002	-2.70000E-003	-3.00000E-003	6.99540E-009	1.60000E-009	6.27600E-010	3.47270E+000	7.60198E+002	7.61817E+002	1.61920E+000	5.77875E-001	8.00400E-001	1.50820E-009	1.71660E-009	1.27400E-009
246	14	21	1	1.32000E-002	-2.70000E-003	-3.00000E-003	6.69090E-009	1.80000E-009	4.96500E-010	3.45560E+000	7.62650E+002	7.63919E+002	1.26930E+000	5.70781E-001	8.00100E-001	1.87360E-009	1.67450E-009	1.46140E-009
250	16	21	1	1.32000E-002	-2.70000E-003	-2.90000E-003	6.28110E-009	1.60000E-009	6.74500E-010	3.44930E+000	7.66383E+002	7.67914E+002	1.53100E+000	5.66668E-001	7.99400E-001	1.55740E-009	1.79860E-009	1.51760E-009
254	18	21	1	1.32000E-002	-2.70000E-003	-3.00000E-003	6.44740E-009	1.30000E-009	2.07960E-009	3.48150E+000	7.71941E+002	7.73478E+002	1.53690E+000	5.73209E-001	8.00300E-001	1.60420E-009	1.86650E-009	1.39580E-009
258	20	21	1	1.32000E-002	-2.70000E-003	-3.00000E-003	5.55510E-009	1.70000E-009	6.27600E-010	3.47470E+000	7.67945E+002	7.69508E+002	1.56290E+000	5.68094E-001	8.00300E-001	1.75410E-009	1.57140E-009	1.96700E-010
262	22	21	1	1.32000E-002	-2.70000E-003	-3.00000E-003	3.89000E-009	1.60000E-009	4.97430E-009	3.48050E+000	7.79003E+002	7.80494E+002	1.49160E+000	5.68936E-001	8.00700E-001	1.40980E-009	1.74240E-009	2.66980E-009
269	22	23	1	1.32000E-002	-2.70000E-003	-3.00000E-003	3.63000E-009	1.70000E-009	3.80330E-009	3.47490E+000	7.83352E+002	7.85274E+002	1.92200E+000	5.58846E-001	7.99400E-001	1.64170E-009	1.69090E-009	1.92040E-009
273	20	23	1	1.32000E-002	-2.60000E-003	-3.00000E-003	4.77760E-009	1.60000E-009	1.22720E-009	3.47040E+000	7.72690E+002	7.74139E+002	1.44890E+000	5.70863E-001	8.00200E-001	1.20840E-009	1.76820E-009	2.00470E-009
277	18	23	1	1.33000E-002	-2.70000E-003	-3.00000E-003	5.64170E-009	1.60000E-009	4.77800E-010	3.47230E+000	7.71513E+002	7.73182E+002	1.66950E+000	5.69165E-001	7.99700E-001	1.58550E-009	1.89230E-009	9.36800E-010
281	16	23	1	1.32000E-002	-2.60000E-003	-3.00000E-003	6.28340E-009	1.60000E-009	2.99800E-010	3.46210E+000	7.69027E+002	7.70328E+002	1.30080E+000	5.73854E-001	7.99500E-001	1.58780E-009	1.53870E-009	9.64900E-010
285	14	23	1	1.32000E-002	-2.60000E-003	-3.00000E-003	6.25770E-009	1.70000E-009	3.27900E-010	3.45930E+000	7.65829E+002	7.67726E+002	1.89780E+000	5.76219E-001	8.00400E-001	1.68620E-009	1.81970E-009	2.15500E-010
289	12	23	1	1.32000E-002	-2.70000E-003	-3.00000E-003	6.19680E-009	1.80000E-009	1.14290E-009	3.46270E+000	7.57035E+002	7.58497E+002	1.46180E+000	5.77915E-001	7.99700E-001	1.68620E-009	1.75650E-009	1.41450E-009
293	10	23	1	1.32000E-002	-2.70000E-003	-3.00000E-003	5.32790E-009	1.50000E-009	1.49880E-009	3.46720E+000	7.60281E+002	7.61695E+002	1.41460E+000	5.76589E-001	7.99200E-001	1.45430E-009	1.89930E-009	7.11900E-010
297	8	23	1	1.32000E-002	-2.70000E-003	-3.00000E-003	4.25060E-009	1.70000E-009	1.71430E-009	3.47140E+000	7.75622E+002	7.77499E+002	1.87700E+000	5.58547E-001	7.99200E-001	1.52690E-009	1.84080E-009	1.01170E-009
299	8	25	1	1.35000E-002	-2.90000E-003	-3.20000E-003	4.50120E-009	1.40000E-009	3.18500E-010	3.52660E+000	7.44134E+002	7.48057E+002	3.92320E+000	5.66035E-001	8.01100E-001	2.03280E-009	1.58320E-009	2.06100E-010
303	10	25	1	1.33000E-002	-2.70000E-003	-3.10000E-003	4.46840E-009	1.50000E-009	5.05900E-010	3.46670E+000	7.80438E+002	7.81647E+002	1.20940E+000	5.61436E-001	7.99300E-001	1.62060E-009	1.71900E-009	9.37000E-011
307	12	25	1	1.32000E-002	-2.70000E-003	-3.00000E-003	5.19680E-009	1.50000E-009	4.96500E-010	3.46180E+000	7.66007E+002	7.67590E+002	1.58230E+000	5.80626E-001	7.99800E-001	1.30680E-009	1.68390E-009	9.27400E-010
311	14	25	1	1.32000E-002	-2.70000E-003	-3.00000E-003	5.39820E-009	1.70000E-009	2.01410E-009	3.46370E+000	7.62290E+002	7.63873E+002	1.58260E+000	5.84077E-001	8.00600E-001	1.56440E-009	1.66280E-009	1.29280E-009
315	16	25	1	1.32000E-002	-2.70000E-003	-3.00000E-003	5.00940E-009	1.40000E-009	4.02800E-010	3.46540E+000	7.65902E+002	7.67803E+002	1.90110E+000	5.74912E-001	7.99900E-001	1.68620E-009	1.39350E-009	9.37000E-011
319	18	25	1	1.32000E-002	-2.70000E-003	-3.00000E-003	4.42160E-009	1.70000E-009	1.83610E-009	3.47640E+000	7.75116E+002	7.76817E+002	1.70160E+000	5.72094E-001	8.00200E-001	1.88060E-009	1.74940E-009	1.47070E-009
323	20	25	1	1.32000E-002	-2.70000E-003	-3.00000E-003	4.14760E-009	1.70000E-009	1.11480E-009	3.46910E+000	7.80224E+002	7.81844E+002	1.62010E+000	5.67215E-001	7.98900E-001	1.57610E-009	1.59720E-009	1.42390E-009
333	18	27	1	1.32000E-002	-2.70000E-003	-3.00000E-003	4.07730E-009	1.60000E-009	1.39580E-009	3.48060E+000	7.81008E+002	7.83259E+002	2.25150E+000	5.58990E-001	7.99300E-001	1.48950E-009	1.52460E-009	9.55500E-010
337	16	27	1	1.32000E-002	-2.70000E-003	-3.00000E-003	3.75650E-009	1.70000E-009	4.40300E-010	3.47910E+000	7.79436E+002	7.81737E+002	2.30160E+000	5.69359E-001	8.00700E-001	1.44500E-009	1.67450E-009	4.02800E-010
341	14	27	1	1.32000E-002	-2.70000E-003	-3.00000E-003	4.14990E-009	1.60000E-009	2.35130E-009	3.46920E+000	7.79881E+002	7.82472E+002	2.59100E+000	5.71613E-001	8.00500E-001	1.48480E-009	1.79630E-009	8.24400E-010
345	12	27	1	1.32000E-002	-2.70000E-003	-3.00000E-003	4.89470E-009	1.50000E-009	1.48010E-009	3.46380E+000	7.79257E+002	7.79865E+002	6.07800E-001	5.55851E-001	7.98900E-001	1.55970E-009	1.52230E-009	8.05600E-010
348	10	27	1	1.31000E-002	-2.80000E-003	-3.20000E-003	4.04220E-009	1.50000E-009	1.18030E-009	3.50500E+000	7.44755E+002	7.48188E+002	3.43320E+000	5.70162E-001	8.01400E-001	1.96490E-009	1.59950E-009	1.64870E-009

