Program name	H0192AB_E4_CP1.dll
Lot number	C146419.00-CPTSTE07-250312-163813@CP
Wafer number	02
Date	2025/03/12
Time	16:41:10

No.U	X	Y	Bin	CONT@D	CONT@G	CONT@S	IGSS1	IGSSR1	IDSS1	VTH	BVDSS1	BVDSS2	BV2-BV1	RDSON1	VFSDS	IGSS2	IGSSR2	IDSS3
LimitU				0.5V	0.5V	0.5V	80nA	3uA	200nA	4V	900V	900V	50V	640mohm	1V	80nA	80nA	150nA
LimitL				-0.5V	-0.5V	-0.5V	0nA	0uA	0nA	3V	700V	700V	-10V	0mohm	0V	0nA	0nA	0nA
Bias 1				 	 	 	 	 	 	100uA	250uA	1mA	 	1A	 	 	 	 
Bias 2				 	 	 	 	 	 	 	 	 	 	 	2A	 	 	 
Bias 3				2V	 	 	 	 	700V	 	 	 	 	 	 	 	 	600V
Bias 4				 	2V	 	30V	-30V	 	 	 	 	 	10V	0V	20V	-20V	 
Bias 5				1000uS	8000uS	8000uS	12000uS	12000uS	10000uS	2000uS	10000uS	8000uS	1000uS	50000uS	5000uS	12000uS	12000uS	10000uS
Bias 6				 	 	 	 	 	 	 	 	 	 	 	 	 	 	 
3	17	6	1	1.32000E-002	1.20000E-003	9.00000E-004	3.32780E-009	1.40000E-009	3.88760E-009	3.49960E+000	7.39446E+002	7.42383E+002	2.93670E+000	5.85009E-001	7.97000E-001	7.40000E-010	1.88990E-009	1.04920E-009
7	15	6	1	1.32000E-002	1.20000E-003	1.00000E-003	3.39810E-009	1.60000E-009	5.53630E-009	3.50020E+000	7.48608E+002	7.51206E+002	2.59780E+000	5.84971E-001	7.97500E-001	1.18270E-009	1.86880E-009	4.12200E-010
11	13	6	1	1.32000E-002	1.20000E-003	9.00000E-004	3.67910E-009	1.30000E-009	8.19670E-009	3.52880E+000	7.38612E+002	7.42755E+002	4.14290E+000	5.76719E-001	7.98900E-001	1.14750E-009	1.91570E-009	2.03280E-009
20	9	8	5	1.31000E-002	1.20000E-003	9.00000E-004	2.82670E-009	1.30000E-009	1.38100E-005
24	11	8	1	1.31000E-002	1.20000E-003	9.00000E-004	3.26460E-009	1.50000E-009	1.24590E-009	3.47730E+000	7.78136E+002	7.80370E+002	2.23320E+000	5.57184E-001	7.95900E-001	1.16860E-009	1.92040E-009	3.58780E-009
28	13	8	1	1.32000E-002	1.20000E-003	9.00000E-004	3.89220E-009	1.80000E-009	2.48240E-009	3.46150E+000	7.80097E+002	7.82240E+002	2.14290E+000	5.72276E-001	7.96000E-001	1.30210E-009	1.91800E-009	1.68600E-010
32	15	8	1	1.32000E-002	1.20000E-003	9.00000E-004	3.92740E-009	1.40000E-009	6.27600E-010	3.46520E+000	7.65624E+002	7.67357E+002	1.73330E+000	5.84217E-001	7.96200E-001	9.67200E-010	1.73070E-009	1.71430E-009
36	17	8	1	1.32000E-002	1.30000E-003	1.00000E-003	3.78690E-009	1.70000E-009	3.01640E-009	3.45710E+000	7.72373E+002	7.74470E+002	2.09650E+000	5.78822E-001	7.96300E-001	1.10540E-009	2.00000E-009	2.96950E-009
40	19	8	1	1.32000E-002	1.20000E-003	1.00000E-003	4.02810E-009	1.40000E-009	6.10770E-009	3.44210E+000	7.77834E+002	7.78600E+002	7.65700E-001	5.67775E-001	7.95900E-001	1.22010E-009	1.72600E-009	2.22010E-009
45	21	10	1	1.32000E-002	1.30000E-003	9.00000E-004	3.56670E-009	1.60000E-009	1.69550E-009	3.45350E+000	7.81144E+002	7.83101E+002	1.95690E+000	5.61090E-001	7.95500E-001	1.04920E-009	1.93910E-009	1.70490E-009
49	19	10	1	1.32000E-002	1.20000E-003	1.00000E-003	4.30910E-009	1.70000E-009	1.12599E-008	3.46080E+000	7.58629E+002	7.60391E+002	1.76140E+000	5.84448E-001	7.96000E-001	1.17330E-009	1.97890E-009	1.88290E-009
53	17	10	1	1.32000E-002	1.20000E-003	9.00000E-004	5.05380E-009	1.30000E-009	4.28100E-009	3.46370E+000	7.49493E+002	7.51516E+002	2.02300E+000	5.92622E-001	7.96200E-001	8.92300E-010	1.75640E-009	2.91330E-009
57	15	10	1	1.32000E-002	1.30000E-003	9.00000E-004	5.44020E-009	1.60000E-009	3.37230E-009	3.46700E+000	7.42133E+002	7.43874E+002	1.74090E+000	5.98911E-001	7.97000E-001	1.15920E-009	1.77980E-009	1.80800E-009
61	13	10	1	1.32000E-002	1.30000E-003	1.00000E-003	4.87580E-009	1.70000E-009	3.20370E-009	3.47370E+000	7.54502E+002	7.56486E+002	1.98360E+000	5.88125E-001	7.96500E-001	1.47310E-009	1.67910E-009	1.94850E-009
65	11	10	1	1.31000E-002	1.30000E-003	1.00000E-003	3.77050E-009	1.50000E-009	7.60650E-009	3.47910E+000	7.71346E+002	7.73057E+002	1.71060E+000	5.76869E-001	7.96600E-001	1.03750E-009	2.01170E-009	1.58310E-009
69	9	10	1	1.32000E-002	1.30000E-003	1.00000E-003	3.60420E-009	1.80000E-009	1.50820E-009	3.47250E+000	7.77892E+002	7.79851E+002	1.95910E+000	5.58872E-001	7.95900E-001	1.31380E-009	2.05390E-009	1.63000E-009
73	7	10	3	1.32000E-002	1.20000E-003	9.00000E-004	1.38690E-005
79	7	12	1	1.32000E-002	1.20000E-003	9.00000E-004	3.41920E-009	1.70000E-009	1.04920E-009	3.50450E+000	7.60669E+002	7.63176E+002	2.50740E+000	5.67535E-001	7.96300E-001	1.19440E-009	1.89690E-009	7.21300E-010
83	9	12	1	1.32000E-002	1.30000E-003	1.00000E-003	3.85480E-009	1.40000E-009	1.00327E-008	3.47430E+000	7.76470E+002	7.77959E+002	1.48870E+000	5.70115E-001	7.96600E-001	8.85200E-010	1.78920E-009	1.33020E-009
87	11	12	1	1.32000E-002	1.20000E-003	9.00000E-004	5.22950E-009	1.40000E-009	6.49180E-009	3.47680E+000	7.56119E+002	7.57704E+002	1.58550E+000	5.85455E-001	7.96700E-001	1.26700E-009	2.00700E-009	1.06790E-009
91	13	12	1	1.33000E-002	1.30000E-003	9.00000E-004	6.04210E-009	1.50000E-009	1.61120E-009	3.48300E+000	7.47663E+002	7.49540E+002	1.87620E+000	5.87773E-001	7.96300E-001	1.04450E-009	1.76110E-009	1.93910E-009
95	15	12	1	1.32000E-002	1.30000E-003	9.00000E-004	6.34420E-009	1.80000E-009	2.06090E-009	3.47650E+000	7.44183E+002	7.45770E+002	1.58660E+000	5.94630E-001	7.96400E-001	1.12880E-009	1.91330E-009	1.93910E-009
99	17	12	1	1.32000E-002	1.30000E-003	9.00000E-004	6.36530E-009	1.50000E-009	3.04450E-009	3.45880E+000	7.46043E+002	7.47756E+002	1.71240E+000	5.88035E-001	7.96300E-001	1.26230E-009	1.65340E-009	2.33250E-009
103	19	12	1	1.32000E-002	1.30000E-003	9.00000E-004	5.40040E-009	1.40000E-009	9.07720E-009	3.45810E+000	7.52703E+002	7.54430E+002	1.72710E+000	5.84821E-001	7.96800E-001	1.14990E-009	1.90630E-009	2.62290E-009
107	21	12	1	1.32000E-002	1.30000E-003	1.00000E-003	3.88760E-009	1.80000E-009	9.90160E-009	3.46120E+000	7.70315E+002	7.71818E+002	1.50320E+000	5.73573E-001	7.96800E-001	1.31620E-009	1.77520E-009	1.68600E-010
111	23	12	1	1.31000E-002	1.20000E-003	9.00000E-004	3.38410E-009	1.60000E-009	4.41210E-009	3.47180E+000	7.77375E+002	7.79260E+002	1.88460E+000	5.45512E-001	7.96700E-001	1.26700E-009	1.90160E-009	1.77050E-009
113	23	14	1	1.31000E-002	1.30000E-003	1.00000E-003	3.24120E-009	1.60000E-009	2.01400E-009	3.46850E+000	7.81594E+002	7.85104E+002	3.51010E+000	5.49464E-001	7.97300E-001	1.32320E-009	1.87350E-009	1.84540E-009
117	21	14	1	1.32000E-002	1.30000E-003	1.00000E-003	4.15690E-009	1.50000E-009	2.22950E-009	3.46070E+000	7.63688E+002	7.65475E+002	1.78760E+000	5.70025E-001	7.97400E-001	1.22720E-009	1.75410E-009	2.32320E-009
121	19	14	1	1.32000E-002	1.20000E-003	1.00000E-003	6.03270E-009	1.80000E-009	7.25050E-009	3.46500E+000	7.50618E+002	7.52255E+002	1.63630E+000	5.78053E-001	7.97000E-001	1.29740E-009	1.86880E-009	4.40300E-010
125	17	14	1	1.32000E-002	1.30000E-003	1.00000E-003	6.40510E-009	1.60000E-009	2.21080E-009	3.45950E+000	7.57599E+002	7.59517E+002	1.91740E+000	5.81735E-001	7.95800E-001	1.22010E-009	1.84540E-009	2.88520E-009
129	15	14	1	1.31000E-002	1.20000E-003	1.00000E-003	6.30210E-009	1.60000E-009	1.24590E-009	3.45140E+000	7.54216E+002	7.55654E+002	1.43860E+000	5.83526E-001	7.95900E-001	1.18270E-009	1.83840E-009	2.81030E-009
133	13	14	1	1.32000E-002	1.30000E-003	1.00000E-003	6.44490E-009	1.60000E-009	2.49180E-009	3.47640E+000	7.48166E+002	7.49827E+002	1.66130E+000	5.86891E-001	7.96900E-001	9.88300E-010	1.87820E-009	2.53860E-009
137	11	14	1	1.32000E-002	1.30000E-003	9.00000E-004	5.77750E-009	1.60000E-009	7.05380E-009	3.47860E+000	7.54412E+002	7.56034E+002	1.62140E+000	5.75913E-001	7.96600E-001	1.38640E-009	1.85710E-009	1.21800E-010
141	9	14	1	1.32000E-002	1.30000E-003	1.00000E-003	4.41680E-009	1.50000E-009	1.11287E-008	3.47240E+000	7.60999E+002	7.62450E+002	1.45080E+000	5.77897E-001	7.96200E-001	1.01640E-009	1.87350E-009	4.59000E-010
145	7	14	1	1.32000E-002	1.30000E-003	1.00000E-003	3.68150E-009	1.80000E-009	4.17800E-009	3.48080E+000	7.75326E+002	7.79067E+002	3.74120E+000	5.60977E-001	7.96200E-001	1.34660E-009	1.62060E-009	3.37200E-010
151	5	16	3	1.32000E-002	1.30000E-003	9.00000E-004	1.38690E-005
155	7	16	1	1.32000E-002	1.20000E-003	9.00000E-004	3.75640E-009	1.50000E-009	3.96250E-009	3.47260E+000	7.83178E+002	7.85096E+002	1.91800E+000	5.65120E-001	7.96600E-001	1.19200E-009	1.77050E-009	1.18970E-009
159	9	16	1	1.33000E-002	1.30000E-003	9.00000E-004	4.92500E-009	1.50000E-009	7.69080E-009	3.47660E+000	7.47678E+002	7.49482E+002	1.80400E+000	5.86840E-001	7.98000E-001	1.50350E-009	1.79160E-009	3.37200E-010
163	11	16	1	1.32000E-002	1.20000E-003	1.00000E-003	5.55270E-009	1.50000E-009	8.46830E-009	3.49220E+000	7.57005E+002	7.59071E+002	2.06610E+000	5.76248E-001	7.96600E-001	9.88300E-010	1.81970E-009	1.30210E-009
167	13	16	1	1.32000E-002	1.30000E-003	9.00000E-004	6.71420E-009	1.70000E-009	4.12200E-010	3.46460E+000	7.58342E+002	7.60269E+002	1.92720E+000	5.76563E-001	7.96500E-001	1.06090E-009	1.89930E-009	2.87590E-009
171	15	16	1	1.32000E-002	1.20000E-003	1.00000E-003	6.36760E-009	1.40000E-009	9.93000E-010	3.44680E+000	7.55717E+002	7.57327E+002	1.61010E+000	5.73682E-001	7.96900E-001	9.81300E-010	1.87350E-009	2.59480E-009
175	17	16	1	1.32000E-002	1.20000E-003	9.00000E-004	6.19200E-009	1.70000E-009	1.22720E-009	3.44700E+000	7.58826E+002	7.60654E+002	1.82860E+000	5.72420E-001	7.96200E-001	1.30440E-009	1.99300E-009	2.51990E-009
179	19	16	1	1.32000E-002	1.30000E-003	1.00000E-003	6.03740E-009	1.50000E-009	4.69320E-009	3.46300E+000	7.52892E+002	7.54524E+002	1.63200E+000	5.79207E-001	7.97700E-001	9.64900E-010	1.92500E-009	2.01400E-009
183	21	16	1	1.32000E-002	1.30000E-003	1.00000E-003	5.32780E-009	1.70000E-009	2.27630E-009	3.47520E+000	7.63429E+002	7.65294E+002	1.86550E+000	5.76938E-001	7.97600E-001	1.35600E-009	1.92500E-009	1.68620E-009
187	23	16	1	1.32000E-002	1.20000E-003	9.00000E-004	3.44260E-009	1.20000E-009	1.87350E-009	3.47380E+000	7.87937E+002	7.89518E+002	1.58130E+000	5.62583E-001	7.97800E-001	1.06090E-009	1.76580E-009	1.74240E-009
191	23	18	1	1.32000E-002	1.30000E-003	1.00000E-003	3.52460E-009	1.80000E-009	1.17100E-009	3.47490E+000	7.89561E+002	7.91010E+002	1.44930E+000	5.65005E-001	7.97800E-001	1.32550E-009	1.87120E-009	1.43320E-009
195	21	18	1	1.32000E-002	1.30000E-003	9.00000E-004	5.10770E-009	1.50000E-009	2.45430E-009	3.46870E+000	7.66956E+002	7.68917E+002	1.96090E+000	5.76360E-001	7.97500E-001	1.15220E-009	1.52930E-009	8.99300E-010
199	19	18	1	1.32000E-002	1.30000E-003	1.00000E-003	5.83600E-009	1.70000E-009	6.83840E-009	3.45210E+000	7.60971E+002	7.62488E+002	1.51710E+000	5.77999E-001	7.98100E-001	1.22480E-009	1.80800E-009	9.08700E-010
203	17	18	1	1.32000E-002	1.30000E-003	1.00000E-003	6.02100E-009	1.60000E-009	3.64400E-009	3.44300E+000	7.65286E+002	7.66730E+002	1.44420E+000	5.68740E-001	7.95500E-001	1.03040E-009	1.78690E-009	1.44260E-009
207	15	18	1	1.32000E-002	1.20000E-003	1.00000E-003	6.70960E-009	1.60000E-009	1.48010E-009	3.44520E+000	7.52471E+002	7.54737E+002	2.26620E+000	5.60319E-001	7.95600E-001	1.00700E-009	1.62290E-009	2.79160E-009
211	13	18	1	1.32000E-002	1.30000E-003	9.00000E-004	6.40040E-009	1.60000E-009	2.20140E-009	3.45950E+000	7.64055E+002	7.65462E+002	1.40660E+000	5.73775E-001	7.95700E-001	1.24590E-009	1.81260E-009	1.35830E-009
215	11	18	1	1.32000E-002	1.30000E-003	9.00000E-004	6.30440E-009	1.70000E-009	7.75640E-009	3.49140E+000	7.62597E+002	7.64324E+002	1.72690E+000	5.77948E-001	7.97100E-001	1.17560E-009	1.88520E-009	4.30900E-010
219	9	18	1	1.32000E-002	1.30000E-003	9.00000E-004	4.70490E-009	1.20000E-009	6.69780E-009	3.46470E+000	7.48454E+002	7.50604E+002	2.15030E+000	5.86454E-001	7.97400E-001	8.17300E-010	1.76350E-009	1.67680E-009
223	7	18	1	1.32000E-002	1.30000E-003	9.00000E-004	3.43090E-009	1.50000E-009	3.38170E-009	3.47260E+000	7.81094E+002	7.82550E+002	1.45600E+000	5.65683E-001	7.97100E-001	1.02110E-009	1.73300E-009	1.02110E-009
231	7	20	1	1.32000E-002	1.20000E-003	9.00000E-004	3.45670E-009	1.50000E-009	4.65570E-009	3.45800E+000	7.80298E+002	7.81710E+002	1.41200E+000	5.66577E-001	7.96700E-001	1.07260E-009	1.82670E-009	1.53630E-009
235	9	20	1	1.31000E-002	1.20000E-003	1.00000E-003	4.36060E-009	1.40000E-009	8.43090E-009	3.46610E+000	7.57220E+002	7.58756E+002	1.53640E+000	5.85639E-001	7.95900E-001	1.01400E-009	1.70260E-009	2.06100E-010
239	11	20	1	1.31000E-002	1.30000E-003	1.00000E-003	5.87120E-009	1.40000E-009	5.74240E-009	3.48210E+000	7.62541E+002	7.65361E+002	2.81990E+000	5.75957E-001	7.96400E-001	1.32080E-009	1.96950E-009	1.58310E-009
243	13	20	1	1.32000E-002	1.20000E-003	9.00000E-004	6.39340E-009	1.60000E-009	2.22010E-009	3.46010E+000	7.58581E+002	7.60144E+002	1.56310E+000	5.83216E-001	7.96400E-001	1.10540E-009	1.77520E-009	2.43560E-009
247	15	20	1	1.32000E-002	1.30000E-003	1.00000E-003	6.13580E-009	1.60000E-009	2.10770E-009	3.44120E+000	7.59430E+002	7.61115E+002	1.68460E+000	5.78071E-001	7.96600E-001	8.12600E-010	1.85240E-009	2.21080E-009
251	17	20	1	1.32000E-002	1.30000E-003	1.00000E-003	6.35360E-009	1.50000E-009	6.23880E-009	3.43600E+000	7.59512E+002	7.61142E+002	1.63000E+000	5.75008E-001	7.95600E-001	1.26700E-009	1.98130E-009	2.07960E-009
255	19	20	1	1.32000E-002	1.30000E-003	1.00000E-003	6.56200E-009	1.60000E-009	3.91570E-009	3.46340E+000	7.58996E+002	7.60477E+002	1.48180E+000	5.81780E-001	7.98000E-001	1.20610E-009	1.43790E-009	2.62290E-009
259	21	20	1	1.32000E-002	1.30000E-003	1.00000E-003	4.46130E-009	1.70000E-009	3.37200E-010	3.46480E+000	7.69211E+002	7.71175E+002	1.96380E+000	5.77020E-001	7.97800E-001	1.06560E-009	1.95310E-009	2.55740E-009
263	23	20	1	1.31000E-002	1.30000E-003	9.00000E-004	3.88050E-009	1.50000E-009	1.03040E-009	3.47080E+000	7.91488E+002	7.93394E+002	1.90530E+000	5.59934E-001	7.98200E-001	1.45430E-009	1.80560E-009	1.32080E-009
265	23	22	1	1.32000E-002	1.20000E-003	8.00000E-004	4.33720E-009	1.40000E-009	3.31610E-009	3.44310E+000	7.86581E+002	7.88546E+002	1.96440E+000	5.51729E-001	7.97700E-001	1.95310E-009	1.54570E-009	9.83600E-010
266	21	22	1	1.32000E-002	1.30000E-003	1.00000E-003	4.47070E-009	1.20000E-009	1.74240E-009	3.46110E+000	7.72861E+002	7.74560E+002	1.69870E+000	5.77019E-001	7.98000E-001	8.36100E-010	1.68380E-009	6.55700E-010
270	19	22	1	1.31000E-002	1.30000E-003	1.00000E-003	5.41920E-009	1.50000E-009	3.37230E-009	3.45640E+000	7.56195E+002	7.57854E+002	1.65820E+000	5.77608E-001	7.98100E-001	9.88300E-010	1.76110E-009	2.34190E-009
274	17	22	1	1.32000E-002	1.30000E-003	9.00000E-004	6.53390E-009	1.60000E-009	5.03040E-009	3.46360E+000	7.60327E+002	7.61869E+002	1.54140E+000	5.79633E-001	7.97400E-001	1.26460E-009	1.75640E-009	3.56000E-010
278	15	22	1	1.32000E-002	1.30000E-003	1.00000E-003	6.14980E-009	1.60000E-009	3.88760E-009	3.45620E+000	7.54594E+002	7.56211E+002	1.61720E+000	5.83619E-001	7.96000E-001	1.17330E-009	1.87820E-009	1.35830E-009
282	13	22	1	1.31000E-002	1.30000E-003	9.00000E-004	6.40750E-009	1.80000E-009	2.17330E-009	3.47280E+000	7.52030E+002	7.53544E+002	1.51390E+000	5.86942E-001	7.96200E-001	1.18270E-009	1.79390E-009	1.18970E-009
286	11	22	1	1.32000E-002	1.30000E-003	9.00000E-004	5.47070E-009	1.50000E-009	9.54560E-009	3.47550E+000	7.53102E+002	7.54704E+002	1.60170E+000	5.82964E-001	7.96200E-001	1.02580E-009	1.91100E-009	9.08700E-010
290	9	22	1	1.32000E-002	1.30000E-003	1.00000E-003	4.06550E-009	1.70000E-009	4.40300E-010	3.47140E+000	7.67338E+002	7.68835E+002	1.49690E+000	5.81744E-001	7.95700E-001	1.39110E-009	1.88520E-009	2.87590E-009
294	7	22	1	1.33000E-002	1.30000E-003	1.00000E-003	2.70720E-009	1.60000E-009	3.10070E-009	3.49570E+000	7.75715E+002	7.77616E+002	1.90080E+000	5.67129E-001	7.96900E-001	1.07260E-009	1.91100E-009	2.03280E-009
300	9	24	1	1.32000E-002	1.20000E-003	9.00000E-004	4.00230E-009	1.60000E-009	1.97660E-009	3.46480E+000	7.84242E+002	7.86245E+002	2.00280E+000	5.67357E-001	7.95600E-001	9.88300E-010	1.74000E-009	1.35830E-009
304	11	24	1	1.32000E-002	1.20000E-003	9.00000E-004	4.94610E-009	1.80000E-009	4.74940E-009	3.46240E+000	7.64015E+002	7.65538E+002	1.52270E+000	5.83059E-001	7.95800E-001	1.18730E-009	2.01400E-009	2.14520E-009
308	13	24	1	1.32000E-002	1.20000E-003	1.00000E-003	5.40510E-009	1.30000E-009	1.25058E-008	3.47260E+000	7.56204E+002	7.58309E+002	2.10520E+000	5.82796E-001	7.97200E-001	1.00700E-009	1.84780E-009	1.48950E-009
312	15	24	1	1.31000E-002	1.20000E-003	1.00000E-003	5.57840E-009	1.70000E-009	1.04355E-008	3.46150E+000	7.57224E+002	7.58680E+002	1.45680E+000	5.74911E-001	7.97100E-001	1.32320E-009	1.92970E-009	9.18000E-010
316	17	24	1	1.32000E-002	1.20000E-003	9.00000E-004	5.29040E-009	1.40000E-009	5.79860E-009	3.46780E+000	7.57202E+002	7.58985E+002	1.78280E+000	5.79937E-001	7.98000E-001	1.14050E-009	1.93910E-009	1.48010E-009
320	19	24	1	1.31000E-002	1.30000E-003	1.00000E-003	4.56440E-009	1.50000E-009	3.88760E-009	3.45990E+000	7.63079E+002	7.64694E+002	1.61410E+000	5.81886E-001	7.98500E-001	1.03750E-009	1.86420E-009	1.65810E-009
324	21	24	1	1.34000E-002	1.30000E-003	1.00000E-003	3.98120E-009	1.70000E-009	2.50120E-009	3.46300E+000	7.83233E+002	7.85113E+002	1.87980E+000	5.66781E-001	7.98200E-001	1.31850E-009	1.98830E-009	2.91330E-009
327	19	26	1	1.32000E-002	1.30000E-003	9.00000E-004	4.19900E-009	1.50000E-009	9.27400E-010	3.45450E+000	7.83520E+002	7.85468E+002	1.94870E+000	5.67455E-001	7.98200E-001	1.44260E-009	1.96020E-009	1.91100E-009
330	17	26	1	1.31000E-002	1.30000E-003	9.00000E-004	3.89220E-009	1.50000E-009	4.77750E-009	3.45180E+000	7.70046E+002	7.71822E+002	1.77610E+000	5.77060E-001	7.98600E-001	1.19910E-009	1.99530E-009	8.52500E-010
334	15	26	1	1.32000E-002	1.30000E-003	9.00000E-004	3.85010E-009	1.50000E-009	4.52460E-009	3.44960E+000	7.63578E+002	7.65391E+002	1.81330E+000	5.74139E-001	7.98500E-001	1.31620E-009	1.62760E-009	2.30440E-009
338	13	26	1	1.33000E-002	1.30000E-003	1.00000E-003	4.37470E-009	1.60000E-009	1.50819E-008	3.46160E+000	7.69072E+002	7.70874E+002	1.80190E+000	5.77460E-001	7.97400E-001	1.03510E-009	1.85010E-009	6.55700E-010
342	11	26	1	1.32000E-002	1.30000E-003	1.00000E-003	4.39810E-009	1.50000E-009	3.47540E-009	3.45760E+000	7.86453E+002	7.88474E+002	2.02200E+000	5.60664E-001	7.95800E-001	1.20610E-009	1.79860E-009	5.34000E-010
346	9	26	1	1.31000E-002	1.30000E-003	9.00000E-004	3.52460E-009	1.70000E-009	2.67910E-009	3.49900E+000	7.57676E+002	7.60966E+002	3.29050E+000	5.76074E-001	7.97600E-001	1.53390E-009	1.85710E-009	2.46370E-009
350	13	28	1	1.35000E-002	1.20000E-003	9.00000E-004	3.58780E-009	1.50000E-009	4.93670E-009	3.46510E+000	7.78520E+002	7.80656E+002	2.13660E+000	5.60732E-001	7.97900E-001	2.27630E-009	1.75410E-009	4.21500E-010
352	15	28	1	1.34000E-002	1.20000E-003	9.00000E-004	3.55500E-009	1.50000E-009	5.62990E-009	3.45070E+000	7.80429E+002	7.82469E+002	2.04010E+000	5.60371E-001	7.98200E-001	1.14520E-009	1.83370E-009	2.85710E-009
354	17	28	1	1.33000E-002	1.20000E-003	8.00000E-004	4.20840E-009	1.40000E-009	2.58550E-009	3.46310E+000	7.78349E+002	7.80608E+002	2.25900E+000	5.60894E-001	7.98700E-001	1.95780E-009	1.50350E-009	1.43320E-009

4	18	6	1	1.32000E-002	2.40000E-003	2.10000E-003	3.82390E-009	1.30000E-009	1.02094E-008	3.54650E+000	7.19013E+002	7.23594E+002	4.58090E+000	5.85801E-001	7.97500E-001	1.16610E-009	2.06060E-009	9.55400E-010
8	16	6	1	1.32000E-002	2.40000E-003	2.00000E-003	3.39530E-009	1.80000E-009	1.96700E-010	3.50170E+000	7.49213E+002	7.52060E+002	2.84660E+000	5.83218E-001	7.96500E-001	1.58760E-009	2.11680E-009	1.78000E-010
12	14	6	1	1.32000E-002	2.40000E-003	2.10000E-003	3.90820E-009	1.70000E-009	3.43750E-009	3.50380E+000	7.48121E+002	7.50416E+002	2.29500E+000	5.83017E-001	7.96700E-001	1.52440E-009	2.01850E-009	1.62980E-009
15	12	6	5	1.35000E-002	2.30000E-003	2.00000E-003	4.15870E-009	6.00000E-010	1.37820E-005
21	10	8	1	1.31000E-002	2.40000E-003	2.00000E-003	3.34380E-009	1.80000E-009	1.29260E-009	3.50720E+000	7.64575E+002	7.66403E+002	1.82800E+000	5.63252E-001	7.94900E-001	1.99510E-009	2.44700E-009	8.05500E-010
25	12	8	1	1.31000E-002	2.40000E-003	2.00000E-003	3.97840E-009	1.70000E-009	6.93120E-009	3.45420E+000	7.79776E+002	7.82211E+002	2.43520E+000	5.63843E-001	7.95000E-001	1.55010E-009	1.98800E-009	1.76090E-009
29	14	8	1	1.32000E-002	2.40000E-003	2.10000E-003	4.47950E-009	2.00000E-009	6.56000E-011	3.46730E+000	7.69163E+002	7.71045E+002	1.88200E+000	5.82293E-001	7.95400E-001	1.76790E-009	2.19640E-009	1.26450E-009
33	16	8	1	1.32000E-002	2.40000E-003	2.10000E-003	4.06270E-009	1.70000E-009	1.12400E-009	3.46260E+000	7.71138E+002	7.72824E+002	1.68590E+000	5.82836E-001	7.95200E-001	1.46580E-009	1.96930E-009	1.17080E-009
37	18	8	1	1.32000E-002	2.50000E-003	2.10000E-003	3.95730E-009	2.00000E-009	9.46000E-010	3.46850E+000	7.78781E+002	7.80564E+002	1.78260E+000	5.71388E-001	7.95500E-001	1.49390E-009	2.21280E-009	5.15200E-010
41	20	8	1	1.32000E-002	2.50000E-003	2.10000E-003	3.76300E-009	1.70000E-009	1.03030E-009	3.46910E+000	7.71779E+002	7.73386E+002	1.60660E+000	5.66432E-001	7.94900E-001	1.51970E-009	1.97160E-009	1.59230E-009
46	22	10	1	1.32000E-002	2.40000E-003	2.00000E-003	3.41410E-009	1.90000E-009	1.11460E-009	3.46920E+000	7.73200E+002	7.75217E+002	2.01680E+000	5.54771E-001	7.94500E-001	1.47290E-009	2.04190E-009	1.80770E-009
50	20	10	1	1.32000E-002	2.40000E-003	2.00000E-003	4.37880E-009	1.90000E-009	7.82100E-009	3.46220E+000	7.68662E+002	7.70234E+002	1.57190E+000	5.75734E-001	7.95200E-001	1.54550E-009	2.24090E-009	3.33450E-009
54	18	10	1	1.32000E-002	2.40000E-003	2.10000E-003	5.02740E-009	1.60000E-009	4.22430E-009	3.47340E+000	7.56314E+002	7.58328E+002	2.01440E+000	5.88018E-001	7.95200E-001	1.38620E-009	2.02320E-009	1.11460E-009
58	16	10	1	1.32000E-002	2.50000E-003	2.00000E-003	5.40440E-009	1.90000E-009	6.46300E-010	3.46440E+000	7.48573E+002	7.50491E+002	1.91770E+000	5.91802E-001	7.94900E-001	1.66490E-009	1.98570E-009	7.39900E-010
62	14	10	1	1.32000E-002	2.40000E-003	2.00000E-003	5.56600E-009	2.10000E-009	1.69530E-009	3.46800E+000	7.47112E+002	7.48892E+002	1.77980E+000	5.94644E-001	7.95200E-001	2.02320E-009	1.90370E-009	1.24570E-009
66	12	10	1	1.31000E-002	2.50000E-003	2.00000E-003	4.57790E-009	1.90000E-009	5.15200E-010	3.46980E+000	7.57801E+002	7.59476E+002	1.67420E+000	5.87720E-001	7.95000E-001	1.37450E-009	2.12620E-009	1.31130E-009
70	10	10	1	1.32000E-002	2.50000E-003	2.00000E-003	4.25710E-009	2.10000E-009	3.59670E-009	3.47500E+000	7.80045E+002	7.82026E+002	1.98050E+000	5.65437E-001	7.95100E-001	1.75390E-009	2.34860E-009	3.06280E-009
74	8	10	1	1.32000E-002	2.50000E-003	2.00000E-003	4.62230E-009	1.70000E-009	2.81000E-011	3.51460E+000	7.54161E+002	7.57090E+002	2.92840E+000	5.67148E-001	7.95900E-001	2.01140E-009	2.49850E-009	2.99700E-010
77	6	12	3	1.35000E-002	2.40000E-003	1.90000E-003	1.38560E-005
80	8	12	1	1.32000E-002	2.50000E-003	2.10000E-003	3.94090E-009	1.90000E-009	9.37000E-011	3.46870E+000	7.82819E+002	7.83169E+002	3.49700E-001	5.60066E-001	7.94700E-001	1.64850E-009	2.24090E-009	1.06780E-009
84	10	12	1	1.32000E-002	2.50000E-003	2.10000E-003	4.63640E-009	1.80000E-009	5.70420E-009	3.46460E+000	7.58914E+002	7.60565E+002	1.65080E+000	5.82046E-001	7.94900E-001	1.40730E-009	1.99040E-009	2.38840E-009
88	12	12	1	1.32000E-002	2.40000E-003	2.00000E-003	6.41840E-009	1.70000E-009	1.62040E-009	3.47650E+000	7.43392E+002	7.44959E+002	1.56740E+000	5.89675E-001	7.95200E-001	1.50570E-009	2.15900E-009	3.37200E-010
92	14	12	1	1.33000E-002	2.40000E-003	2.00000E-003	6.83050E-009	1.70000E-009	4.12100E-010	3.47110E+000	7.48273E+002	7.49960E+002	1.68750E+000	5.90474E-001	7.95500E-001	1.54080E-009	1.96930E-009	1.18950E-009
96	16	12	1	1.32000E-002	2.50000E-003	2.00000E-003	6.56120E-009	2.10000E-009	4.49600E-010	3.47250E+000	7.48578E+002	7.50215E+002	1.63650E+000	5.92721E-001	7.95400E-001	1.66720E-009	2.13790E-009	8.33600E-010
100	18	12	1	1.32000E-002	2.60000E-003	2.00000E-003	6.23340E-009	1.80000E-009	3.93390E-009	3.47630E+000	7.53333E+002	7.55083E+002	1.75000E+000	5.83518E-001	7.95500E-001	1.67660E-009	1.85460E-009	2.00440E-009
104	20	12	1	1.32000E-002	2.50000E-003	2.10000E-003	4.89400E-009	1.80000E-009	6.62210E-009	3.46120E+000	7.61091E+002	7.62915E+002	1.82400E+000	5.80460E-001	7.95900E-001	1.59230E-009	2.13790E-009	1.80770E-009
108	22	12	1	1.32000E-002	2.50000E-003	2.10000E-003	3.72550E-009	2.00000E-009	3.60610E-009	3.45980E+000	7.82431E+002	7.84296E+002	1.86430E+000	5.60011E-001	7.95700E-001	1.84520E-009	1.89200E-009	2.08870E-009
114	24	14	1	1.31000E-002	2.50000E-003	2.00000E-003	2.95280E-009	1.90000E-009	4.82370E-009	3.46040E+000	7.74019E+002	7.76167E+002	2.14870E+000	5.44781E-001	7.95400E-001	1.79130E-009	1.94820E-009	2.70690E-009
118	22	14	1	1.32000E-002	2.50000E-003	2.00000E-003	3.87070E-009	1.80000E-009	3.18500E-010	3.45350E+000	7.75726E+002	7.77652E+002	1.92560E+000	5.67882E-001	7.96800E-001	1.60870E-009	2.18470E-009	1.69530E-009
122	20	14	1	1.32000E-002	2.50000E-003	2.10000E-003	5.62220E-009	2.10000E-009	1.52670E-009	3.47040E+000	7.59206E+002	7.60925E+002	1.71850E+000	5.73400E-001	7.96400E-001	1.73280E-009	2.13090E-009	3.37200E-010
126	18	14	1	1.32000E-002	2.50000E-003	2.00000E-003	6.52370E-009	1.70000E-009	4.74880E-009	3.47470E+000	7.61739E+002	7.63383E+002	1.64490E+000	5.78850E-001	7.95700E-001	1.63680E-009	2.11920E-009	1.65790E-009
130	16	14	1	1.31000E-002	2.50000E-003	2.10000E-003	6.57990E-009	1.90000E-009	1.21800E-010	3.46030E+000	7.57846E+002	7.59761E+002	1.91510E+000	5.81538E-001	7.95100E-001	1.65080E-009	2.03490E-009	8.89800E-010
134	14	14	1	1.32000E-002	2.50000E-003	2.00000E-003	6.70400E-009	1.90000E-009	1.12400E-009	3.45410E+000	7.52351E+002	7.53764E+002	1.41250E+000	5.85942E-001	7.95300E-001	1.37220E-009	2.18710E-009	7.68000E-010
138	12	14	1	1.32000E-002	2.50000E-003	2.10000E-003	6.77430E-009	2.00000E-009	6.08800E-010	3.47560E+000	7.44046E+002	7.45628E+002	1.58150E+000	5.84458E-001	7.94900E-001	1.84520E-009	1.96930E-009	9.74100E-010
142	10	14	1	1.32000E-002	2.50000E-003	2.10000E-003	5.67610E-009	1.80000E-009	4.93610E-009	3.47450E+000	7.51299E+002	7.52854E+002	1.55450E+000	5.76937E-001	7.95100E-001	1.42840E-009	2.07940E-009	2.46340E-009
146	8	14	1	1.32000E-002	2.50000E-003	2.00000E-003	4.20320E-009	2.10000E-009	3.22210E-009	3.48210E+000	7.69960E+002	7.73543E+002	3.58280E+000	5.72278E-001	7.95800E-001	1.83820E-009	1.78430E-009	1.44240E-009
149	6	14	1	1.35000E-002	2.40000E-003	2.00000E-003	4.15170E-009	1.90000E-009	6.93120E-009	3.55610E+000	7.43501E+002	7.47502E+002	4.00070E+000	5.70094E-001	7.98600E-001	1.86160E-009	2.16600E-009	2.16370E-009
152	6	16	1	1.32000E-002	2.50000E-003	2.10000E-003	4.53570E-009	1.50000E-009	1.05840E-009	3.51310E+000	7.71112E+002	7.73127E+002	2.01530E+000	5.64608E-001	7.97900E-001	2.17770E-009	2.04660E-009	2.62300E-010
156	8	16	1	1.32000E-002	2.40000E-003	2.10000E-003	4.24070E-009	1.70000E-009	2.66940E-009	3.47250E+000	7.61791E+002	7.63624E+002	1.83320E+000	5.80943E-001	7.96500E-001	1.62740E-009	1.98570E-009	1.64850E-009
160	10	16	1	1.33000E-002	2.40000E-003	2.00000E-003	6.09520E-009	2.00000E-009	9.31030E-009	3.48190E+000	7.34777E+002	7.36747E+002	1.96960E+000	5.85801E-001	7.96200E-001	2.01380E-009	1.90140E-009	1.75150E-009
164	12	16	1	1.32000E-002	2.40000E-003	2.00000E-003	6.64320E-009	1.70000E-009	2.15400E-010	3.46600E+000	7.51329E+002	7.52974E+002	1.64490E+000	5.82233E-001	7.94700E-001	1.36280E-009	2.06060E-009	7.49300E-010
168	14	16	1	1.32000E-002	2.40000E-003	2.10000E-003	6.76020E-009	2.00000E-009	1.64850E-009	3.45030E+000	7.58725E+002	7.60508E+002	1.78300E+000	5.75661E-001	7.95100E-001	1.50330E-009	2.05590E-009	1.24570E-009
172	16	16	1	1.32000E-002	2.50000E-003	2.00000E-003	6.66890E-009	1.80000E-009	1.78000E-010	3.45160E+000	7.60053E+002	7.61816E+002	1.76340E+000	5.71987E-001	7.94400E-001	1.34410E-009	1.97160E-009	9.36600E-010
176	18	16	1	1.32000E-002	2.50000E-003	2.10000E-003	6.19360E-009	2.00000E-009	3.66230E-009	3.46280E+000	7.63688E+002	7.65997E+002	2.30950E+000	5.72898E-001	7.96500E-001	1.78200E-009	2.30650E-009	1.62980E-009
180	20	16	1	1.32000E-002	2.50000E-003	2.00000E-003	5.96410E-009	1.70000E-009	3.93400E-010	3.46810E+000	7.53832E+002	7.55733E+002	1.90040E+000	5.76056E-001	7.96500E-001	1.34170E-009	2.10980E-009	1.01160E-009
184	22	16	1	1.32000E-002	2.50000E-003	2.10000E-003	4.58020E-009	2.00000E-009	2.12620E-009	3.46870E+000	7.71922E+002	7.73566E+002	1.64340E+000	5.76964E-001	7.96500E-001	1.83580E-009	2.23620E-009	2.21980E-009
188	24	16	1	1.32000E-002	2.50000E-003	2.10000E-003	3.39300E-009	1.70000E-009	7.49000E-011	3.44790E+000	7.82445E+002	7.84451E+002	2.00610E+000	5.50685E-001	7.96400E-001	1.57120E-009	1.88730E-009	6.74400E-010
192	24	18	1	1.32000E-002	2.50000E-003	2.10000E-003	3.70680E-009	2.10000E-009	9.37000E-011	3.42810E+000	7.84983E+002	7.86689E+002	1.70550E+000	5.51996E-001	7.96400E-001	1.70240E-009	2.06300E-009	1.12400E-010
196	22	18	1	1.32000E-002	2.60000E-003	2.10000E-003	4.68790E-009	1.80000E-009	2.03250E-009	3.46410E+000	7.74070E+002	7.75425E+002	1.35530E+000	5.77326E-001	7.96500E-001	1.57120E-009	1.81240E-009	3.84000E-010
200	20	18	1	1.32000E-002	2.60000E-003	2.10000E-003	5.63630E-009	1.90000E-009	8.05500E-010	3.46750E+000	7.62939E+002	7.64987E+002	2.04810E+000	5.76896E-001	7.96500E-001	1.70000E-009	1.93890E-009	4.02800E-010
204	18	18	1	1.32000E-002	2.50000E-003	2.10000E-003	6.46520E-009	1.80000E-009	6.10690E-009	3.46110E+000	7.63837E+002	7.65465E+002	1.62790E+000	5.72461E-001	7.96200E-001	1.40260E-009	1.99040E-009	2.17300E-009
208	16	18	1	1.32000E-002	2.50000E-003	2.10000E-003	6.58700E-009	1.80000E-009	9.08500E-010	3.44560E+000	7.67656E+002	7.69679E+002	2.02290E+000	5.55725E-001	7.94400E-001	1.35350E-009	1.85460E-009	1.44240E-009
212	14	18	1	1.32000E-002	2.50000E-003	2.00000E-003	6.62910E-009	1.90000E-009	2.28540E-009	3.45200E+000	7.65971E+002	7.67852E+002	1.88030E+000	5.72642E-001	7.95800E-001	1.58290E-009	2.08640E-009	3.37200E-010
216	12	18	1	1.32000E-002	2.50000E-003	2.10000E-003	6.84220E-009	2.00000E-009	1.50800E-009	3.46520E+000	7.58069E+002	7.59470E+002	1.40150E+000	5.79814E-001	7.94800E-001	1.64850E-009	2.16600E-009	1.75150E-009
220	10	18	1	1.32000E-002	2.50000E-003	2.10000E-003	6.09990E-009	1.60000E-009	1.15676E-008	3.47760E+000	7.37629E+002	7.39817E+002	2.18800E+000	5.84540E-001	7.96100E-001	1.28790E-009	1.98330E-009	9.36600E-010
224	8	18	1	1.32000E-002	2.60000E-003	2.00000E-003	4.09080E-009	1.80000E-009	1.03030E-009	3.46640E+000	7.61687E+002	7.63364E+002	1.67770E+000	5.81834E-001	7.96300E-001	1.34880E-009	2.12620E-009	3.18500E-010
227	6	18	1	1.35000E-002	2.40000E-003	1.90000E-003	3.95730E-009	1.70000E-009	1.41430E-009	3.51190E+000	7.70422E+002	7.72052E+002	1.63020E+000	5.67088E-001	7.97400E-001	2.00210E-009	2.14490E-009	1.83580E-009
229	6	20	1	1.34000E-002	2.40000E-003	2.00000E-003	3.33450E-009	1.70000E-009	4.55210E-009	3.54030E+000	7.53126E+002	7.55466E+002	2.33990E+000	5.75848E-001	7.98000E-001	1.55950E-009	1.90370E-009	1.49900E-010
232	8	20	1	1.32000E-002	2.60000E-003	2.10000E-003	3.70910E-009	2.00000E-009	7.30600E-010	3.46790E+000	7.65949E+002	7.67706E+002	1.75660E+000	5.80855E-001	7.94900E-001	1.54310E-009	2.14960E-009	2.29480E-009
236	10	20	1	1.31000E-002	2.50000E-003	2.10000E-003	6.10930E-009	1.70000E-009	6.72510E-009	3.47410E+000	7.50796E+002	7.52162E+002	1.36610E+000	5.84387E-001	7.95400E-001	1.44480E-009	1.91540E-009	7.11900E-010
240	12	20	1	1.31000E-002	2.50000E-003	2.10000E-003	7.01310E-009	1.60000E-009	1.77960E-009	3.46410E+000	7.53278E+002	7.54919E+002	1.64060E+000	5.86370E-001	7.95400E-001	1.68600E-009	2.12620E-009	1.02090E-009
244	14	20	1	1.32000E-002	2.50000E-003	2.00000E-003	6.46750E-009	1.90000E-009	1.62980E-009	3.44690E+000	7.61063E+002	7.62396E+002	1.33300E+000	5.79855E-001	7.95500E-001	1.51500E-009	1.96460E-009	1.20830E-009
248	16	20	1	1.32000E-002	2.60000E-003	2.10000E-003	6.42070E-009	1.80000E-009	1.17080E-009	3.44400E+000	7.60609E+002	7.62182E+002	1.57360E+000	5.73851E-001	7.94600E-001	1.22000E-009	1.98570E-009	9.74100E-010
252	18	20	1	1.32000E-002	2.50000E-003	2.00000E-003	6.62210E-009	1.60000E-009	1.93890E-009	3.46510E+000	7.61707E+002	7.63412E+002	1.70570E+000	5.75824E-001	7.96600E-001	1.69530E-009	2.17770E-009	1.28320E-009
256	20	20	1	1.32000E-002	2.50000E-003	2.10000E-003	5.79780E-009	1.80000E-009	5.33900E-010	3.45570E+000	7.58737E+002	7.60315E+002	1.57830E+000	5.75771E-001	7.96800E-001	1.57120E-009	1.66960E-009	1.75150E-009
260	22	20	1	1.32000E-002	2.40000E-003	2.00000E-003	4.10480E-009	1.90000E-009	6.27600E-010	3.44850E+000	7.77879E+002	7.79676E+002	1.79780E+000	5.75622E-001	7.96700E-001	1.52910E-009	2.21750E-009	1.02090E-009
267	22	22	1	1.32000E-002	2.50000E-003	2.10000E-003	3.99250E-009	1.50000E-009	1.38620E-009	3.46900E+000	7.82133E+002	7.83661E+002	1.52850E+000	5.70419E-001	7.97200E-001	1.29960E-009	1.86860E-009	0.00000E+000
271	20	22	1	1.31000E-002	2.50000E-003	2.10000E-003	5.06260E-009	2.00000E-009	7.68000E-010	3.46780E+000	7.62945E+002	7.64491E+002	1.54540E+000	5.79822E-001	7.96800E-001	1.51030E-009	1.88030E-009	9.46000E-010
275	18	22	1	1.32000E-002	2.50000E-003	2.00000E-003	6.22400E-009	2.10000E-009	6.74400E-010	3.47620E+000	7.70525E+002	7.72446E+002	1.92170E+000	5.74375E-001	7.97200E-001	1.77030E-009	1.91540E-009	6.55700E-010
279	16	22	1	1.32000E-002	2.50000E-003	2.10000E-003	6.43710E-009	1.80000E-009	6.83750E-009	3.45300E+000	7.56964E+002	7.58569E+002	1.60450E+000	5.80387E-001	7.95500E-001	1.51270E-009	2.14490E-009	1.12400E-009
283	14	22	1	1.31000E-002	2.50000E-003	2.10000E-003	6.55650E-009	2.10000E-009	1.21760E-009	3.46080E+000	7.54038E+002	7.55407E+002	1.36930E+000	5.85190E-001	7.95000E-001	1.61810E-009	1.97160E-009	3.84000E-010
287	12	22	1	1.32000E-002	2.50000E-003	2.00000E-003	6.60800E-009	1.80000E-009	2.81000E-011	3.46430E+000	7.43137E+002	7.44807E+002	1.67090E+000	5.85862E-001	7.95000E-001	1.46350E-009	2.01140E-009	7.77400E-010
291	10	22	1	1.32000E-002	2.50000E-003	2.10000E-003	5.36230E-009	1.90000E-009	1.69530E-009	3.46930E+000	7.52768E+002	7.54262E+002	1.49360E+000	5.87503E-001	7.94600E-001	1.81240E-009	2.13090E-009	6.55700E-010
295	8	22	1	1.33000E-002	2.50000E-003	2.00000E-003	3.58740E-009	1.90000E-009	1.48930E-009	3.46430E+000	7.84679E+002	7.86136E+002	1.45720E+000	5.66518E-001	7.94800E-001	1.40260E-009	2.09110E-009	8.89800E-010
298	8	24	1	1.35000E-002	2.40000E-003	1.90000E-003	4.12120E-009	1.80000E-009	3.18500E-010	3.48970E+000	7.76780E+002	7.78656E+002	1.87660E+000	5.67652E-001	7.95600E-001	2.10750E-009	2.02780E-009	2.15400E-010
301	10	24	1	1.32000E-002	2.50000E-003	2.10000E-003	4.87520E-009	1.80000E-009	1.66720E-009	3.46320E+000	7.67100E+002	7.68878E+002	1.77800E+000	5.81550E-001	7.94600E-001	1.43070E-009	1.85460E-009	5.62000E-011
305	12	24	1	1.32000E-002	2.50000E-003	2.10000E-003	5.73930E-009	2.10000E-009	1.24386E-008	3.46390E+000	7.52547E+002	7.54104E+002	1.55730E+000	5.86948E-001	7.95500E-001	1.61570E-009	2.27840E-009	3.02540E-009
309	14	24	1	1.32000E-002	2.60000E-003	2.00000E-003	5.87980E-009	1.70000E-009	2.81930E-009	3.46210E+000	7.56466E+002	7.58641E+002	2.17540E+000	5.80032E-001	7.95700E-001	1.43540E-009	1.98100E-009	1.25510E-009
313	16	24	1	1.31000E-002	2.50000E-003	2.10000E-003	5.55660E-009	2.00000E-009	1.80492E-008	3.46060E+000	7.58872E+002	7.60366E+002	1.49440E+000	5.73554E-001	7.96000E-001	1.77260E-009	2.23160E-009	2.49150E-009
317	18	24	1	1.32000E-002	2.60000E-003	2.10000E-003	5.01340E-009	1.70000E-009	8.24200E-010	3.47520E+000	7.64759E+002	7.66366E+002	1.60680E+000	5.79727E-001	7.97900E-001	1.34880E-009	2.07700E-009	1.82650E-009
321	20	24	1	1.31000E-002	2.50000E-003	2.10000E-003	4.44670E-009	1.80000E-009	7.77400E-010	3.46600E+000	7.72142E+002	7.73667E+002	1.52520E+000	5.77416E-001	7.97700E-001	1.51500E-009	2.12380E-009	1.71410E-009
325	22	24	1	1.34000E-002	2.40000E-003	2.00000E-003	4.11190E-009	1.90000E-009	7.11900E-010	3.45690E+000	7.83237E+002	7.85170E+002	1.93260E+000	5.56637E-001	7.97400E-001	1.68600E-009	2.19880E-009	1.11460E-009
328	20	26	1	1.32000E-002	2.40000E-003	2.00000E-003	4.46550E-009	1.90000E-009	3.55900E-010	3.44530E+000	7.83231E+002	7.85418E+002	2.18720E+000	5.58438E-001	7.96800E-001	1.70240E-009	2.17770E-009	1.52670E-009
331	18	26	1	1.31000E-002	2.50000E-003	2.00000E-003	4.02520E-009	1.60000E-009	3.93400E-010	3.46980E+000	7.79537E+002	7.81308E+002	1.77070E+000	5.70999E-001	7.98000E-001	1.61810E-009	2.24090E-009	1.92010E-009
335	16	26	1	1.32000E-002	2.50000E-003	2.10000E-003	4.23360E-009	1.70000E-009	9.62870E-009	3.46130E+000	7.74349E+002	7.76261E+002	1.91160E+000	5.71322E-001	7.97700E-001	1.74450E-009	1.81470E-009	4.96400E-010
339	14	26	1	1.33000E-002	2.50000E-003	2.00000E-003	4.62700E-009	1.90000E-009	5.18900E-009	3.45250E+000	7.67574E+002	7.69231E+002	1.65660E+000	5.77626E-001	7.96900E-001	1.48930E-009	1.94120E-009	1.51740E-009
343	12	26	1	1.32000E-002	2.50000E-003	2.10000E-003	4.68790E-009	1.80000E-009	5.98520E-009	3.45750E+000	7.73124E+002	7.74867E+002	1.74360E+000	5.75544E-001	7.94900E-001	1.68600E-009	1.95290E-009	1.93890E-009
347	10	26	1	1.31000E-002	2.50000E-003	2.00000E-003	4.07670E-009	1.80000E-009	8.14900E-010	3.45540E+000	7.79002E+002	7.81428E+002	2.42590E+000	5.63887E-001	7.95900E-001	1.99270E-009	1.99270E-009	9.40000E-012
349	12	28	1	1.46000E-002	2.40000E-003	1.90000E-003	4.29920E-009	1.20000E-009	2.65070E-009	3.47390E+000	7.68639E+002	7.71310E+002	2.67150E+000	5.68814E-001	7.97300E-001	2.03720E-009	1.32770E-009	4.12100E-010
351	14	28	5	1.35000E-002	2.50000E-003	1.90000E-003	3.77940E-009	1.60000E-009	4.12995E-007
353	16	28	1	1.34000E-002	2.50000E-003	2.00000E-003	3.82390E-009	1.70000E-009	8.13940E-009	3.45670E+000	7.80987E+002	7.83057E+002	2.06950E+000	5.58895E-001	7.97400E-001	1.62510E-009	1.81010E-009	1.29260E-009

1	15	5	3	1.28000E-002	-5.00000E-004	-8.00000E-004	1.39320E-005
2	19	7	1	1.28000E-002	-5.00000E-004	-8.00000E-004	4.34520E-009	1.20000E-009	8.33900E-010	3.48250E+000	7.63394E+002	7.65330E+002	1.93650E+000	5.74038E-001	7.98100E-001	2.63290E-009	1.31650E-009	2.15510E-009
5	17	7	1	1.32000E-002	-2.00000E-004	-6.00000E-004	3.78770E-009	1.60000E-009	3.70110E-009	3.46010E+000	7.74990E+002	7.77164E+002	2.17320E+000	5.70181E-001	7.98100E-001	1.15480E-009	2.04260E-009	3.56100E-010
9	15	7	1	1.32000E-002	-2.00000E-004	-5.00000E-004	3.67530E-009	1.60000E-009	5.04090E-009	3.46290E+000	7.76597E+002	7.79919E+002	3.32230E+000	5.70933E-001	7.99300E-001	1.45230E-009	1.96770E-009	4.12300E-010
13	13	7	1	1.32000E-002	-2.00000E-004	-5.00000E-004	3.55120E-009	1.70000E-009	9.65100E-010	3.47660E+000	7.76726E+002	7.78457E+002	1.73180E+000	5.66617E-001	7.98400E-001	1.50390E-009	2.04960E-009	1.53660E-009
16	11	7	1	1.35000E-002	-2.00000E-004	-6.00000E-004	3.10140E-009	1.70000E-009	8.27350E-009	3.52920E+000	7.51815E+002	7.55676E+002	3.86110E+000	5.64858E-001	7.99200E-001	2.00980E-009	2.14330E-009	8.62000E-010
22	9	9	1	1.31000E-002	-2.00000E-004	-5.00000E-004	3.02880E-009	1.70000E-009	2.08010E-009	3.49090E+000	7.63262E+002	7.65738E+002	2.47600E+000	5.62870E-001	7.97900E-001	1.94420E-009	2.07070E-009	1.08690E-009
26	11	9	1	1.31000E-002	-3.00000E-004	-5.00000E-004	3.71980E-009	1.60000E-009	8.24540E-009	3.47450E+000	7.84595E+002	7.87255E+002	2.66000E+000	5.59379E-001	7.97300E-001	1.68190E-009	1.92310E-009	8.05800E-010
30	13	9	1	1.32000E-002	-2.00000E-004	-5.00000E-004	4.22340E-009	1.70000E-009	1.02130E-009	3.46460E+000	7.61722E+002	7.63463E+002	1.74110E+000	5.85840E-001	7.97300E-001	1.55770E-009	2.08710E-009	6.56000E-011
34	15	9	1	1.32000E-002	-3.00000E-004	-6.00000E-004	4.63800E-009	1.50000E-009	1.04000E-009	3.46160E+000	7.50293E+002	7.52126E+002	1.83370E+000	5.95381E-001	7.97700E-001	1.43360E-009	1.85990E-009	9.55700E-010
38	17	9	1	1.32000E-002	-2.00000E-004	-5.00000E-004	4.15550E-009	1.80000E-009	2.37060E-009	3.45040E+000	7.57637E+002	7.59208E+002	1.57060E+000	5.88580E-001	7.97500E-001	1.38200E-009	2.04260E-009	2.29560E-009
42	19	9	1	1.32000E-002	-2.00000E-004	-6.00000E-004	3.98220E-009	1.60000E-009	3.94470E-009	3.45510E+000	7.71356E+002	7.73048E+002	1.69270E+000	5.77267E-001	7.97100E-001	1.64440E-009	1.95830E-009	1.09630E-009
44	21	9	1	1.28000E-002	-4.00000E-004	-8.00000E-004	4.59590E-009	1.20000E-009	6.46500E-010	3.46490E+000	7.74913E+002	7.76719E+002	1.80620E+000	5.60171E-001	7.96600E-001	2.95850E-009	1.49450E-009	2.20190E-009
47	21	11	1	1.32000E-002	-2.00000E-004	-5.00000E-004	3.69870E-009	1.70000E-009	7.50520E-009	3.46320E+000	7.75479E+002	7.77293E+002	1.81420E+000	5.69311E-001	7.97600E-001	1.48980E-009	1.91610E-009	2.99800E-010
51	19	11	1	1.32000E-002	-2.00000E-004	-5.00000E-004	4.72710E-009	1.70000E-009	9.36040E-009	3.45950E+000	7.58524E+002	7.60445E+002	1.92090E+000	5.85088E-001	7.97800E-001	1.46400E-009	2.05900E-009	7.40200E-010
55	17	11	1	1.32000E-002	-2.00000E-004	-5.00000E-004	5.83500E-009	1.50000E-009	2.11760E-009	3.46500E+000	7.44924E+002	7.46497E+002	1.57280E+000	5.90392E-001	7.97500E-001	1.29770E-009	1.97000E-009	1.89270E-009
59	15	11	1	1.32000E-002	-2.00000E-004	-5.00000E-004	5.89360E-009	1.60000E-009	1.67720E-009	3.46760E+000	7.42196E+002	7.43776E+002	1.57980E+000	5.94554E-001	7.97200E-001	1.48040E-009	1.80130E-009	1.20870E-009
63	13	11	1	1.32000E-002	-2.00000E-004	-5.00000E-004	5.46490E-009	1.90000E-009	1.50850E-009	3.47750E+000	7.49285E+002	7.51011E+002	1.72630E+000	5.88412E-001	7.98000E-001	1.86220E-009	1.87400E-009	1.35860E-009
67	11	11	1	1.31000E-002	-2.00000E-004	-5.00000E-004	4.29840E-009	1.90000E-009	6.09970E-009	3.47400E+000	7.63223E+002	7.64796E+002	1.57270E+000	5.84275E-001	7.97800E-001	1.38200E-009	1.92550E-009	9.93200E-010
71	9	11	1	1.32000E-002	-2.00000E-004	-5.00000E-004	3.73850E-009	1.90000E-009	6.61510E-009	3.47440E+000	7.84030E+002	7.86253E+002	2.22250E+000	5.59416E-001	7.98600E-001	1.59050E-009	2.21600E-009	2.43600E-010
75	7	11	1	1.32000E-002	-2.00000E-004	-6.00000E-004	5.01280E-009	1.70000E-009	1.48324E-008	3.55680E+000	7.18510E+002	7.24010E+002	5.50010E+000	5.68587E-001	8.00400E-001	1.88100E-009	2.08240E-009	1.59300E-010
81	7	13	1	1.32000E-002	-2.00000E-004	-6.00000E-004	3.45510E-009	1.80000E-009	8.43000E-011	3.49050E+000	7.74826E+002	7.76251E+002	1.42530E+000	5.63590E-001	7.97300E-001	1.54130E-009	2.11760E-009	6.27800E-010
85	9	13	1	1.32000E-002	-2.00000E-004	-5.00000E-004	4.23750E-009	1.60000E-009	1.11032E-008	3.47390E+000	7.60835E+002	7.62842E+002	2.00760E+000	5.73826E-001	7.97300E-001	1.39380E-009	1.92550E-009	1.49900E-010
89	11	13	1	1.32000E-002	-2.00000E-004	-6.00000E-004	5.71090E-009	1.50000E-009	5.20960E-009	3.48180E+000	7.50829E+002	7.52212E+002	1.38280E+000	5.80840E-001	7.97800E-001	1.49210E-009	2.00980E-009	6.74600E-010
93	13	13	1	1.33000E-002	-2.00000E-004	-6.00000E-004	6.52140E-009	1.70000E-009	3.74800E-010	3.49970E+000	7.46176E+002	7.47831E+002	1.65530E+000	5.90963E-001	7.97800E-001	1.46170E-009	1.87400E-009	1.11500E-009
97	15	13	1	1.32000E-002	-2.00000E-004	-5.00000E-004	6.44170E-009	1.80000E-009	5.34100E-010	3.47550E+000	7.52029E+002	7.53970E+002	1.94100E+000	5.91082E-001	7.98300E-001	1.43360E-009	1.90210E-009	1.36800E-009
101	17	13	1	1.32000E-002	-3.00000E-004	-6.00000E-004	6.47450E-009	1.60000E-009	1.03070E-009	3.47600E+000	7.50857E+002	7.52365E+002	1.50800E+000	5.89680E-001	7.97500E-001	1.65380E-009	1.80600E-009	1.26490E-009
105	19	13	1	1.32000E-002	-2.00000E-004	-6.00000E-004	5.82800E-009	1.60000E-009	8.52650E-009	3.46610E+000	7.47325E+002	7.48947E+002	1.62220E+000	5.80713E-001	7.98400E-001	1.55070E-009	1.89500E-009	1.29300E-009
109	21	13	1	1.32000E-002	-2.00000E-004	-5.00000E-004	4.10400E-009	1.80000E-009	6.54950E-009	3.46400E+000	7.62703E+002	7.64215E+002	1.51180E+000	5.71870E-001	7.98100E-001	1.69590E-009	1.88570E-009	7.50000E-011
112	23	13	1	1.31000E-002	-4.00000E-004	-7.00000E-004	3.70580E-009	1.40000E-009	3.45750E-009	3.46900E+000	7.82031E+002	7.83934E+002	1.90280E+000	5.47809E-001	7.97700E-001	1.71470E-009	1.78960E-009	1.44290E-009
115	23	15	1	1.31000E-002	-2.00000E-004	-5.00000E-004	3.24900E-009	1.60000E-009	5.71600E-010	3.47160E+000	7.85905E+002	7.89230E+002	3.32520E+000	5.54246E-001	7.99000E-001	1.74040E-009	1.99580E-009	1.12440E-009
119	21	15	1	1.32000E-002	-2.00000E-004	-5.00000E-004	4.46000E-009	1.70000E-009	4.68000E-011	3.47080E+000	7.65259E+002	7.66990E+002	1.73150E+000	5.73683E-001	7.98900E-001	1.55770E-009	1.88100E-009	1.29300E-009
123	19	15	1	1.32000E-002	-2.00000E-004	-5.00000E-004	6.06230E-009	1.90000E-009	3.54180E-009	3.47300E+000	7.58736E+002	7.60226E+002	1.49030E+000	5.77634E-001	7.98600E-001	1.55300E-009	2.02390E-009	3.84200E-010
127	17	15	1	1.32000E-002	-2.00000E-004	-6.00000E-004	6.51200E-009	1.70000E-009	1.10560E-009	3.45120E+000	7.56739E+002	7.58181E+002	1.44230E+000	5.77603E-001	7.97200E-001	1.74280E-009	1.92080E-009	1.66780E-009
131	15	15	1	1.31000E-002	-1.00000E-004	-5.00000E-004	6.13250E-009	1.80000E-009	9.40000E-012	3.44350E+000	7.56762E+002	7.58163E+002	1.40160E+000	5.77488E-001	7.97500E-001	1.51790E-009	1.96300E-009	1.78030E-009
135	13	15	1	1.32000E-002	-2.00000E-004	-6.00000E-004	6.21450E-009	1.80000E-009	5.80900E-010	3.46210E+000	7.53726E+002	7.55382E+002	1.65620E+000	5.78951E-001	7.97000E-001	1.37740E-009	1.84580E-009	1.33990E-009
139	11	15	1	1.32000E-002	-2.00000E-004	-5.00000E-004	5.62420E-009	1.70000E-009	4.61930E-009	3.48650E+000	7.62595E+002	7.65058E+002	2.46250E+000	5.70791E-001	7.97700E-001	1.71000E-009	2.00750E-009	2.43600E-010
143	9	15	1	1.32000E-002	-2.00000E-004	-6.00000E-004	4.84180E-009	1.70000E-009	8.80760E-009	3.47260E+000	7.56947E+002	7.58559E+002	1.61150E+000	5.82367E-001	7.97900E-001	1.42420E-009	1.85290E-009	4.96600E-010
147	7	15	1	1.32000E-002	-2.00000E-004	-5.00000E-004	3.79010E-009	1.90000E-009	1.69590E-009	3.47280E+000	7.75531E+002	7.79569E+002	4.03870E+000	5.62743E-001	7.97300E-001	1.73110E-009	1.84350E-009	4.68000E-011
153	5	17	3	1.32000E-002	-2.00000E-004	-1.00000E-004	1.39610E-005
157	7	17	1	1.32000E-002	-3.00000E-004	-6.00000E-004	3.58630E-009	1.50000E-009	2.38930E-009	3.47360E+000	7.83402E+002	7.85403E+002	2.00060E+000	5.65292E-001	7.98900E-001	1.57880E-009	1.74040E-009	3.56100E-010
161	9	17	1	1.33000E-002	-2.00000E-004	-6.00000E-004	4.96600E-009	1.80000E-009	2.86720E-009	3.47170E+000	7.49711E+002	7.51423E+002	1.71210E+000	5.86467E-001	7.99000E-001	1.88800E-009	1.91850E-009	8.43000E-011
165	11	17	1	1.32000E-002	-3.00000E-004	-6.00000E-004	5.80220E-009	1.60000E-009	4.90040E-009	3.49760E+000	7.60841E+002	7.62885E+002	2.04440E+000	5.76794E-001	7.98800E-001	1.34460E-009	1.82010E-009	9.55700E-010
169	13	17	1	1.32000E-002	-2.00000E-004	-6.00000E-004	6.56820E-009	1.70000E-009	8.71400E-010	3.45600E+000	7.58773E+002	7.60353E+002	1.58040E+000	5.74479E-001	7.96900E-001	1.40310E-009	1.97000E-009	1.88330E-009
173	15	17	1	1.32000E-002	-2.00000E-004	-5.00000E-004	6.60100E-009	1.70000E-009	1.12400E-010	3.43840E+000	7.53887E+002	7.56013E+002	2.12620E+000	5.58434E-001	7.96600E-001	1.42420E-009	1.87630E-009	1.96770E-009
177	17	17	1	1.32000E-002	-2.00000E-004	-6.00000E-004	6.05520E-009	1.70000E-009	1.68660E-009	3.43960E+000	7.62981E+002	7.64461E+002	1.47980E+000	5.70065E-001	7.97400E-001	1.57180E-009	2.12230E-009	1.55540E-009
181	19	17	1	1.32000E-002	-2.00000E-004	-6.00000E-004	6.15130E-009	1.60000E-009	1.99580E-009	3.45770E+000	7.59932E+002	7.61908E+002	1.97620E+000	5.77105E-001	7.98800E-001	1.34690E-009	1.95830E-009	1.05880E-009
185	21	17	1	1.32000E-002	-2.00000E-004	-5.00000E-004	5.22370E-009	1.70000E-009	2.62400E-010	3.46520E+000	7.64294E+002	7.65977E+002	1.68320E+000	5.77462E-001	7.99000E-001	1.71000E-009	2.10820E-009	8.80800E-010
189	23	17	1	1.32000E-002	-2.00000E-004	-6.00000E-004	3.53010E-009	1.50000E-009	6.56000E-011	3.46580E+000	7.89443E+002	7.90907E+002	1.46430E+000	5.63977E-001	7.99000E-001	1.47570E-009	1.83650E-009	1.45230E-009
193	23	19	1	1.32000E-002	-2.00000E-004	-5.00000E-004	3.63550E-009	1.80000E-009	4.68000E-011	3.46950E+000	7.89245E+002	7.90709E+002	1.46360E+000	5.65197E-001	7.99600E-001	1.70300E-009	1.84820E-009	1.43360E-009
197	21	19	1	1.32000E-002	-2.00000E-004	-6.00000E-004	4.97540E-009	1.80000E-009	7.49600E-010	3.46700E+000	7.64077E+002	7.65893E+002	1.81570E+000	5.77477E-001	7.99100E-001	1.56480E-009	1.70300E-009	1.35860E-009
201	19	19	1	1.32000E-002	-2.00000E-004	-5.00000E-004	5.87720E-009	1.80000E-009	2.51110E-009	3.45570E+000	7.60373E+002	7.61948E+002	1.57480E+000	5.78823E-001	7.99100E-001	1.62570E-009	1.85520E-009	6.55900E-010
205	17	19	1	1.32000E-002	-1.00000E-004	-5.00000E-004	6.03410E-009	1.70000E-009	3.97280E-009	3.44120E+000	7.60038E+002	7.61570E+002	1.53150E+000	5.72314E-001	7.96900E-001	1.29070E-009	1.81070E-009	6.46500E-010
209	15	19	1	1.32000E-002	-1.00000E-004	-6.00000E-004	6.58700E-009	1.80000E-009	2.34200E-010	3.44630E+000	7.62101E+002	7.64108E+002	2.00610E+000	5.72706E-001	7.98000E-001	1.44290E-009	1.69830E-009	1.85520E-009
213	13	19	1	1.32000E-002	-1.00000E-004	-5.00000E-004	6.41600E-009	1.70000E-009	2.06100E-010	3.45780E+000	7.58875E+002	7.60511E+002	1.63660E+000	5.79949E-001	7.97500E-001	1.54840E-009	1.85760E-009	7.96400E-010
217	11	19	1	1.32000E-002	-1.00000E-004	-6.00000E-004	5.68040E-009	1.70000E-009	6.20280E-009	3.48920E+000	7.64466E+002	7.66585E+002	2.11890E+000	5.77466E-001	7.97600E-001	1.48510E-009	2.00980E-009	8.62000E-010
221	9	19	1	1.32000E-002	-2.00000E-004	-5.00000E-004	4.54200E-009	1.40000E-009	1.08690E-008	3.46960E+000	7.51527E+002	7.53247E+002	1.71980E+000	5.86146E-001	7.98100E-001	1.23210E-009	1.99580E-009	4.59100E-010
225	7	19	1	1.32000E-002	-2.00000E-004	-5.00000E-004	3.44570E-009	1.60000E-009	1.33990E-009	3.46190E+000	7.80814E+002	7.82111E+002	1.29690E+000	5.67391E-001	7.97600E-001	1.36330E-009	1.90680E-009	1.19930E-009
233	7	21	1	1.32000E-002	-3.00000E-004	-6.00000E-004	3.05690E-009	1.70000E-009	2.79220E-009	3.48070E+000	7.77628E+002	7.78909E+002	1.28070E+000	5.66994E-001	7.98300E-001	1.41480E-009	1.93020E-009	5.71600E-010
237	9	21	1	1.31000E-002	-2.00000E-004	-5.00000E-004	4.47410E-009	1.50000E-009	1.76150E-009	3.47120E+000	7.60253E+002	7.61841E+002	1.58750E+000	5.84473E-001	7.97100E-001	1.43120E-009	1.87630E-009	8.43300E-010
241	11	21	1	1.31000E-002	-2.00000E-004	-5.00000E-004	5.95920E-009	1.40000E-009	3.71040E-009	3.48200E+000	7.55733E+002	7.57782E+002	2.04870E+000	5.78603E-001	7.97900E-001	1.63030E-009	1.98640E-009	9.27600E-010
245	13	21	1	1.32000E-002	-2.00000E-004	-5.00000E-004	6.33630E-009	1.60000E-009	2.43600E-010	3.46980E+000	7.55574E+002	7.57434E+002	1.85940E+000	5.86044E-001	7.97500E-001	1.50850E-009	1.86220E-009	1.68660E-009
249	15	21	1	1.32000E-002	-2.00000E-004	-6.00000E-004	6.31990E-009	1.70000E-009	5.90300E-010	3.45090E+000	7.56089E+002	7.57790E+002	1.70080E+000	5.79594E-001	7.97100E-001	1.26730E-009	1.93950E-009	1.35860E-009
253	17	21	1	1.32000E-002	-2.00000E-004	-5.00000E-004	6.16530E-009	1.40000E-009	6.79310E-009	3.44970E+000	7.59151E+002	7.60925E+002	1.77380E+000	5.77256E-001	7.98600E-001	1.55300E-009	1.92080E-009	9.65100E-010
257	19	21	1	1.32000E-002	-2.00000E-004	-6.00000E-004	5.99900E-009	1.70000E-009	2.53920E-009	3.46520E+000	7.55785E+002	7.57487E+002	1.70210E+000	5.79623E-001	7.99400E-001	1.62330E-009	1.57410E-009	1.87400E-009
261	21	21	1	1.32000E-002	-2.00000E-004	-5.00000E-004	4.21170E-009	1.60000E-009	3.18600E-010	3.46180E+000	7.66612E+002	7.68271E+002	1.65860E+000	5.79729E-001	7.99200E-001	1.42890E-009	1.97940E-009	1.47110E-009
264	23	21	1	1.31000E-002	-3.00000E-004	-7.00000E-004	3.70340E-009	1.40000E-009	1.87400E-010	3.46120E+000	7.90296E+002	7.92110E+002	1.81450E+000	5.53482E-001	7.99400E-001	1.75920E-009	1.74280E-009	1.06820E-009
268	21	23	1	1.32000E-002	-2.00000E-004	-5.00000E-004	4.07590E-009	1.40000E-009	4.31000E-010	3.45580E+000	7.77087E+002	7.78558E+002	1.47160E+000	5.75802E-001	7.99300E-001	1.34460E-009	1.76850E-009	7.21500E-010
272	19	23	1	1.31000E-002	-1.00000E-004	-5.00000E-004	5.08550E-009	1.80000E-009	7.23350E-009	3.45170E+000	7.60712E+002	7.62694E+002	1.98180E+000	5.80982E-001	8.00000E-001	1.30240E-009	1.68890E-009	1.13370E-009
276	17	23	1	1.32000E-002	-2.00000E-004	-5.00000E-004	6.03410E-009	2.00000E-009	3.81350E-009	3.46090E+000	7.55884E+002	7.57477E+002	1.59320E+000	5.78200E-001	7.98500E-001	1.70060E-009	1.91610E-009	2.90500E-010
280	15	23	1	1.32000E-002	-2.00000E-004	-5.00000E-004	5.96620E-009	1.70000E-009	6.26840E-009	3.46200E+000	7.53535E+002	7.55182E+002	1.64770E+000	5.82258E-001	7.98700E-001	1.57180E-009	1.83880E-009	8.62000E-010
284	13	23	1	1.31000E-002	-2.00000E-004	-5.00000E-004	5.93580E-009	1.80000E-009	6.00600E-009	3.46530E+000	7.51222E+002	7.52835E+002	1.61300E+000	5.82872E-001	7.98100E-001	1.46640E-009	1.87860E-009	1.96800E-010
288	11	23	1	1.32000E-002	-2.00000E-004	-5.00000E-004	5.26350E-009	1.60000E-009	6.69940E-009	3.46880E+000	7.57335E+002	7.59000E+002	1.66530E+000	5.84614E-001	7.97400E-001	1.47810E-009	1.95360E-009	2.81100E-010
292	9	23	1	1.32000E-002	-1.00000E-004	-5.00000E-004	3.75490E-009	1.70000E-009	1.04000E-009	3.46480E+000	7.77368E+002	7.79063E+002	1.69450E+000	5.75243E-001	7.96800E-001	1.63500E-009	2.00280E-009	2.00510E-009
296	7	23	1	1.33000E-002	-3.00000E-004	-6.00000E-004	2.86720E-009	1.80000E-009	2.47360E-009	3.52000E+000	7.59337E+002	7.61911E+002	2.57380E+000	5.73996E-001	7.98900E-001	1.48750E-009	1.88570E-009	1.19930E-009
302	9	25	1	1.32000E-002	-3.00000E-004	-6.00000E-004	3.93300E-009	1.60000E-009	2.43600E-010	3.46420E+000	7.78199E+002	7.80242E+002	2.04230E+000	5.63281E-001	7.97700E-001	1.41020E-009	1.69590E-009	1.21810E-009
306	11	25	1	1.32000E-002	-2.00000E-004	-6.00000E-004	4.45300E-009	1.80000E-009	8.62000E-010	3.46350E+000	7.76525E+002	7.78139E+002	1.61430E+000	5.76272E-001	7.97000E-001	1.59520E-009	2.09410E-009	1.84580E-009
310	13	25	1	1.32000E-002	-3.00000E-004	-6.00000E-004	4.84650E-009	1.60000E-009	9.73520E-009	3.46110E+000	7.59541E+002	7.61196E+002	1.65500E+000	5.83925E-001	7.99100E-001	1.45470E-009	1.78260E-009	6.27800E-010
314	15	25	1	1.31000E-002	-2.00000E-004	-5.00000E-004	4.86990E-009	1.70000E-009	6.65260E-009	3.45410E+000	7.55174E+002	7.57201E+002	2.02760E+000	5.75756E-001	7.98700E-001	1.57410E-009	2.01680E-009	3.27900E-010
318	17	25	1	1.32000E-002	-3.00000E-004	-5.00000E-004	4.92850E-009	1.50000E-009	3.25130E-009	3.45410E+000	7.61195E+002	7.62846E+002	1.65090E+000	5.80972E-001	7.99500E-001	1.53430E-009	1.98640E-009	7.59000E-010
322	19	25	1	1.31000E-002	-2.00000E-004	-5.00000E-004	4.12040E-009	1.60000E-009	1.53660E-009	3.46150E+000	7.70154E+002	7.71858E+002	1.70380E+000	5.78385E-001	7.99600E-001	1.39840E-009	1.94420E-009	1.00260E-009
326	21	25	1	1.34000E-002	-3.00000E-004	-6.00000E-004	4.14380E-009	1.80000E-009	5.06000E-010	3.46400E+000	7.84222E+002	7.86107E+002	1.88500E+000	5.58138E-001	7.99200E-001	1.59050E-009	1.94190E-009	1.91140E-009
329	19	27	1	1.32000E-002	-4.00000E-004	-7.00000E-004	4.03370E-009	1.70000E-009	6.37100E-010	3.45980E+000	7.80591E+002	7.83321E+002	2.72980E+000	5.59529E-001	7.99400E-001	1.79900E-009	1.93490E-009	1.21810E-009
332	17	27	1	1.31000E-002	-2.00000E-004	-6.00000E-004	3.58630E-009	1.60000E-009	5.13460E-009	3.46170E+000	7.83522E+002	7.84903E+002	1.38050E+000	5.66794E-001	8.00300E-001	1.65610E-009	2.19250E-009	2.53000E-010
336	15	27	5	1.32000E-002	-2.00000E-004	-6.00000E-004	3.23960E-009	1.50000E-009	2.58091E-007
340	13	27	1	1.33000E-002	-2.00000E-004	-5.00000E-004	3.99620E-009	1.60000E-009	1.89776E-007	3.45540E+000	7.84409E+002	7.87166E+002	2.75690E+000	5.62496E-001	7.99200E-001	1.30940E-009	1.77790E-009	2.19253E-008
344	11	27	1	1.32000E-002	-2.00000E-004	-5.00000E-004	3.73620E-009	1.70000E-009	6.66190E-009	3.47190E+000	7.77796E+002	7.80124E+002	2.32820E+000	5.63221E-001	7.99900E-001	1.54840E-009	1.95130E-009	1.12400E-010

6	18	7	1	1.32000E-002	-2.80000E-003	-3.00000E-003	3.65580E-009	1.60000E-009	1.44260E-009	3.48330E+000	7.74536E+002	7.76734E+002	2.19780E+000	5.67686E-001	8.00400E-001	1.26700E-009	1.90170E-009	6.55700E-010
10	16	7	1	1.32000E-002	-2.70000E-003	-3.00000E-003	3.95090E-009	1.70000E-009	4.42160E-009	3.45860E+000	7.77042E+002	7.80125E+002	3.08290E+000	5.70148E-001	8.01200E-001	1.60890E-009	1.83370E-009	3.56000E-010
14	14	7	1	1.32000E-002	-2.80000E-003	-3.00000E-003	4.29750E-009	1.60000E-009	3.11950E-009	3.46510E+000	7.77291E+002	7.79460E+002	2.16950E+000	5.66946E-001	8.01000E-001	1.53630E-009	1.87820E-009	1.41450E-009
17	12	7	1	1.35000E-002	-2.80000E-003	-3.10000E-003	3.63470E-009	1.70000E-009	5.62100E-010	3.48480E+000	7.70052E+002	7.71653E+002	1.60160E+000	5.67932E-001	8.00400E-001	2.06790E-009	2.12410E-009	6.83800E-010
18	10	7	5	1.02000E-002	-3.00000E-003	-3.30000E-003	3.62300E-009	1.10000E-009	1.41140E-005
19	8	9	5	1.01000E-002	-3.00000E-003	-3.30000E-003	4.02350E-009	4.00000E-010	1.41140E-005
23	10	9	1	1.31000E-002	-2.70000E-003	-3.00000E-003	3.66750E-009	1.70000E-009	3.56000E-010	3.46530E+000	7.78719E+002	7.80856E+002	2.13700E+000	5.57808E-001	7.99800E-001	2.10310E-009	2.00470E-009	1.07730E-009
27	12	9	1	1.31000E-002	-2.80000E-003	-3.00000E-003	4.18970E-009	1.60000E-009	4.74950E-009	3.45870E+000	7.68422E+002	7.70600E+002	2.17790E+000	5.78116E-001	7.99200E-001	1.58320E-009	1.85480E-009	2.71700E-010
31	14	9	1	1.32000E-002	-2.70000E-003	-3.00000E-003	4.95090E-009	1.80000E-009	1.75180E-009	3.46150E+000	7.55403E+002	7.57125E+002	1.72190E+000	5.90747E-001	7.99900E-001	1.76820E-009	1.90870E-009	1.65810E-009
35	16	9	1	1.32000E-002	-2.70000E-003	-3.00000E-003	4.55740E-009	1.50000E-009	1.53630E-009	3.45880E+000	7.54767E+002	7.56696E+002	1.92900E+000	5.91145E-001	8.00900E-001	1.48480E-009	1.76350E-009	1.37710E-009
39	18	9	1	1.32000E-002	-2.80000E-003	-3.00000E-003	4.08900E-009	1.80000E-009	5.31150E-009	3.46810E+000	7.65904E+002	7.67660E+002	1.75590E+000	5.82473E-001	7.99700E-001	1.52230E-009	2.00470E-009	5.80800E-010
43	20	9	1	1.32000E-002	-2.70000E-003	-3.00000E-003	4.03280E-009	1.50000E-009	2.75410E-009	3.45220E+000	7.80711E+002	7.82164E+002	1.45320E+000	5.63396E-001	7.99100E-001	1.60660E-009	1.72370E-009	1.22720E-009
48	22	11	1	1.32000E-002	-2.70000E-003	-3.00000E-003	3.75410E-009	1.60000E-009	1.59250E-009	3.45090E+000	7.80935E+002	7.82094E+002	1.15990E+000	5.55343E-001	7.99000E-001	1.53630E-009	1.85480E-009	1.92040E-009
52	20	11	1	1.32000E-002	-2.70000E-003	-3.00000E-003	4.43560E-009	1.80000E-009	9.43330E-009	3.46050E+000	7.65458E+002	7.67085E+002	1.62730E+000	5.79783E-001	8.00500E-001	1.58550E-009	1.95080E-009	2.56680E-009
56	18	11	1	1.32000E-002	-2.70000E-003	-3.00000E-003	5.63940E-009	1.40000E-009	5.30210E-009	3.47380E+000	7.58467E+002	7.60236E+002	1.76980E+000	5.85546E-001	8.01100E-001	1.37710E-009	1.82440E-009	6.65100E-010
60	16	11	1	1.32000E-002	-2.70000E-003	-3.00000E-003	5.94380E-009	1.70000E-009	1.98600E-009	3.46640E+000	7.47450E+002	7.48906E+002	1.45600E+000	5.90011E-001	7.99900E-001	1.67450E-009	1.75880E-009	1.13350E-009
64	14	11	1	1.32000E-002	-2.70000E-003	-3.00000E-003	6.08440E-009	1.90000E-009	2.63230E-009	3.47010E+000	7.43667E+002	7.45513E+002	1.84610E+000	5.91511E-001	8.00200E-001	1.92270E-009	1.71660E-009	6.55700E-010
68	12	11	1	1.31000E-002	-2.70000E-003	-3.00000E-003	5.21320E-009	1.80000E-009	1.69560E-009	3.47130E+000	7.48033E+002	7.49760E+002	1.72650E+000	5.90786E-001	8.00300E-001	1.50590E-009	1.90170E-009	1.13350E-009
72	10	11	1	1.32000E-002	-2.70000E-003	-3.00000E-003	4.54340E-009	2.00000E-009	1.06418E-008	3.46420E+000	7.65822E+002	7.67378E+002	1.55600E+000	5.76187E-001	8.00100E-001	1.78460E-009	2.12880E-009	3.23190E-009
76	8	11	1	1.32000E-002	-2.70000E-003	-3.00000E-003	4.51060E-009	2.00000E-009	9.08700E-010	3.48420E+000	7.77380E+002	7.79244E+002	1.86390E+000	5.59015E-001	7.99300E-001	2.07500E-009	2.07260E-009	1.01170E-009
78	6	13	5	1.35000E-002	-2.90000E-003	-3.20000E-003	4.33020E-009	2.00000E-010	1.41130E-005
82	8	13	1	1.32000E-002	-2.70000E-003	-3.10000E-003	4.00470E-009	1.80000E-009	4.80570E-009	3.48610E+000	7.83589E+002	7.86125E+002	2.53600E+000	5.62502E-001	8.00700E-001	1.70490E-009	1.96720E-009	1.94850E-009
86	10	13	1	1.32000E-002	-2.70000E-003	-3.00000E-003	4.96020E-009	1.60000E-009	6.21080E-009	3.47320E+000	7.47801E+002	7.49310E+002	1.50890E+000	5.80822E-001	8.00100E-001	1.46840E-009	1.75410E-009	1.60190E-009
90	12	13	1	1.32000E-002	-2.70000E-003	-3.00000E-003	6.40520E-009	1.60000E-009	5.52700E-010	3.48250E+000	7.38957E+002	7.40609E+002	1.65190E+000	5.86233E-001	7.99900E-001	1.66040E-009	1.97190E-009	5.90200E-010
94	14	13	1	1.33000E-002	-2.70000E-003	-3.00000E-003	6.98130E-009	1.60000E-009	1.20840E-009	3.47710E+000	7.49364E+002	7.51138E+002	1.77390E+000	5.92389E-001	8.00200E-001	1.57140E-009	1.76820E-009	1.27400E-009
98	16	13	1	1.32000E-002	-2.70000E-003	-3.00000E-003	6.67450E-009	1.90000E-009	1.56440E-009	3.47440E+000	7.53575E+002	7.55273E+002	1.69750E+000	5.90419E-001	8.01300E-001	1.61590E-009	1.83840E-009	1.06790E-009
102	18	13	1	1.32000E-002	-2.70000E-003	-3.00000E-003	6.08670E-009	1.60000E-009	3.42860E-009	3.49180E+000	7.63036E+002	7.65067E+002	2.03150E+000	5.81109E-001	8.00900E-001	1.71660E-009	1.60890E-009	1.62060E-009
106	20	13	1	1.32000E-002	-2.70000E-003	-3.00000E-003	5.13820E-009	1.70000E-009	4.25300E-009	3.47190E+000	7.54660E+002	7.56435E+002	1.77460E+000	5.76872E-001	8.01100E-001	1.69090E-009	1.83840E-009	2.43600E-010
110	22	13	1	1.32000E-002	-2.70000E-003	-3.00000E-003	3.92270E-009	1.80000E-009	4.99300E-009	3.47030E+000	7.76728E+002	7.78413E+002	1.68530E+000	5.64669E-001	8.01200E-001	1.87590E-009	1.74940E-009	2.19210E-009
116	24	15	1	1.31000E-002	-2.70000E-003	-3.00000E-003	3.01170E-009	1.70000E-009	3.37240E-009	3.47040E+000	7.75132E+002	7.77157E+002	2.02420E+000	5.46666E-001	8.01000E-001	1.78920E-009	1.80560E-009	1.75180E-009
120	22	15	1	1.32000E-002	-2.70000E-003	-3.00000E-003	3.89000E-009	1.70000E-009	4.12200E-010	3.46230E+000	7.76806E+002	7.78554E+002	1.74770E+000	5.71979E-001	8.01600E-001	1.68150E-009	1.82200E-009	1.25530E-009
124	20	15	1	1.32000E-002	-2.70000E-003	-3.10000E-003	5.92980E-009	2.00000E-009	2.23890E-009	3.46520E+000	7.53275E+002	7.55006E+002	1.73010E+000	5.72665E-001	8.01500E-001	1.76110E-009	1.82670E-009	7.11900E-010
128	18	15	1	1.32000E-002	-2.70000E-003	-3.00000E-003	6.65340E-009	1.70000E-009	5.48950E-009	3.46710E+000	7.58934E+002	7.60617E+002	1.68310E+000	5.73476E-001	8.01200E-001	1.70490E-009	1.85720E-009	1.43330E-009
132	16	15	1	1.31000E-002	-2.70000E-003	-3.00000E-003	6.57850E-009	1.80000E-009	1.18030E-009	3.45160E+000	7.57908E+002	7.59946E+002	2.03780E+000	5.75094E-001	7.99900E-001	1.64870E-009	1.83840E-009	1.40500E-010
136	14	15	1	1.32000E-002	-2.70000E-003	-3.00000E-003	6.33490E-009	1.80000E-009	1.03000E-010	3.44540E+000	7.52472E+002	7.55132E+002	2.66040E+000	5.78514E-001	8.00300E-001	1.49880E-009	1.87820E-009	9.27400E-010
140	12	15	1	1.32000E-002	-2.70000E-003	-3.00000E-003	6.91110E-009	1.80000E-009	3.84100E-010	3.47570E+000	7.54137E+002	7.55949E+002	1.81200E+000	5.82385E-001	7.99700E-001	1.85720E-009	1.85010E-009	1.34900E-009
144	10	15	1	1.32000E-002	-2.70000E-003	-3.10000E-003	5.99770E-009	1.80000E-009	9.87360E-009	3.47750E+000	7.44058E+002	7.45846E+002	1.78870E+000	5.80241E-001	8.00800E-001	1.55740E-009	1.82200E-009	2.67920E-009
148	8	15	1	1.32000E-002	-2.70000E-003	-3.00000E-003	4.04920E-009	1.80000E-009	3.78460E-009	3.47910E+000	7.69397E+002	7.71190E+002	1.79270E+000	5.75836E-001	8.00700E-001	1.83840E-009	1.60660E-009	9.83600E-010
150	6	15	1	1.35000E-002	-2.90000E-003	-3.20000E-003	3.88290E-009	1.60000E-009	4.31850E-009	3.53240E+000	7.61179E+002	7.62861E+002	1.68250E+000	5.66366E-001	8.02700E-001	1.90400E-009	1.76820E-009	2.23890E-009
154	6	17	1	1.32000E-002	-2.80000E-003	-3.00000E-003	4.65580E-009	1.60000E-009	2.90400E-009	3.50890E+000	7.72450E+002	7.74513E+002	2.06230E+000	5.64890E-001	8.02600E-001	2.28100E-009	1.64640E-009	5.15200E-010
158	8	17	1	1.32000E-002	-2.70000E-003	-3.00000E-003	4.31150E-009	1.60000E-009	7.77500E-010	3.46800E+000	7.66315E+002	7.68143E+002	1.82760E+000	5.79204E-001	8.01400E-001	1.73770E-009	1.75880E-009	1.58320E-009
162	10	17	1	1.33000E-002	-2.70000E-003	-3.00000E-003	6.54100E-009	1.80000E-009	6.95090E-009	3.47880E+000	7.34026E+002	7.36278E+002	2.25240E+000	5.86127E-001	8.01100E-001	2.04920E-009	1.74470E-009	2.08900E-009
166	12	17	1	1.32000E-002	-2.70000E-003	-3.00000E-003	6.76120E-009	1.60000E-009	1.56440E-009	3.46100E+000	7.56893E+002	7.58548E+002	1.65450E+000	5.77481E-001	8.00000E-001	1.44030E-009	1.76580E-009	9.74200E-010
170	14	17	1	1.32000E-002	-2.70000E-003	-3.00000E-003	6.81740E-009	1.80000E-009	2.07960E-009	3.44730E+000	7.63417E+002	7.64828E+002	1.41110E+000	5.71203E-001	7.99800E-001	1.55500E-009	1.83840E-009	9.93000E-010
174	16	17	1	1.32000E-002	-2.70000E-003	-2.90000E-003	6.44030E-009	1.70000E-009	7.86900E-010	3.44800E+000	7.69079E+002	7.70961E+002	1.88130E+000	5.56515E-001	7.99700E-001	1.46610E-009	1.80800E-009	8.61800E-010
178	18	17	1	1.32000E-002	-2.70000E-003	-3.00000E-003	6.28110E-009	1.80000E-009	4.45910E-009	3.45610E+000	7.62609E+002	7.64551E+002	1.94210E+000	5.70417E-001	8.02000E-001	1.80100E-009	1.94850E-009	1.40500E-010
182	20	17	1	1.32000E-002	-2.70000E-003	-3.00000E-003	5.76350E-009	1.50000E-009	1.71430E-009	3.46690E+000	7.61392E+002	7.63368E+002	1.97600E+000	5.76680E-001	8.01400E-001	1.46610E-009	1.85950E-009	1.11480E-009
186	22	17	1	1.32000E-002	-2.70000E-003	-3.00000E-003	4.66050E-009	1.70000E-009	1.87360E-009	3.46360E+000	7.72676E+002	7.74331E+002	1.65510E+000	5.76926E-001	8.01300E-001	1.88290E-009	1.92040E-009	1.56440E-009
190	24	17	1	1.32000E-002	-2.70000E-003	-3.00000E-003	3.55970E-009	1.40000E-009	1.69560E-009	3.44950E+000	7.84008E+002	7.85727E+002	1.71880E+000	5.51064E-001	8.01600E-001	1.50590E-009	1.70490E-009	1.09600E-009
194	24	19	1	1.32000E-002	-2.80000E-003	-3.00000E-003	3.74010E-009	1.80000E-009	2.38880E-009	3.43560E+000	7.83885E+002	7.85609E+002	1.72390E+000	5.53827E-001	8.01200E-001	1.70960E-009	1.81270E-009	7.96300E-010
198	22	19	1	1.32000E-002	-2.70000E-003	-3.00000E-003	4.51760E-009	1.70000E-009	1.12410E-009	3.45860E+000	7.72967E+002	7.74725E+002	1.75750E+000	5.77550E-001	8.01700E-001	1.60420E-009	1.51060E-009	1.17100E-009
202	20	19	1	1.32000E-002	-2.60000E-003	-3.00000E-003	5.60190E-009	1.80000E-009	8.61800E-010	3.46310E+000	7.60282E+002	7.62405E+002	2.12310E+000	5.76793E-001	8.01700E-001	1.71200E-009	1.74940E-009	6.27600E-010
206	18	19	1	1.32000E-002	-2.70000E-003	-3.00000E-003	6.46610E-009	1.70000E-009	8.17810E-009	3.46310E+000	7.60582E+002	7.62157E+002	1.57480E+000	5.73218E-001	8.01300E-001	1.45900E-009	1.76820E-009	2.52930E-009
210	16	19	1	1.32000E-002	-2.70000E-003	-3.00000E-003	6.65110E-009	1.60000E-009	8.80600E-010	3.45150E+000	7.65943E+002	7.67200E+002	1.25750E+000	5.69010E-001	7.99300E-001	1.51290E-009	1.50120E-009	6.46400E-010
214	14	19	1	1.32000E-002	-2.60000E-003	-3.00000E-003	6.54570E-009	1.80000E-009	1.43330E-009	3.44880E+000	7.62035E+002	7.63577E+002	1.54240E+000	5.73904E-001	8.00300E-001	1.70490E-009	1.77520E-009	3.09100E-010
218	12	19	1	1.32000E-002	-2.70000E-003	-3.10000E-003	6.77290E-009	1.80000E-009	8.15000E-010	3.46790E+000	7.54477E+002	7.55929E+002	1.45150E+000	5.83631E-001	7.99900E-001	1.65110E-009	1.85250E-009	2.15460E-009
222	10	19	1	1.32000E-002	-2.70000E-003	-3.00000E-003	5.91110E-009	1.40000E-009	1.48385E-008	3.48170E+000	7.41951E+002	7.43611E+002	1.66070E+000	5.85460E-001	8.00500E-001	1.30910E-009	1.77280E-009	1.40500E-010
226	8	19	1	1.32000E-002	-2.70000E-003	-3.00000E-003	3.81740E-009	1.60000E-009	2.12650E-009	3.47220E+000	7.62729E+002	7.64298E+002	1.56950E+000	5.81265E-001	8.00600E-001	1.51990E-009	1.90870E-009	1.03980E-009
228	6	19	1	1.35000E-002	-2.80000E-003	-3.20000E-003	3.73540E-009	1.40000E-009	2.92270E-009	3.51790E+000	7.65998E+002	7.67797E+002	1.79890E+000	5.69610E-001	8.02100E-001	2.11950E-009	1.72130E-009	1.25530E-009
230	6	21	1	1.34000E-002	-2.90000E-003	-3.20000E-003	3.04450E-009	1.30000E-009	1.38268E-008	3.57470E+000	7.17754E+002	7.22553E+002	4.79900E+000	5.84790E-001	8.04600E-001	1.61590E-009	1.58320E-009	4.68000E-011
234	8	21	1	1.32000E-002	-2.70000E-003	-3.10000E-003	3.63000E-009	1.70000E-009	7.30700E-010	3.47280E+000	7.72416E+002	7.74310E+002	1.89380E+000	5.76213E-001	7.99700E-001	1.61130E-009	1.81030E-009	1.54570E-009
238	10	21	1	1.31000E-002	-2.70000E-003	-3.00000E-003	5.79160E-009	1.40000E-009	3.40050E-009	3.47700E+000	7.52379E+002	7.54041E+002	1.66190E+000	5.84080E-001	8.00400E-001	1.47540E-009	1.68620E-009	5.90200E-010
242	12	21	1	1.31000E-002	-2.70000E-003	-3.00000E-003	6.92040E-009	1.40000E-009	1.82670E-009	3.47580E+000	7.54438E+002	7.55851E+002	1.41290E+000	5.84505E-001	8.00500E-001	1.81730E-009	1.89460E-009	1.06790E-009
246	14	21	1	1.32000E-002	-2.70000E-003	-3.00000E-003	6.50120E-009	1.70000E-009	2.99800E-010	3.45430E+000	7.57017E+002	7.58670E+002	1.65270E+000	5.81572E-001	8.00400E-001	1.58080E-009	1.70020E-009	1.10540E-009
250	16	21	1	1.32000E-002	-2.70000E-003	-3.00000E-003	6.38410E-009	1.60000E-009	7.68200E-010	3.45090E+000	7.59835E+002	7.61747E+002	1.91200E+000	5.76726E-001	7.99300E-001	1.27640E-009	1.81030E-009	1.06790E-009
254	18	21	1	1.32000E-002	-2.70000E-003	-3.00000E-003	6.50360E-009	1.50000E-009	1.07730E-009	3.47600E+000	7.59785E+002	7.61497E+002	1.71180E+000	5.78326E-001	8.02500E-001	1.72840E-009	1.92510E-009	1.14290E-009
258	20	21	1	1.32000E-002	-2.70000E-003	-3.00000E-003	5.44270E-009	1.60000E-009	1.23650E-009	3.46650E+000	7.58825E+002	7.60564E+002	1.73920E+000	5.77570E-001	8.02100E-001	1.64400E-009	1.41220E-009	5.15200E-010
262	22	21	1	1.32000E-002	-2.70000E-003	-3.00000E-003	3.77750E-009	1.70000E-009	8.52500E-010	3.47130E+000	7.77517E+002	7.79064E+002	1.54620E+000	5.74958E-001	8.02100E-001	1.61360E-009	1.93210E-009	1.05860E-009
269	22	23	1	1.32000E-002	-2.70000E-003	-3.00000E-003	3.84780E-009	1.40000E-009	6.10780E-009	3.46120E+000	7.86099E+002	7.88224E+002	2.12570E+000	5.61790E-001	8.01600E-001	1.37240E-009	1.59720E-009	2.43600E-010
273	20	23	1	1.31000E-002	-2.70000E-003	-3.00000E-003	4.37010E-009	1.80000E-009	6.46400E-010	3.46080E+000	7.68363E+002	7.70191E+002	1.82740E+000	5.78261E-001	8.01800E-001	1.48010E-009	1.69090E-009	1.31150E-009
277	18	23	1	1.32000E-002	-2.70000E-003	-3.00000E-003	5.78930E-009	1.90000E-009	2.93210E-009	3.46420E+000	7.61585E+002	7.63359E+002	1.77400E+000	5.76158E-001	8.02000E-001	1.78460E-009	1.76580E-009	1.10540E-009
281	16	23	1	1.32000E-002	-2.60000E-003	-3.00000E-003	5.90400E-009	1.80000E-009	5.92980E-009	3.45810E+000	7.56580E+002	7.58073E+002	1.49350E+000	5.77573E-001	8.00900E-001	1.64870E-009	1.83610E-009	4.02800E-010
285	14	23	1	1.31000E-002	-2.60000E-003	-3.00000E-003	6.35370E-009	1.90000E-009	5.28340E-009	3.45690E+000	7.52657E+002	7.54483E+002	1.82620E+000	5.83823E-001	8.00700E-001	1.68390E-009	1.70490E-009	1.40520E-009
289	12	23	1	1.32000E-002	-2.70000E-003	-3.00000E-003	6.33730E-009	1.60000E-009	6.08900E-009	3.46450E+000	7.49190E+002	7.50843E+002	1.65260E+000	5.85278E-001	8.00600E-001	1.52460E-009	1.88290E-009	1.88290E-009
293	10	23	1	1.32000E-002	-2.70000E-003	-3.00000E-003	4.89230E-009	1.80000E-009	1.09600E-009	3.45940E+000	7.59760E+002	7.61336E+002	1.57610E+000	5.84616E-001	7.99200E-001	1.86650E-009	1.84080E-009	5.43300E-010
297	8	23	1	1.33000E-002	-2.70000E-003	-3.00000E-003	3.42630E-009	1.70000E-009	1.35830E-009	3.46260E+000	7.82389E+002	7.85700E+002	3.31120E+000	5.62580E-001	7.99800E-001	1.54100E-009	1.78690E-009	1.15220E-009
299	8	25	1	1.35000E-002	-2.90000E-003	-3.20000E-003	4.27170E-009	1.50000E-009	7.49000E-011	3.51930E+000	7.48826E+002	7.52551E+002	3.72560E+000	5.80861E-001	8.01300E-001	2.19670E-009	1.59950E-009	1.10540E-009
303	10	25	1	1.32000E-002	-2.70000E-003	-3.00000E-003	4.53170E-009	1.70000E-009	8.05600E-010	3.45160E+000	7.83924E+002	7.85379E+002	1.45500E+000	5.66966E-001	7.99900E-001	1.48010E-009	1.65810E-009	2.81000E-010
307	12	25	1	1.32000E-002	-2.80000E-003	-3.00000E-003	5.28110E-009	1.80000E-009	1.10446E-008	3.45750E+000	7.59371E+002	7.61098E+002	1.72700E+000	5.85093E-001	8.00300E-001	1.71900E-009	1.94850E-009	2.05150E-009
311	14	25	1	1.32000E-002	-2.70000E-003	-3.00000E-003	4.99770E-009	1.50000E-009	2.84780E-009	3.45710E+000	7.58006E+002	7.59631E+002	1.62500E+000	5.81448E-001	8.01500E-001	1.55500E-009	1.73770E-009	1.54570E-009
315	16	25	1	1.31000E-002	-2.70000E-003	-3.00000E-003	4.82440E-009	1.80000E-009	3.93450E-009	3.46190E+000	7.65685E+002	7.68206E+002	2.52110E+000	5.72637E-001	8.01600E-001	1.78690E-009	1.87120E-009	2.28570E-009
319	18	25	1	1.32000E-002	-2.70000E-003	-3.00000E-003	4.70500E-009	1.40000E-009	2.73540E-009	3.47020E+000	7.68766E+002	7.70668E+002	1.90230E+000	5.78668E-001	8.02300E-001	1.46610E-009	1.86180E-009	1.92040E-009
323	20	25	1	1.31000E-002	-2.70000E-003	-3.00000E-003	4.12180E-009	1.60000E-009	6.65100E-010	3.45690E+000	7.82606E+002	7.84082E+002	1.47570E+000	5.68127E-001	8.02100E-001	1.57850E-009	1.88760E-009	1.71430E-009
333	18	27	1	1.31000E-002	-2.70000E-003	-3.00000E-003	3.89930E-009	1.60000E-009	1.78000E-010	3.47040E+000	7.85391E+002	7.87521E+002	2.13030E+000	5.59587E-001	8.02600E-001	1.73540E-009	2.03050E-009	2.10770E-009
337	16	27	1	1.32000E-002	-2.70000E-003	-3.00000E-003	3.56680E-009	1.60000E-009	1.40500E-010	3.45590E+000	7.81968E+002	7.83915E+002	1.94650E+000	5.64481E-001	8.02500E-001	1.74940E-009	1.36300E-009	5.52700E-010
341	14	27	1	1.33000E-002	-2.70000E-003	-3.00000E-003	3.88530E-009	1.70000E-009	1.96601E-007	3.44720E+000	7.80781E+002	7.82506E+002	1.72530E+000	5.67426E-001	8.01900E-001	1.51290E-009	1.74710E-009	2.79160E-009
345	12	27	1	1.32000E-002	-2.70000E-003	-3.00000E-003	4.55980E-009	1.60000E-009	7.65350E-009	3.45350E+000	7.80622E+002	7.84024E+002	3.40140E+000	5.61637E-001	8.01300E-001	1.66980E-009	1.73300E-009	1.41450E-009
348	10	27	1	1.31000E-002	-2.90000E-003	-3.20000E-003	3.54340E-009	1.60000E-009	7.35370E-009	3.49590E+000	7.56267E+002	7.59358E+002	3.09040E+000	5.76136E-001	8.02600E-001	2.00000E-009	1.65340E-009	1.41450E-009

