Program name	H0192AB_E4_CP1.dll
Lot number	C146419.00-CPTSTE07-250312-165021@CP
Wafer number	05
Date	2025/03/12
Time	16:53:19

No.U	X	Y	Bin	CONT@D	CONT@G	CONT@S	IGSS1	IGSSR1	IDSS1	VTH	BVDSS1	BVDSS2	BV2-BV1	RDSON1	VFSDS	IGSS2	IGSSR2	IDSS3
LimitU				0.5V	0.5V	0.5V	80nA	3uA	200nA	4V	900V	900V	50V	640mohm	1V	80nA	80nA	150nA
LimitL				-0.5V	-0.5V	-0.5V	0nA	0uA	0nA	3V	700V	700V	-10V	0mohm	0V	0nA	0nA	0nA
Bias 1				 	 	 	 	 	 	100uA	250uA	1mA	 	1A	 	 	 	 
Bias 2				 	 	 	 	 	 	 	 	 	 	 	2A	 	 	 
Bias 3				2V	 	 	 	 	700V	 	 	 	 	 	 	 	 	600V
Bias 4				 	2V	 	30V	-30V	 	 	 	 	 	10V	0V	20V	-20V	 
Bias 5				1000uS	8000uS	8000uS	12000uS	12000uS	10000uS	2000uS	10000uS	8000uS	1000uS	50000uS	5000uS	12000uS	12000uS	10000uS
Bias 6				 	 	 	 	 	 	 	 	 	 	 	 	 	 	 
3	17	6	1	1.32000E-002	1.20000E-003	9.00000E-004	3.13820E-009	1.20000E-009	4.73060E-009	3.48530E+000	7.63949E+002	7.67353E+002	3.40410E+000	5.58033E-001	7.99100E-001	1.03510E-009	1.95080E-009	1.15220E-009
7	15	6	1	1.32000E-002	1.20000E-003	9.00000E-004	3.34420E-009	1.40000E-009	3.79390E-009	3.48900E+000	7.71618E+002	7.73354E+002	1.73590E+000	5.60898E-001	7.98300E-001	1.05850E-009	2.00470E-009	6.18300E-010
11	13	6	1	1.32000E-002	1.20000E-003	9.00000E-004	3.95080E-009	1.40000E-009	7.07260E-009	3.51140E+000	7.67794E+002	7.69968E+002	2.17400E+000	5.54247E-001	7.99700E-001	1.02580E-009	1.73540E-009	2.11710E-009
20	9	8	1	1.32000E-002	1.20000E-003	9.00000E-004	3.63930E-009	1.50000E-009	2.11240E-008	3.57700E+000	7.16976E+002	7.22084E+002	5.10810E+000	5.62377E-001	8.00500E-001	1.19440E-009	1.90160E-009	3.56000E-010
24	11	8	1	1.32000E-002	1.30000E-003	9.00000E-004	3.60650E-009	1.50000E-009	9.73300E-009	3.48120E+000	7.82045E+002	7.84564E+002	2.51830E+000	5.49284E-001	7.98200E-001	1.11470E-009	1.69790E-009	3.74700E-010
28	13	8	1	1.32000E-002	1.30000E-003	9.00000E-004	3.82670E-009	1.60000E-009	2.41029E-008	3.46180E+000	7.87025E+002	7.89379E+002	2.35400E+000	5.57449E-001	7.98200E-001	1.18730E-009	1.78450E-009	1.47070E-009
32	15	8	1	1.31000E-002	1.30000E-003	9.00000E-004	4.09370E-009	1.60000E-009	4.59950E-009	3.45630E+000	7.81361E+002	7.83191E+002	1.83060E+000	5.70253E-001	7.98300E-001	1.33720E-009	1.81730E-009	4.68000E-011
36	17	8	1	1.31000E-002	1.20000E-003	9.00000E-004	3.60190E-009	1.40000E-009	2.87590E-009	3.43670E+000	7.80427E+002	7.82639E+002	2.21160E+000	5.66032E-001	7.98700E-001	1.14280E-009	1.89690E-009	5.24600E-010
40	19	8	1	1.31000E-002	1.30000E-003	1.00000E-003	4.22250E-009	1.50000E-009	2.74470E-009	3.43580E+000	7.83789E+002	7.83526E+002	-2.62700E-001	5.55507E-001	7.98100E-001	1.29740E-009	2.13580E-009	1.92040E-009
45	21	10	1	1.32000E-002	1.30000E-003	9.00000E-004	3.73530E-009	1.60000E-009	4.24350E-009	3.44970E+000	7.83742E+002	7.85948E+002	2.20570E+000	5.56456E-001	7.97700E-001	1.38640E-009	1.84540E-009	2.21080E-009
49	19	10	1	1.31000E-002	1.30000E-003	9.00000E-004	4.45430E-009	1.50000E-009	3.14750E-009	3.43480E+000	7.70305E+002	7.71906E+002	1.60090E+000	5.74400E-001	7.97600E-001	1.03280E-009	1.97660E-009	1.51760E-009
53	17	10	1	1.32000E-002	1.20000E-003	9.00000E-004	4.72360E-009	1.60000E-009	8.08430E-009	3.45360E+000	7.62700E+002	7.64321E+002	1.62160E+000	5.77334E-001	7.97700E-001	9.85900E-010	1.79620E-009	1.40500E-010
57	15	10	1	1.32000E-002	1.20000E-003	9.00000E-004	4.95080E-009	1.70000E-009	1.92505E-008	3.45240E+000	7.66038E+002	7.67736E+002	1.69800E+000	5.75557E-001	7.97900E-001	1.21540E-009	1.55030E-009	1.28340E-009
61	13	10	1	1.32000E-002	1.20000E-003	1.00000E-003	4.62530E-009	1.90000E-009	9.19900E-009	3.47020E+000	7.72107E+002	7.73921E+002	1.81460E+000	5.74021E-001	7.98100E-001	1.45670E-009	1.85950E-009	1.03980E-009
65	11	10	1	1.32000E-002	1.30000E-003	9.00000E-004	3.91570E-009	1.60000E-009	1.58219E-008	3.48190E+000	7.87069E+002	7.88696E+002	1.62740E+000	5.66300E-001	7.97800E-001	1.24120E-009	1.81260E-009	1.51760E-009
69	9	10	1	1.32000E-002	1.30000E-003	9.00000E-004	3.30210E-009	1.40000E-009	3.54100E-009	3.48050E+000	7.82782E+002	7.84916E+002	2.13420E+000	5.52123E-001	7.97200E-001	1.04210E-009	1.90400E-009	1.88290E-009
73	7	10	3	1.31000E-002	8.90000E-003	1.00000E-003	1.38700E-005
79	7	12	1	1.32000E-002	1.20000E-003	9.00000E-004	3.63000E-009	1.50000E-009	7.65330E-009	3.49230E+000	7.69628E+002	7.71813E+002	2.18540E+000	5.57260E-001	7.97000E-001	1.18730E-009	1.59480E-009	2.17330E-009
83	9	12	1	1.32000E-002	1.30000E-003	9.00000E-004	4.00930E-009	1.60000E-009	3.81260E-009	3.47580E+000	7.84015E+002	7.85797E+002	1.78260E+000	5.64424E-001	7.97500E-001	1.25290E-009	1.87820E-009	2.69790E-009
87	11	12	1	1.31000E-002	1.20000E-003	9.00000E-004	5.10540E-009	1.80000E-009	5.09600E-009	3.47330E+000	7.76523E+002	7.78084E+002	1.56120E+000	5.68178E-001	7.97400E-001	1.23650E-009	1.81500E-009	2.06090E-009
91	13	12	1	1.31000E-002	1.20000E-003	9.00000E-004	5.79390E-009	1.50000E-009	6.30440E-009	3.46160E+000	7.70385E+002	7.71855E+002	1.47040E+000	5.68973E-001	7.98000E-001	1.16860E-009	2.10300E-009	1.21800E-010
95	15	12	1	1.32000E-002	1.30000E-003	1.00000E-003	6.00000E-009	1.70000E-009	7.35360E-009	3.40130E+000	7.68407E+002	7.70091E+002	1.68360E+000	5.73989E-001	7.96600E-001	1.15460E-009	1.89930E-009	2.11710E-009
99	17	12	1	1.31000E-002	1.30000E-003	9.00000E-004	5.76340E-009	1.70000E-009	3.95310E-009	3.45090E+000	7.65632E+002	7.67501E+002	1.86900E+000	5.69037E-001	7.98200E-001	1.25530E-009	1.90870E-009	1.85480E-009
103	19	12	1	1.32000E-002	1.30000E-003	1.00000E-003	5.10300E-009	1.80000E-009	3.82200E-009	3.44560E+000	7.64558E+002	7.66154E+002	1.59660E+000	5.69697E-001	7.97800E-001	1.13350E-009	1.85010E-009	2.41680E-009
107	21	12	1	1.32000E-002	1.30000E-003	1.00000E-003	3.87350E-009	1.60000E-009	1.71430E-009	3.45520E+000	7.76860E+002	7.78422E+002	1.56260E+000	5.65790E-001	7.97800E-001	1.03040E-009	1.94850E-009	2.67910E-009
111	23	12	1	1.31000E-002	1.30000E-003	9.00000E-004	4.10300E-009	1.70000E-009	6.01400E-009	3.47220E+000	7.82106E+002	7.84014E+002	1.90790E+000	5.49222E-001	7.98500E-001	1.45200E-009	2.03980E-009	1.04920E-009
113	23	14	1	1.32000E-002	1.30000E-003	9.00000E-004	3.32080E-009	1.40000E-009	4.40300E-010	3.47150E+000	7.88927E+002	7.90772E+002	1.84550E+000	5.52488E-001	7.97900E-001	1.00230E-009	1.72360E-009	2.72600E-009
117	21	14	1	1.33000E-002	1.30000E-003	9.00000E-004	4.38170E-009	1.60000E-009	2.02340E-009	3.45980E+000	7.73617E+002	7.75484E+002	1.86770E+000	5.62163E-001	7.97600E-001	1.04920E-009	1.87120E-009	3.07260E-009
121	19	14	1	1.31000E-002	1.30000E-003	1.00000E-003	5.95310E-009	1.60000E-009	3.33490E-009	3.45720E+000	7.67140E+002	7.68637E+002	1.49660E+000	5.64436E-001	7.97800E-001	1.13110E-009	1.49410E-009	2.77280E-009
125	17	14	1	1.33000E-002	1.30000E-003	1.00000E-003	5.90860E-009	1.70000E-009	5.63930E-009	3.44440E+000	7.67340E+002	7.68866E+002	1.52600E+000	5.67476E-001	7.97100E-001	1.06560E-009	1.90400E-009	2.47310E-009
129	15	14	1	1.33000E-002	1.30000E-003	9.00000E-004	6.27630E-009	1.40000E-009	4.00930E-009	3.43810E+000	7.64475E+002	7.65874E+002	1.39890E+000	5.69031E-001	7.96700E-001	1.32080E-009	1.77750E-009	1.43320E-009
133	13	14	1	1.31000E-002	1.30000E-003	1.00000E-003	6.25990E-009	1.50000E-009	7.87820E-009	3.45740E+000	7.64010E+002	7.65612E+002	1.60220E+000	5.71215E-001	7.97400E-001	1.11470E-009	2.11240E-009	9.55500E-010
137	11	14	1	1.32000E-002	1.30000E-003	9.00000E-004	5.75410E-009	1.60000E-009	4.88050E-009	3.46940E+000	7.71338E+002	7.72981E+002	1.64300E+000	5.60189E-001	7.97400E-001	1.01640E-009	2.01170E-009	1.13350E-009
141	9	14	1	1.32000E-002	1.30000E-003	1.00000E-003	4.68150E-009	1.30000E-009	7.09130E-009	3.46270E+000	7.68862E+002	7.70502E+002	1.64070E+000	5.65171E-001	7.96800E-001	1.19440E-009	1.70720E-009	1.29270E-009
145	7	14	1	1.31000E-002	1.30000E-003	9.00000E-004	3.39110E-009	1.50000E-009	6.43560E-009	3.48100E+000	7.82058E+002	7.83889E+002	1.83080E+000	5.53292E-001	7.97500E-001	1.31620E-009	1.97420E-009	6.55700E-010
151	5	16	3	1.31000E-002	6.10000E-003	6.05000E-002	1.38700E-005
155	7	16	1	1.32000E-002	1.30000E-003	9.00000E-004	4.28100E-009	1.70000E-009	5.71400E-010	3.47380E+000	7.85961E+002	7.87960E+002	1.99990E+000	5.56305E-001	7.98000E-001	1.18500E-009	1.75880E-009	2.76340E-009
159	9	16	1	1.32000E-002	1.30000E-003	9.00000E-004	4.96250E-009	1.60000E-009	3.00700E-009	3.47460E+000	7.63502E+002	7.65046E+002	1.54470E+000	5.72575E-001	7.98200E-001	1.10070E-009	1.63000E-009	2.94140E-009
163	11	16	1	1.32000E-002	1.30000E-003	9.00000E-004	5.75870E-009	1.80000E-009	3.67210E-009	3.48180E+000	7.76491E+002	7.78367E+002	1.87590E+000	5.59742E-001	7.97700E-001	1.03750E-009	1.82430E-009	1.92040E-009
167	13	16	1	1.32000E-002	1.30000E-003	9.00000E-004	6.81490E-009	1.80000E-009	6.20140E-009	3.44930E+000	7.65976E+002	7.67672E+002	1.69580E+000	5.66185E-001	7.97500E-001	1.04450E-009	1.86650E-009	2.02340E-009
171	15	16	1	1.32000E-002	1.40000E-003	1.00000E-003	6.68150E-009	1.80000E-009	1.93910E-009	3.43470E+000	7.60946E+002	7.62455E+002	1.50940E+000	5.70810E-001	7.96100E-001	1.21540E-009	1.45900E-009	1.34890E-009
175	17	16	1	1.31000E-002	1.30000E-003	1.00000E-003	5.87580E-009	1.90000E-009	6.12640E-009	3.43770E+000	7.66378E+002	7.68016E+002	1.63800E+000	5.69813E-001	7.96800E-001	1.60190E-009	1.82430E-009	2.81000E-011
179	19	16	1	1.33000E-002	1.40000E-003	1.00000E-003	5.75640E-009	1.70000E-009	2.66980E-009	3.45430E+000	7.67491E+002	7.68966E+002	1.47560E+000	5.66912E-001	7.97800E-001	1.22480E-009	1.97890E-009	1.21800E-010
183	21	16	1	1.32000E-002	1.30000E-003	9.00000E-004	4.75410E-009	1.40000E-009	1.59250E-009	3.46510E+000	7.72469E+002	7.74043E+002	1.57370E+000	5.66530E-001	7.97700E-001	1.20840E-009	1.64870E-009	1.50820E-009
187	23	16	1	1.32000E-002	1.40000E-003	1.00000E-003	3.70720E-009	1.70000E-009	1.62060E-009	3.47050E+000	7.90259E+002	7.91619E+002	1.36020E+000	5.61158E-001	7.97900E-001	1.48480E-009	1.94850E-009	2.01400E-009
191	23	18	1	1.31000E-002	1.30000E-003	9.00000E-004	3.38640E-009	1.80000E-009	1.49900E-010	3.47360E+000	7.91068E+002	7.92366E+002	1.29750E+000	5.60758E-001	7.98000E-001	1.25990E-009	2.11470E-009	6.56000E-011
195	21	18	1	1.32000E-002	1.30000E-003	1.00000E-003	4.99530E-009	1.60000E-009	1.92970E-009	3.45810E+000	7.73643E+002	7.75386E+002	1.74300E+000	5.65381E-001	7.97400E-001	1.04210E-009	1.75880E-009	2.83840E-009
199	19	18	1	1.32000E-002	1.40000E-003	1.00000E-003	5.68380E-009	1.60000E-009	2.88520E-009	3.44140E+000	7.73664E+002	7.75709E+002	2.04540E+000	5.64264E-001	7.98200E-001	1.14520E-009	2.11710E-009	4.21500E-010
203	17	18	1	1.32000E-002	1.30000E-003	1.00000E-003	5.89460E-009	1.40000E-009	4.32780E-009	3.43040E+000	7.68478E+002	7.69954E+002	1.47640E+000	5.67939E-001	7.96000E-001	1.17800E-009	2.00470E-009	1.49880E-009
207	15	18	1	1.32000E-002	1.30000E-003	9.00000E-004	6.49180E-009	1.70000E-009	2.33250E-009	3.43220E+000	7.58330E+002	7.60104E+002	1.77450E+000	5.60838E-001	7.95800E-001	1.18730E-009	1.73770E-009	4.87100E-010
211	13	18	1	1.32000E-002	1.40000E-003	1.00000E-003	6.11240E-009	1.60000E-009	1.24964E-008	3.44450E+000	7.65947E+002	7.67470E+002	1.52300E+000	5.65527E-001	7.95800E-001	1.28340E-009	2.02110E-009	7.40000E-010
215	11	18	1	1.32000E-002	1.40000E-003	9.00000E-004	5.88050E-009	1.50000E-009	1.67680E-009	3.48610E+000	7.75943E+002	7.77815E+002	1.87200E+000	5.62679E-001	7.98200E-001	1.28800E-009	2.14280E-009	1.06790E-009
219	9	18	1	1.32000E-002	1.40000E-003	9.00000E-004	4.88520E-009	1.50000E-009	2.36060E-009	3.46660E+000	7.64085E+002	7.65513E+002	1.42890E+000	5.73198E-001	7.97600E-001	1.18030E-009	1.81030E-009	2.10770E-009
223	7	18	1	1.31000E-002	1.30000E-003	9.00000E-004	3.31850E-009	1.40000E-009	2.30440E-009	3.47610E+000	7.85203E+002	7.87165E+002	1.96270E+000	5.57947E-001	7.97700E-001	9.81300E-010	1.71190E-009	2.34190E-009
231	7	20	1	1.32000E-002	1.30000E-003	9.00000E-004	3.63000E-009	1.60000E-009	5.33020E-009	3.46040E+000	7.81844E+002	7.83725E+002	1.88190E+000	5.56151E-001	7.97500E-001	1.32320E-009	1.83140E-009	1.02110E-009
235	9	20	1	1.33000E-002	1.30000E-003	9.00000E-004	4.51990E-009	1.60000E-009	1.70490E-009	3.46610E+000	7.64459E+002	7.65904E+002	1.44480E+000	5.74172E-001	7.97600E-001	1.21080E-009	2.03750E-009	1.33020E-009
239	11	20	1	1.32000E-002	1.30000E-003	9.00000E-004	5.93440E-009	1.50000E-009	1.52690E-009	3.47850E+000	7.73935E+002	7.75730E+002	1.79480E+000	5.63310E-001	7.98000E-001	1.02110E-009	1.96250E-009	1.93910E-009
243	13	20	1	1.32000E-002	1.30000E-003	1.00000E-003	7.15450E-009	1.50000E-009	1.73301E-008	3.44580E+000	7.66780E+002	7.68314E+002	1.53420E+000	5.65741E-001	7.96800E-001	1.15690E-009	1.72360E-009	7.49000E-011
247	15	20	1	1.32000E-002	1.40000E-003	1.00000E-003	6.48710E-009	1.50000E-009	1.94850E-009	3.43400E+000	7.65019E+002	7.66469E+002	1.45010E+000	5.73895E-001	7.95900E-001	1.12410E-009	1.72130E-009	6.55700E-010
251	17	20	1	1.32000E-002	1.30000E-003	1.00000E-003	6.74940E-009	1.70000E-009	1.21592E-008	3.42450E+000	7.63643E+002	7.65027E+002	1.38320E+000	5.65811E-001	7.96900E-001	1.26460E-009	1.68850E-009	4.49600E-010
255	19	20	1	1.32000E-002	1.40000E-003	1.00000E-003	5.88520E-009	1.80000E-009	3.01640E-009	3.44400E+000	7.72765E+002	7.74217E+002	1.45150E+000	5.66878E-001	7.97700E-001	1.42620E-009	1.85710E-009	1.83610E-009
259	21	20	1	1.32000E-002	1.40000E-003	9.00000E-004	4.64870E-009	1.70000E-009	3.25990E-009	3.46180E+000	7.73017E+002	7.74780E+002	1.76340E+000	5.67696E-001	7.97500E-001	1.38170E-009	1.83840E-009	2.06100E-010
263	23	20	1	1.31000E-002	1.30000E-003	9.00000E-004	3.68380E-009	1.60000E-009	1.68620E-009	3.47360E+000	7.91356E+002	7.93269E+002	1.91340E+000	5.55570E-001	7.98400E-001	1.49880E-009	1.81500E-009	3.33490E-009
265	23	22	1	1.33000E-002	1.20000E-003	9.00000E-004	4.55270E-009	1.30000E-009	4.40280E-009	3.44870E+000	7.85261E+002	7.87149E+002	1.88750E+000	5.46082E-001	7.97400E-001	2.03980E-009	1.38640E-009	2.22950E-009
266	21	22	1	1.32000E-002	1.30000E-003	1.00000E-003	4.29270E-009	1.60000E-009	8.33700E-010	3.45610E+000	7.79330E+002	7.80862E+002	1.53240E+000	5.68413E-001	7.97500E-001	1.34190E-009	1.94140E-009	1.24590E-009
270	19	22	1	1.32000E-002	1.30000E-003	1.00000E-003	5.37470E-009	1.50000E-009	2.94140E-009	3.44930E+000	7.66530E+002	7.67936E+002	1.40610E+000	5.66404E-001	7.97900E-001	9.11000E-010	1.78220E-009	1.63930E-009
274	17	22	1	1.31000E-002	1.30000E-003	1.00000E-003	6.13110E-009	1.30000E-009	4.17800E-009	3.44980E+000	7.70839E+002	7.72360E+002	1.52100E+000	5.64940E-001	7.97500E-001	1.13350E-009	1.92270E-009	2.35130E-009
278	15	22	1	1.32000E-002	1.30000E-003	1.00000E-003	6.60890E-009	1.60000E-009	5.22710E-009	3.44080E+000	7.65992E+002	7.67492E+002	1.49950E+000	5.66969E-001	7.97400E-001	1.20610E-009	1.61360E-009	1.38640E-009
282	13	22	1	1.32000E-002	1.40000E-003	9.00000E-004	6.61120E-009	1.60000E-009	4.67440E-009	3.45730E+000	7.67907E+002	7.69555E+002	1.64790E+000	5.68288E-001	7.98300E-001	1.09600E-009	1.99060E-009	2.80090E-009
286	11	22	1	1.31000E-002	1.30000E-003	1.00000E-003	6.18730E-009	1.70000E-009	1.46130E-009	3.47320E+000	7.65530E+002	7.67094E+002	1.56330E+000	5.68828E-001	7.98000E-001	1.33960E-009	1.69320E-009	1.79860E-009
290	9	22	1	1.32000E-002	1.30000E-003	9.00000E-004	4.19200E-009	1.50000E-009	3.46600E-009	3.47530E+000	7.75479E+002	7.76924E+002	1.44490E+000	5.71722E-001	7.98000E-001	1.28570E-009	1.79160E-009	1.63930E-009
294	7	22	1	1.31000E-002	1.30000E-003	9.00000E-004	3.02110E-009	1.70000E-009	3.20370E-009	3.49870E+000	7.77254E+002	7.79511E+002	2.25710E+000	5.57097E-001	7.99000E-001	1.42620E-009	1.59720E-009	2.60420E-009
300	9	24	1	1.32000E-002	1.30000E-003	9.00000E-004	4.04920E-009	1.40000E-009	5.62060E-009	3.47200E+000	7.84680E+002	7.86575E+002	1.89490E+000	5.57458E-001	7.97800E-001	1.07730E-009	1.82200E-009	6.55700E-010
304	11	24	1	1.32000E-002	1.30000E-003	9.00000E-004	5.02100E-009	1.60000E-009	5.12410E-009	3.46930E+000	7.71718E+002	7.73423E+002	1.70510E+000	5.71940E-001	7.98100E-001	1.25060E-009	1.92500E-009	7.49400E-010
308	13	24	1	1.31000E-002	1.30000E-003	9.00000E-004	5.54560E-009	1.70000E-009	3.80330E-009	3.46360E+000	7.65338E+002	7.66993E+002	1.65520E+000	5.69812E-001	7.97900E-001	1.24360E-009	1.86880E-009	9.27400E-010
312	15	24	1	1.32000E-002	1.30000E-003	1.00000E-003	5.50580E-009	1.60000E-009	4.55270E-009	3.44750E+000	7.63124E+002	7.64815E+002	1.69080E+000	5.60535E-001	7.97600E-001	1.17560E-009	1.90630E-009	1.38640E-009
316	17	24	1	1.32000E-002	1.30000E-003	9.00000E-004	5.19670E-009	1.70000E-009	2.81970E-009	3.45500E+000	7.68270E+002	7.69750E+002	1.47990E+000	5.64666E-001	7.97500E-001	1.28340E-009	2.00000E-009	9.55500E-010
320	19	24	1	1.31000E-002	1.40000E-003	1.00000E-003	4.38400E-009	1.30000E-009	2.36060E-009	3.45630E+000	7.70365E+002	7.71994E+002	1.62980E+000	5.71121E-001	7.98600E-001	9.06300E-010	1.76580E-009	6.55700E-010
324	21	24	1	1.34000E-002	1.30000E-003	9.00000E-004	3.87350E-009	1.70000E-009	9.74200E-010	3.46200E+000	7.87231E+002	7.89108E+002	1.87730E+000	5.60283E-001	7.97900E-001	1.29980E-009	1.71430E-009	2.04210E-009
327	19	26	1	1.34000E-002	1.30000E-003	9.00000E-004	4.19900E-009	1.70000E-009	1.89230E-009	3.45700E+000	7.86105E+002	7.88548E+002	2.44240E+000	5.61237E-001	7.98100E-001	1.43560E-009	1.66040E-009	2.44490E-009
330	17	26	1	1.31000E-002	1.30000E-003	1.00000E-003	3.99530E-009	1.50000E-009	3.69080E-009	3.45460E+000	7.73605E+002	7.75075E+002	1.46990E+000	5.67191E-001	7.98600E-001	1.74710E-009	1.84310E-009	1.52690E-009
334	15	26	1	1.33000E-002	1.40000E-003	9.00000E-004	4.47770E-009	1.70000E-009	4.20610E-009	3.44660E+000	7.69140E+002	7.70726E+002	1.58570E+000	5.67274E-001	7.97900E-001	1.49880E-009	1.97660E-009	9.18000E-010
338	13	26	1	1.31000E-002	1.30000E-003	9.00000E-004	4.49410E-009	1.50000E-009	5.03980E-009	3.46060E+000	7.72773E+002	7.74371E+002	1.59870E+000	5.69691E-001	7.98200E-001	1.29740E-009	1.91570E-009	1.86420E-009
342	11	26	5	1.32000E-002	1.30000E-003	9.00000E-004	3.99290E-009	1.70000E-009	8.57175E-007
346	9	26	1	1.32000E-002	1.30000E-003	9.00000E-004	4.00700E-009	1.70000E-009	7.13810E-009	3.49600E+000	7.67447E+002	7.69698E+002	2.25040E+000	5.60397E-001	7.98700E-001	1.71900E-009	2.00000E-009	1.97660E-009
350	13	28	1	1.34000E-002	1.30000E-003	8.00000E-004	3.86880E-009	1.50000E-009	3.29740E-009	3.46950E+000	7.77316E+002	7.79596E+002	2.28010E+000	5.50215E-001	7.98200E-001	1.57140E-009	1.58780E-009	1.76110E-009
352	15	28	1	1.35000E-002	1.30000E-003	9.00000E-004	4.06790E-009	1.60000E-009	4.95550E-009	3.45320E+000	7.80091E+002	7.82149E+002	2.05830E+000	5.48645E-001	7.98300E-001	1.38410E-009	1.92040E-009	1.69550E-009
354	17	28	1	1.32000E-002	1.30000E-003	8.00000E-004	3.96720E-009	1.20000E-009	2.59858E-008	3.45920E+000	7.79116E+002	7.81170E+002	2.05420E+000	5.52420E-001	7.98500E-001	2.08900E-009	1.43790E-009	2.06100E-010

4	18	6	1	1.32000E-002	2.40000E-003	2.00000E-003	3.55690E-009	1.50000E-009	3.37190E-009	3.53110E+000	7.46098E+002	7.50100E+002	4.00210E+000	5.60798E-001	7.99200E-001	1.47520E-009	2.08640E-009	2.53830E-009
8	16	6	1	1.32000E-002	2.40000E-003	2.00000E-003	3.65530E-009	1.60000E-009	5.61050E-009	3.49010E+000	7.71416E+002	7.73385E+002	1.96860E+000	5.60126E-001	7.97500E-001	1.40260E-009	2.19640E-009	5.15200E-010
12	14	6	1	1.32000E-002	2.30000E-003	2.00000E-003	4.20550E-009	1.80000E-009	4.54270E-009	3.49540E+000	7.70820E+002	7.73481E+002	2.66070E+000	5.58308E-001	7.98100E-001	1.44480E-009	1.92480E-009	1.57360E-009
15	12	6	1	1.35000E-002	2.30000E-003	2.00000E-003	4.25470E-009	1.70000E-009	4.08096E-008	3.56540E+000	7.25751E+002	7.29482E+002	3.73150E+000	5.60769E-001	7.99700E-001	1.74450E-009	2.31820E-009	1.90139E-008
21	10	8	1	1.32000E-002	2.50000E-003	2.00000E-003	3.76770E-009	1.90000E-009	2.77250E-009	3.51050E+000	7.75104E+002	7.77086E+002	1.98240E+000	5.56892E-001	7.96100E-001	1.68360E-009	2.04660E-009	1.40500E-010
25	12	8	1	1.32000E-002	2.40000E-003	2.10000E-003	4.49120E-009	1.70000E-009	3.93390E-009	3.45960E+000	7.84534E+002	7.86826E+002	2.29200E+000	5.53954E-001	7.96400E-001	1.50100E-009	1.94820E-009	1.42370E-009
29	14	8	1	1.32000E-002	2.50000E-003	2.00000E-003	4.01590E-009	2.00000E-009	4.12100E-010	3.46670E+000	7.83813E+002	7.86394E+002	2.58100E+000	5.67260E-001	7.97700E-001	1.72340E-009	1.85220E-009	1.18020E-009
33	16	8	1	1.31000E-002	2.50000E-003	2.10000E-003	4.68790E-009	1.90000E-009	8.89800E-010	3.44830E+000	7.82222E+002	7.84067E+002	1.84470E+000	5.68334E-001	7.97500E-001	1.90140E-009	1.95290E-009	7.49300E-010
37	18	8	1	1.31000E-002	2.50000E-003	2.10000E-003	4.03460E-009	1.90000E-009	1.91080E-009	3.44070E+000	7.85001E+002	7.87757E+002	2.75670E+000	5.54861E-001	7.97800E-001	1.55720E-009	2.08400E-009	1.12400E-010
41	20	8	1	1.31000E-002	2.50000E-003	2.10000E-003	3.62010E-009	1.80000E-009	1.77030E-009	3.45940E+000	7.76618E+002	7.78778E+002	2.16060E+000	5.55906E-001	7.97100E-001	1.73750E-009	2.36030E-009	1.80770E-009
46	22	10	1	1.32000E-002	2.50000E-003	2.00000E-003	3.51710E-009	1.80000E-009	4.44910E-009	3.46810E+000	7.77691E+002	7.79788E+002	2.09630E+000	5.54296E-001	7.96800E-001	1.72580E-009	2.02780E-009	2.28540E-009
50	20	10	1	1.31000E-002	2.50000E-003	2.10000E-003	4.29690E-009	1.70000E-009	1.49900E-010	3.45310E+000	7.78943E+002	7.80483E+002	1.53990E+000	5.67670E-001	7.96900E-001	1.36280E-009	2.17070E-009	2.25730E-009
54	18	10	1	1.32000E-002	2.50000E-003	2.00000E-003	4.75110E-009	1.80000E-009	3.26890E-009	3.43570E+000	7.71598E+002	7.73446E+002	1.84810E+000	5.72106E-001	7.96500E-001	1.37220E-009	2.03490E-009	7.39900E-010
58	16	10	1	1.32000E-002	2.40000E-003	2.10000E-003	5.37400E-009	1.90000E-009	2.01191E-008	3.44920E+000	7.67632E+002	7.69364E+002	1.73200E+000	5.73124E-001	7.96100E-001	1.59930E-009	1.79370E-009	2.75370E-009
62	14	10	1	1.32000E-002	2.40000E-003	2.10000E-003	5.22180E-009	2.10000E-009	7.54940E-009	3.45870E+000	7.67989E+002	7.69581E+002	1.59210E+000	5.75146E-001	7.96200E-001	1.78670E-009	2.16130E-009	3.02540E-009
66	12	10	1	1.32000E-002	2.50000E-003	2.10000E-003	4.64580E-009	2.10000E-009	8.99180E-009	3.46660E+000	7.75184E+002	7.76731E+002	1.54650E+000	5.74087E-001	7.95800E-001	1.67890E-009	2.08170E-009	2.44460E-009
70	10	10	1	1.32000E-002	2.50000E-003	2.10000E-003	3.64120E-009	1.70000E-009	3.61550E-009	3.47620E+000	7.87683E+002	7.89168E+002	1.48590E+000	5.59623E-001	7.95900E-001	1.43070E-009	2.06760E-009	2.34160E-009
74	8	10	1	1.31000E-002	2.40000E-003	2.00000E-003	4.59660E-009	2.00000E-009	8.33600E-010	3.51380E+000	7.68593E+002	7.72083E+002	3.48970E+000	5.56790E-001	7.96900E-001	1.76090E-009	2.22690E-009	7.39900E-010
77	6	12	3	1.34000E-002	7.40000E-003	2.00000E-003	1.38570E-005
80	8	12	1	1.32000E-002	2.40000E-003	2.10000E-003	4.28980E-009	1.80000E-009	3.21270E-009	3.47050E+000	7.85127E+002	7.85802E+002	6.75400E-001	5.51695E-001	7.95900E-001	1.56190E-009	1.74920E-009	2.07940E-009
84	10	12	1	1.32000E-002	2.40000E-003	2.10000E-003	4.84250E-009	1.90000E-009	5.70420E-009	3.46650E+000	7.76077E+002	7.77533E+002	1.45580E+000	5.70597E-001	7.95300E-001	1.57120E-009	2.03250E-009	1.94820E-009
88	12	12	1	1.31000E-002	2.40000E-003	2.00000E-003	6.15380E-009	2.10000E-009	6.77190E-009	3.46630E+000	7.63801E+002	7.65522E+002	1.72100E+000	5.72437E-001	7.96000E-001	1.73050E-009	1.98100E-009	1.63910E-009
92	14	12	1	1.31000E-002	2.50000E-003	2.00000E-003	6.27080E-009	1.80000E-009	4.63640E-009	3.40540E+000	7.69874E+002	7.71643E+002	1.76820E+000	5.70913E-001	7.96100E-001	1.67660E-009	2.19410E-009	2.32290E-009
96	16	12	1	1.32000E-002	2.50000E-003	2.00000E-003	6.26620E-009	1.80000E-009	8.43000E-010	3.45240E+000	7.74386E+002	7.75705E+002	1.31870E+000	5.70563E-001	7.96400E-001	1.53380E-009	2.10040E-009	1.73280E-009
100	18	12	5	1.31000E-002	2.50000E-003	2.00000E-003	5.70420E-009	1.80000E-009	1.37850E-005
104	20	12	1	1.32000E-002	2.50000E-003	2.00000E-003	4.61060E-009	2.00000E-009	9.08500E-010	3.45300E+000	7.70698E+002	7.72451E+002	1.75290E+000	5.68232E-001	7.97000E-001	1.60170E-009	2.02550E-009	1.65790E-009
108	22	12	1	1.32000E-002	2.50000E-003	2.10000E-003	3.81210E-009	1.80000E-009	1.32254E-008	3.45780E+000	7.85622E+002	7.87909E+002	2.28710E+000	5.59073E-001	7.96900E-001	1.42600E-009	2.09570E-009	1.12400E-009
114	24	14	1	1.32000E-002	2.50000E-003	2.10000E-003	3.10970E-009	1.60000E-009	2.72560E-009	3.46190E+000	7.79343E+002	7.81339E+002	1.99520E+000	5.48626E-001	7.96800E-001	1.44480E-009	1.84280E-009	1.71410E-009
118	22	14	1	1.33000E-002	2.50000E-003	2.10000E-003	4.26410E-009	1.90000E-009	2.40720E-009	3.45930E+000	7.79839E+002	7.81347E+002	1.50800E+000	5.66402E-001	7.97000E-001	1.46820E-009	2.09110E-009	1.03030E-009
122	20	14	1	1.31000E-002	2.40000E-003	2.10000E-003	5.74630E-009	1.80000E-009	2.81000E-010	3.46200E+000	7.71302E+002	7.73016E+002	1.71370E+000	5.59327E-001	7.96500E-001	1.47520E-009	1.87800E-009	3.27800E-010
126	18	14	1	1.33000E-002	2.40000E-003	2.10000E-003	5.72520E-009	1.90000E-009	4.02800E-010	3.46280E+000	7.72760E+002	7.74296E+002	1.53590E+000	5.64239E-001	7.97000E-001	1.50570E-009	2.07940E-009	8.89800E-010
130	16	14	1	1.33000E-002	2.40000E-003	2.00000E-003	6.47220E-009	1.90000E-009	3.99010E-009	3.44940E+000	7.68307E+002	7.69854E+002	1.54700E+000	5.67131E-001	7.95700E-001	1.65790E-009	1.92010E-009	2.38840E-009
134	14	14	1	1.31000E-002	2.40000E-003	2.10000E-003	6.39960E-009	1.80000E-009	1.66720E-009	3.43740E+000	7.64114E+002	7.65532E+002	1.41740E+000	5.72874E-001	7.95300E-001	1.51740E-009	2.24330E-009	1.47050E-009
138	12	14	1	1.32000E-002	2.40000E-003	2.10000E-003	6.73920E-009	1.70000E-009	4.19620E-009	3.46690E+000	7.65502E+002	7.66933E+002	1.43130E+000	5.66821E-001	7.95700E-001	1.42600E-009	2.19410E-009	2.07000E-009
142	10	14	1	1.32000E-002	2.40000E-003	2.10000E-003	6.07180E-009	1.70000E-009	3.45620E-009	3.46390E+000	7.63378E+002	7.64769E+002	1.39040E+000	5.63252E-001	7.95800E-001	1.50100E-009	1.98100E-009	1.50800E-009
146	8	14	1	1.31000E-002	2.50000E-003	2.10000E-003	4.15170E-009	1.80000E-009	2.39780E-009	3.47870E+000	7.82731E+002	7.84385E+002	1.65370E+000	5.64593E-001	7.95900E-001	1.68600E-009	2.24560E-009	1.36750E-009
149	6	14	1	1.34000E-002	2.30000E-003	2.00000E-003	4.38120E-009	1.70000E-009	4.27110E-009	3.55000E+000	7.49870E+002	7.53689E+002	3.81860E+000	5.63193E-001	7.99100E-001	1.58290E-009	2.22920E-009	4.96400E-010
152	6	16	1	1.31000E-002	2.40000E-003	2.00000E-003	4.88230E-009	1.50000E-009	1.31100E-010	3.51260E+000	7.73960E+002	7.76138E+002	2.17750E+000	5.57593E-001	7.97200E-001	1.78900E-009	2.02080E-009	1.08650E-009
156	8	16	1	1.32000E-002	2.50000E-003	2.10000E-003	4.58250E-009	1.90000E-009	9.92800E-010	3.47410E+000	7.73011E+002	7.74742E+002	1.73170E+000	5.72930E-001	7.96500E-001	1.63910E-009	1.96460E-009	1.40500E-009
160	10	16	1	1.32000E-002	2.50000E-003	2.10000E-003	6.24510E-009	1.80000E-009	5.05800E-010	3.47870E+000	7.59153E+002	7.60879E+002	1.72670E+000	5.68022E-001	7.97200E-001	1.53610E-009	1.77260E-009	1.00220E-009
164	12	16	1	1.32000E-002	2.50000E-003	2.10000E-003	6.56120E-009	2.00000E-009	3.38130E-009	3.46400E+000	7.65189E+002	7.66691E+002	1.50170E+000	5.67977E-001	7.96400E-001	1.40500E-009	2.01380E-009	1.12400E-009
168	14	16	1	1.32000E-002	2.50000E-003	2.10000E-003	6.98500E-009	2.10000E-009	2.05130E-009	3.41000E+000	7.63824E+002	7.65856E+002	2.03190E+000	5.73036E-001	7.94400E-001	1.36050E-009	2.01610E-009	1.36750E-009
172	16	16	1	1.32000E-002	2.50000E-003	2.10000E-003	6.94990E-009	1.90000E-009	2.12620E-009	3.43890E+000	7.64965E+002	7.66365E+002	1.39930E+000	5.71952E-001	7.94600E-001	1.62040E-009	1.74920E-009	1.18950E-009
176	18	16	1	1.31000E-002	2.50000E-003	2.10000E-003	6.32470E-009	2.10000E-009	1.12400E-010	3.45200E+000	7.70452E+002	7.72162E+002	1.71030E+000	5.62068E-001	7.97000E-001	1.82880E-009	2.01850E-009	7.49300E-010
180	20	16	1	1.33000E-002	2.50000E-003	2.10000E-003	5.46530E-009	1.90000E-009	2.90400E-010	3.46010E+000	7.67984E+002	7.69846E+002	1.86200E+000	5.63959E-001	7.96700E-001	1.69300E-009	2.37440E-009	7.58700E-010
184	22	16	1	1.32000E-002	2.50000E-003	2.10000E-003	4.36480E-009	1.70000E-009	1.12400E-009	3.46620E+000	7.76138E+002	7.77689E+002	1.55110E+000	5.71458E-001	7.96700E-001	1.48220E-009	1.84990E-009	7.86800E-010
188	24	16	1	1.32000E-002	2.50000E-003	2.10000E-003	3.38830E-009	1.90000E-009	1.02090E-009	3.45590E+000	7.83379E+002	7.85099E+002	1.71980E+000	5.50109E-001	7.96500E-001	1.88030E-009	2.26900E-009	1.84520E-009
192	24	18	1	1.31000E-002	2.50000E-003	2.10000E-003	3.37660E-009	2.00000E-009	1.27380E-009	3.43620E+000	7.85302E+002	7.85625E+002	3.22200E-001	5.49653E-001	7.96500E-001	1.72810E-009	2.40250E-009	1.26450E-009
196	22	18	1	1.32000E-002	2.50000E-003	2.10000E-003	4.59420E-009	1.80000E-009	7.86800E-010	3.45900E+000	7.78866E+002	7.80274E+002	1.40790E+000	5.68802E-001	7.96600E-001	1.41430E-009	1.98800E-009	8.24200E-010
200	20	18	1	1.32000E-002	2.50000E-003	2.10000E-003	5.85170E-009	1.90000E-009	1.21760E-009	3.45560E+000	7.72540E+002	7.74371E+002	1.83120E+000	5.65145E-001	7.96600E-001	1.50800E-009	2.20580E-009	6.56000E-011
204	18	18	1	1.32000E-002	2.50000E-003	2.10000E-003	6.19590E-009	1.70000E-009	1.41430E-009	3.44460E+000	7.72912E+002	7.74751E+002	1.83920E+000	5.59928E-001	7.96400E-001	1.61570E-009	2.20810E-009	1.50800E-009
208	16	18	1	1.32000E-002	2.60000E-003	2.10000E-003	6.40900E-009	2.00000E-009	1.95760E-009	3.43730E+000	7.70681E+002	7.73052E+002	2.37080E+000	5.58940E-001	7.93900E-001	1.71640E-009	1.86160E-009	3.75000E-011
212	14	18	1	1.32000E-002	2.60000E-003	2.10000E-003	6.50270E-009	1.80000E-009	2.16370E-009	3.43320E+000	7.64277E+002	7.65853E+002	1.57560E+000	5.72063E-001	7.94900E-001	1.55950E-009	2.15430E-009	1.06780E-009
216	12	18	1	1.32000E-002	2.50000E-003	2.10000E-003	6.67360E-009	1.80000E-009	2.75370E-009	3.45480E+000	7.66385E+002	7.67851E+002	1.46540E+000	5.65582E-001	7.96700E-001	1.73510E-009	2.36270E-009	5.90100E-010
220	10	18	1	1.32000E-002	2.60000E-003	2.10000E-003	6.56820E-009	1.80000E-009	6.46300E-010	3.47460E+000	7.57449E+002	7.59034E+002	1.58530E+000	5.70993E-001	7.97000E-001	1.72110E-009	2.01380E-009	1.60170E-009
224	8	18	1	1.31000E-002	2.50000E-003	2.10000E-003	3.98540E-009	1.80000E-009	1.41430E-009	3.47260E+000	7.73984E+002	7.75629E+002	1.64500E+000	5.72726E-001	7.96600E-001	1.34410E-009	1.95990E-009	9.17900E-010
227	6	18	1	1.35000E-002	2.40000E-003	2.00000E-003	4.05570E-009	1.90000E-009	1.16140E-009	3.51050E+000	7.74290E+002	7.76326E+002	2.03660E+000	5.59346E-001	7.97200E-001	1.81940E-009	2.60620E-009	2.99700E-010
229	6	20	1	1.35000E-002	2.40000E-003	2.00000E-003	3.66930E-009	1.70000E-009	2.60390E-009	3.52680E+000	7.64180E+002	7.66267E+002	2.08700E+000	5.63420E-001	7.97700E-001	1.61340E-009	1.81240E-009	1.45180E-009
232	8	20	1	1.32000E-002	2.50000E-003	2.00000E-003	3.81920E-009	2.00000E-009	1.22700E-009	3.47140E+000	7.73982E+002	7.75751E+002	1.76850E+000	5.71411E-001	7.96900E-001	1.81480E-009	1.92480E-009	1.18020E-009
236	10	20	1	1.33000E-002	2.50000E-003	2.00000E-003	5.99220E-009	1.80000E-009	1.41430E-009	3.47170E+000	7.55633E+002	7.57087E+002	1.45420E+000	5.73557E-001	7.96800E-001	1.62270E-009	2.14730E-009	1.52670E-009
240	12	20	1	1.32000E-002	2.50000E-003	2.00000E-003	7.06460E-009	1.80000E-009	1.01160E-009	3.45420E+000	7.68607E+002	7.70158E+002	1.55020E+000	5.68236E-001	7.96700E-001	1.35580E-009	2.13790E-009	1.47990E-009
244	14	20	1	1.32000E-002	2.50000E-003	2.10000E-003	7.10910E-009	1.70000E-009	8.71100E-010	3.43520E+000	7.64648E+002	7.65922E+002	1.27340E+000	5.69867E-001	7.94400E-001	1.52910E-009	1.94120E-009	8.71100E-010
248	16	20	1	1.32000E-002	2.50000E-003	2.10000E-003	6.83990E-009	2.00000E-009	1.69530E-009	3.43620E+000	7.66094E+002	7.67474E+002	1.38010E+000	5.70616E-001	7.94600E-001	1.69300E-009	1.82410E-009	6.55700E-010
252	18	20	1	1.32000E-002	2.60000E-003	2.10000E-003	6.63380E-009	2.00000E-009	1.20830E-009	3.45120E+000	7.71247E+002	7.72729E+002	1.48180E+000	5.63690E-001	7.96800E-001	1.75860E-009	1.84050E-009	1.43310E-009
256	20	20	1	1.32000E-002	2.60000E-003	2.10000E-003	5.49340E-009	1.90000E-009	4.68000E-011	3.45180E+000	7.70298E+002	7.71754E+002	1.45580E+000	5.64793E-001	7.96800E-001	1.81710E-009	2.07470E-009	1.97630E-009
260	22	20	1	1.32000E-002	2.50000E-003	2.10000E-003	4.36240E-009	2.00000E-009	0.00000E+000	3.44700E+000	7.78663E+002	7.80154E+002	1.49170E+000	5.70482E-001	7.96700E-001	1.92010E-009	1.90610E-009	9.08500E-010
267	22	22	1	1.32000E-002	2.50000E-003	2.10000E-003	4.14000E-009	1.80000E-009	1.45180E-009	3.47260E+000	7.86944E+002	7.88230E+002	1.28620E+000	5.63592E-001	7.96800E-001	1.55480E-009	2.21280E-009	1.96700E-010
271	20	22	1	1.32000E-002	2.50000E-003	2.10000E-003	5.18430E-009	1.70000E-009	1.05840E-009	3.45680E+000	7.72868E+002	7.74470E+002	1.60200E+000	5.67525E-001	7.96600E-001	1.30900E-009	2.03020E-009	5.99500E-010
275	18	22	1	1.31000E-002	2.50000E-003	2.10000E-003	6.17720E-009	1.80000E-009	3.55900E-010	3.46180E+000	7.76497E+002	7.78178E+002	1.68070E+000	5.63590E-001	7.97100E-001	1.52910E-009	2.21050E-009	1.50800E-009
279	16	22	1	1.32000E-002	2.50000E-003	2.10000E-003	6.82810E-009	1.80000E-009	5.99500E-010	3.44030E+000	7.70871E+002	7.72346E+002	1.47500E+000	5.65470E-001	7.96200E-001	1.40970E-009	1.80770E-009	7.68000E-010
283	14	22	1	1.32000E-002	2.60000E-003	2.10000E-003	6.77190E-009	2.00000E-009	2.11680E-009	3.44450E+000	7.67314E+002	7.68779E+002	1.46540E+000	5.67508E-001	7.96600E-001	1.51970E-009	2.11920E-009	7.96100E-010
287	12	22	1	1.31000E-002	2.50000E-003	2.10000E-003	7.04830E-009	1.90000E-009	2.49150E-009	3.45850E+000	7.57687E+002	7.59427E+002	1.73970E+000	5.69877E-001	7.96700E-001	1.60400E-009	1.88500E-009	1.62980E-009
291	10	22	1	1.32000E-002	2.50000E-003	2.00000E-003	5.27100E-009	1.90000E-009	1.03970E-009	3.47200E+000	7.62992E+002	7.64899E+002	1.90710E+000	5.73962E-001	7.96700E-001	1.74450E-009	1.97630E-009	1.17080E-009
295	8	22	1	1.31000E-002	2.50000E-003	2.10000E-003	3.69270E-009	2.10000E-009	3.09100E-010	3.46870E+000	7.85442E+002	7.87278E+002	1.83620E+000	5.59472E-001	7.97000E-001	1.68130E-009	1.83580E-009	1.92010E-009
298	8	24	1	1.35000E-002	2.40000E-003	2.00000E-003	3.79340E-009	1.90000E-009	8.99200E-010	3.49710E+000	7.77803E+002	7.79602E+002	1.79910E+000	5.55920E-001	7.98600E-001	1.84050E-009	2.27140E-009	7.30600E-010
301	10	24	1	1.32000E-002	2.60000E-003	2.00000E-003	4.94780E-009	1.90000E-009	3.98070E-009	3.47180E+000	7.73180E+002	7.74632E+002	1.45230E+000	5.71204E-001	7.96900E-001	1.59000E-009	1.99970E-009	1.74220E-009
305	12	24	1	1.32000E-002	2.60000E-003	2.10000E-003	5.68540E-009	2.00000E-009	2.76310E-009	3.46020E+000	7.60688E+002	7.62271E+002	1.58300E+000	5.74044E-001	7.96800E-001	1.61570E-009	2.21520E-009	1.79840E-009
309	14	24	1	1.31000E-002	2.50000E-003	2.00000E-003	6.06010E-009	2.00000E-009	1.35810E-009	3.45000E+000	7.65751E+002	7.67221E+002	1.46940E+000	5.65175E-001	7.96400E-001	1.77730E-009	1.97630E-009	9.74100E-010
313	16	24	1	1.32000E-002	2.50000E-003	2.00000E-003	5.53320E-009	1.80000E-009	4.96400E-010	3.44490E+000	7.68563E+002	7.70034E+002	1.47170E+000	5.58816E-001	7.96100E-001	1.63210E-009	2.02780E-009	5.90100E-010
317	18	24	1	1.32000E-002	2.50000E-003	2.10000E-003	5.27330E-009	2.00000E-009	2.34200E-010	3.46430E+000	7.73001E+002	7.75222E+002	2.22010E+000	5.66824E-001	7.97600E-001	1.76790E-009	2.30180E-009	1.09590E-009
321	20	24	1	1.31000E-002	2.50000E-003	2.00000E-003	4.28280E-009	1.60000E-009	3.75000E-011	3.46230E+000	7.77842E+002	7.79371E+002	1.52820E+000	5.68659E-001	7.97300E-001	1.41430E-009	1.95060E-009	3.75000E-011
325	22	24	1	1.34000E-002	2.50000E-003	2.00000E-003	4.27810E-009	1.90000E-009	5.62000E-010	3.45910E+000	7.83397E+002	7.85319E+002	1.92270E+000	5.49910E-001	7.96800E-001	1.64850E-009	1.92250E-009	1.41430E-009
328	20	26	1	1.34000E-002	2.50000E-003	2.00000E-003	4.66680E-009	1.80000E-009	2.57484E-008	3.44830E+000	7.82907E+002	7.85054E+002	2.14730E+000	5.53422E-001	7.96500E-001	1.87560E-009	1.86860E-009	3.54990E-009
331	18	26	1	1.31000E-002	2.40000E-003	2.10000E-003	4.06740E-009	1.90000E-009	1.20830E-009	3.46700E+000	7.83080E+002	7.84396E+002	1.31560E+000	5.63759E-001	7.97600E-001	1.77960E-009	2.09340E-009	1.59230E-009
335	16	26	5	1.33000E-002	2.50000E-003	2.10000E-003	4.28050E-009	2.00000E-009	2.08085E-007
339	14	26	1	1.31000E-002	2.50000E-003	2.00000E-003	4.79560E-009	1.70000E-009	4.26170E-009	3.45180E+000	7.70856E+002	7.72484E+002	1.62770E+000	5.68673E-001	7.97100E-001	1.61570E-009	2.18240E-009	8.24200E-010
343	12	26	1	1.32000E-002	2.50000E-003	2.10000E-003	4.67850E-009	2.10000E-009	1.96700E-009	3.46050E+000	7.75818E+002	7.77405E+002	1.58670E+000	5.67324E-001	7.96800E-001	1.83820E-009	1.96460E-009	5.05800E-010
347	10	26	1	1.32000E-002	2.40000E-003	1.90000E-003	4.52870E-009	2.00000E-009	1.33000E-009	3.46760E+000	7.79296E+002	7.81488E+002	2.19230E+000	5.55876E-001	7.98600E-001	2.29240E-009	2.12620E-009	1.25510E-009
349	12	28	1	1.45000E-002	2.30000E-003	1.90000E-003	4.63170E-009	1.10000E-009	3.33450E-009	3.47260E+000	7.72683E+002	7.74459E+002	1.77600E+000	5.53631E-001	7.97300E-001	2.42830E-009	1.37220E-009	3.09100E-010
351	14	28	1	1.34000E-002	2.40000E-003	2.00000E-003	4.14230E-009	1.70000E-009	9.17910E-009	3.45700E+000	7.79231E+002	7.80537E+002	1.30650E+000	5.52059E-001	7.98300E-001	2.11450E-009	1.71640E-009	4.96400E-010
353	16	28	1	1.35000E-002	2.40000E-003	1.90000E-003	3.89640E-009	1.80000E-009	3.44690E-009	3.46090E+000	7.80844E+002	7.83076E+002	2.23180E+000	5.49110E-001	7.97200E-001	1.73510E-009	2.11210E-009	2.81000E-011

1	15	5	3	1.28000E-002	-5.00000E-004	-8.00000E-004	1.39320E-005
2	19	7	1	1.28000E-002	-5.00000E-004	-8.00000E-004	4.20000E-009	1.20000E-009	2.08950E-009	3.47570E+000	7.72113E+002	7.74007E+002	1.89320E+000	5.57448E-001	8.00500E-001	2.94910E-009	1.30940E-009	2.12690E-009
5	17	7	1	1.32000E-002	-3.00000E-004	-6.00000E-004	3.72920E-009	1.60000E-009	1.12437E-008	3.45570E+000	7.80136E+002	7.82493E+002	2.35680E+000	5.54830E-001	7.99800E-001	1.51090E-009	2.04500E-009	1.03100E-010
9	15	7	1	1.32000E-002	-3.00000E-004	-5.00000E-004	3.76200E-009	1.50000E-009	2.41740E-009	3.45460E+000	7.83222E+002	7.84204E+002	9.81400E-001	5.54467E-001	8.00000E-001	1.30470E-009	1.95130E-009	6.46500E-010
13	13	7	1	1.32000E-002	-3.00000E-004	-5.00000E-004	3.67300E-009	1.70000E-009	1.98640E-009	3.47460E+000	7.80704E+002	7.83481E+002	2.77660E+000	5.49491E-001	8.00800E-001	1.43120E-009	1.90440E-009	1.78960E-009
16	11	7	1	1.35000E-002	-2.00000E-004	-6.00000E-004	3.52540E-009	1.90000E-009	1.05316E-008	3.52730E+000	7.69456E+002	7.72431E+002	2.97540E+000	5.56692E-001	8.01100E-001	1.69360E-009	1.98870E-009	1.87400E-010
22	9	9	1	1.32000E-002	-2.00000E-004	-6.00000E-004	3.57460E-009	1.60000E-009	2.93270E-009	3.50110E+000	7.75751E+002	7.77800E+002	2.04960E+000	5.55574E-001	7.98800E-001	1.48040E-009	1.92080E-009	6.93400E-010
26	11	9	1	1.32000E-002	-2.00000E-004	-5.00000E-004	3.97280E-009	1.70000E-009	5.44380E-009	3.47420E+000	7.88719E+002	7.91110E+002	2.39090E+000	5.52086E-001	7.98800E-001	1.53430E-009	1.83180E-009	3.46700E-010
30	13	9	1	1.32000E-002	-2.00000E-004	-5.00000E-004	4.21870E-009	1.60000E-009	7.43020E-009	3.46820E+000	7.80437E+002	7.82017E+002	1.58000E+000	5.72440E-001	7.98400E-001	1.45700E-009	1.77560E-009	6.09000E-010
34	15	9	1	1.31000E-002	-2.00000E-004	-5.00000E-004	4.59350E-009	1.70000E-009	6.81180E-009	3.45040E+000	7.74742E+002	7.75997E+002	1.25500E+000	5.76323E-001	7.99500E-001	1.74750E-009	1.90440E-009	2.99800E-010
38	17	9	1	1.31000E-002	-3.00000E-004	-5.00000E-004	4.18130E-009	1.70000E-009	4.13210E-009	3.44330E+000	7.69574E+002	7.71279E+002	1.70510E+000	5.74591E-001	7.99800E-001	1.53430E-009	1.86460E-009	6.27800E-010
42	19	9	1	1.31000E-002	-2.00000E-004	-5.00000E-004	3.98450E-009	1.60000E-009	2.62350E-009	3.44440E+000	7.83762E+002	7.85115E+002	1.35330E+000	5.65064E-001	7.99500E-001	1.54600E-009	2.20190E-009	9.83800E-010
44	21	9	1	1.28000E-002	-5.00000E-004	-8.00000E-004	4.48110E-009	1.10000E-009	3.48560E-009	3.45710E+000	7.78731E+002	7.81229E+002	2.49770E+000	5.53044E-001	7.98900E-001	2.58140E-009	1.37030E-009	2.40800E-009
47	21	11	1	1.32000E-002	-2.00000E-004	-6.00000E-004	3.82050E-009	1.60000E-009	1.00260E-009	3.45350E+000	7.81180E+002	7.82833E+002	1.65300E+000	5.64785E-001	7.99300E-001	1.67020E-009	1.94420E-009	1.58350E-009
51	19	11	1	1.31000E-002	-2.00000E-004	-5.00000E-004	4.78560E-009	1.70000E-009	1.74280E-009	3.44550E+000	7.65519E+002	7.67117E+002	1.59770E+000	5.73872E-001	7.99300E-001	1.47340E-009	2.00050E-009	5.06000E-010
55	17	11	1	1.32000E-002	-2.00000E-004	-5.00000E-004	5.15340E-009	1.70000E-009	6.69471E-008	3.44330E+000	7.61824E+002	7.63379E+002	1.55560E+000	5.72458E-001	7.98700E-001	1.27190E-009	1.83650E-009	9.27600E-010
59	15	11	1	1.32000E-002	-2.00000E-004	-6.00000E-004	5.51650E-009	1.90000E-009	9.71650E-009	3.44910E+000	7.65506E+002	7.67099E+002	1.59280E+000	5.73324E-001	7.98100E-001	1.62570E-009	1.67950E-009	7.68300E-010
63	13	11	1	1.32000E-002	-2.00000E-004	-5.00000E-004	5.24010E-009	2.00000E-009	6.60570E-009	3.46330E+000	7.72203E+002	7.73647E+002	1.44340E+000	5.69089E-001	7.99100E-001	1.78730E-009	1.85050E-009	1.96800E-010
67	11	11	1	1.32000E-002	-2.00000E-004	-5.00000E-004	4.08520E-009	1.90000E-009	7.20540E-009	3.47660E+000	7.81469E+002	7.82914E+002	1.44590E+000	5.69128E-001	7.98300E-001	1.53430E-009	1.97700E-009	7.77700E-010
71	9	11	1	1.32000E-002	-2.00000E-004	-5.00000E-004	3.58390E-009	1.70000E-009	4.40380E-009	3.47090E+000	7.87984E+002	7.89339E+002	1.35440E+000	5.54547E-001	7.98900E-001	1.52960E-009	2.00280E-009	4.77900E-010
75	7	11	1	1.31000E-002	-2.00000E-004	-5.00000E-004	4.96130E-009	2.00000E-009	1.67907E-008	3.53940E+000	7.27613E+002	7.32030E+002	4.41760E+000	5.62036E-001	8.01500E-001	1.93490E-009	2.00280E-009	6.56000E-011
81	7	13	1	1.32000E-002	-3.00000E-004	-6.00000E-004	3.64250E-009	1.70000E-009	3.56990E-009	3.48300E+000	7.79926E+002	7.80695E+002	7.69300E-001	5.53912E-001	7.97700E-001	1.60930E-009	1.67020E-009	1.29300E-009
85	9	13	1	1.32000E-002	-2.00000E-004	-5.00000E-004	4.48810E-009	1.70000E-009	3.01710E-009	3.47500E+000	7.74854E+002	7.76800E+002	1.94620E+000	5.65563E-001	7.98400E-001	1.62100E-009	1.81070E-009	1.47110E-009
89	11	13	1	1.31000E-002	-2.00000E-004	-5.00000E-004	5.53050E-009	1.80000E-009	3.00770E-009	3.47860E+000	7.73649E+002	7.75193E+002	1.54410E+000	5.63743E-001	7.98700E-001	1.62330E-009	1.87400E-009	1.41480E-009
93	13	13	1	1.31000E-002	-2.00000E-004	-6.00000E-004	6.31520E-009	1.70000E-009	8.97630E-009	3.45820E+000	7.69152E+002	7.70929E+002	1.77710E+000	5.69795E-001	7.98500E-001	1.61390E-009	2.18080E-009	8.99500E-010
97	15	13	1	1.32000E-002	-2.00000E-004	-5.00000E-004	6.12550E-009	1.60000E-009	4.28200E-009	3.44480E+000	7.67394E+002	7.68924E+002	1.52990E+000	5.75446E-001	7.99000E-001	1.44290E-009	1.89740E-009	1.13370E-009
101	17	13	1	1.31000E-002	-2.00000E-004	-5.00000E-004	6.14890E-009	1.70000E-009	3.17640E-009	3.46190E+000	7.67206E+002	7.68635E+002	1.42890E+000	5.70732E-001	7.98800E-001	1.63500E-009	1.80840E-009	1.30240E-009
105	19	13	1	1.32000E-002	-1.00000E-004	-5.00000E-004	5.30800E-009	1.70000E-009	1.80840E-009	3.45360E+000	7.61497E+002	7.62996E+002	1.49890E+000	5.65570E-001	7.98900E-001	1.50390E-009	2.00510E-009	1.38670E-009
109	21	13	1	1.32000E-002	-3.00000E-004	-5.00000E-004	4.14610E-009	1.70000E-009	9.55700E-010	3.45390E+000	7.73028E+002	7.74400E+002	1.37270E+000	5.61005E-001	7.98600E-001	1.52260E-009	1.96530E-009	1.58350E-009
112	23	13	1	1.31000E-002	-4.00000E-004	-7.00000E-004	3.86970E-009	1.60000E-009	3.10140E-009	3.46700E+000	7.85806E+002	7.87802E+002	1.99590E+000	5.51023E-001	7.98500E-001	1.76150E-009	1.90910E-009	4.40400E-010
115	23	15	1	1.32000E-002	-2.00000E-004	-5.00000E-004	3.43400E-009	1.50000E-009	1.05880E-009	3.47030E+000	7.91014E+002	7.92979E+002	1.96470E+000	5.57133E-001	7.99500E-001	1.41950E-009	1.78490E-009	1.52730E-009
119	21	15	1	1.33000E-002	-2.00000E-004	-5.00000E-004	4.41550E-009	1.70000E-009	1.12400E-010	3.46470E+000	7.76632E+002	7.78392E+002	1.76030E+000	5.63639E-001	7.98900E-001	1.38910E-009	1.85990E-009	2.09880E-009
123	19	15	1	1.31000E-002	-1.00000E-004	-5.00000E-004	5.92640E-009	1.80000E-009	1.55540E-009	3.46080E+000	7.70502E+002	7.71988E+002	1.48630E+000	5.64961E-001	7.98700E-001	1.52730E-009	1.77090E-009	1.95830E-009
127	17	15	1	1.33000E-002	-2.00000E-004	-5.00000E-004	5.86780E-009	1.70000E-009	4.98470E-009	3.44160E+000	7.64999E+002	7.67029E+002	2.03060E+000	5.66471E-001	7.98800E-001	1.45230E-009	1.85290E-009	9.08900E-010
131	15	15	1	1.33000E-002	-2.00000E-004	-5.00000E-004	6.31060E-009	1.70000E-009	8.99500E-010	3.43580E+000	7.64850E+002	7.66321E+002	1.47120E+000	5.72698E-001	7.97400E-001	1.64670E-009	1.89500E-009	6.46500E-010
135	13	15	1	1.31000E-002	-1.00000E-004	-5.00000E-004	6.07160E-009	1.70000E-009	5.13460E-009	3.44980E+000	7.67584E+002	7.69536E+002	1.95150E+000	5.65436E-001	7.97400E-001	1.56240E-009	2.14800E-009	5.43400E-010
139	11	15	1	1.32000E-002	-1.00000E-004	-5.00000E-004	5.68510E-009	1.60000E-009	2.67980E-009	3.48120E+000	7.79399E+002	7.81407E+002	2.00830E+000	5.56825E-001	7.98700E-001	1.30240E-009	2.01680E-009	7.30800E-010
143	9	15	1	1.32000E-002	-1.00000E-004	-5.00000E-004	4.87460E-009	1.70000E-009	2.15510E-009	3.46340E+000	7.68893E+002	7.70334E+002	1.44050E+000	5.68235E-001	7.98900E-001	1.68660E-009	1.82010E-009	9.18200E-010
147	7	15	1	1.31000E-002	-2.00000E-004	-5.00000E-004	3.68000E-009	1.80000E-009	1.40550E-009	3.47460E+000	7.84128E+002	7.86100E+002	1.97270E+000	5.54499E-001	7.99500E-001	1.65380E-009	1.94890E-009	7.12100E-010
153	5	17	3	1.31000E-002	-3.00000E-004	-6.00000E-004	1.39560E-005
157	7	17	1	1.32000E-002	-3.00000E-004	-6.00000E-004	3.91420E-009	1.60000E-009	1.96800E-010	3.47320E+000	7.86225E+002	7.88061E+002	1.83580E+000	5.58640E-001	7.99000E-001	1.48040E-009	1.73110E-009	2.07070E-009
161	9	17	1	1.32000E-002	-2.00000E-004	-5.00000E-004	5.05030E-009	1.70000E-009	8.43300E-010	3.47030E+000	7.63944E+002	7.65439E+002	1.49500E+000	5.73274E-001	7.99500E-001	1.51090E-009	1.64210E-009	1.96770E-009
165	11	17	1	1.32000E-002	-2.00000E-004	-6.00000E-004	6.07160E-009	1.80000E-009	2.57670E-009	3.48920E+000	7.75696E+002	7.77457E+002	1.76080E+000	5.62248E-001	7.99800E-001	1.43590E-009	1.77560E-009	1.26490E-009
169	13	17	1	1.32000E-002	-2.00000E-004	-5.00000E-004	6.69470E-009	1.80000E-009	6.26840E-009	3.43970E+000	7.64068E+002	7.65584E+002	1.51580E+000	5.67285E-001	7.98000E-001	1.32580E-009	1.91380E-009	8.33900E-010
173	15	17	1	1.32000E-002	-1.00000E-004	-5.00000E-004	6.88450E-009	1.80000E-009	1.78030E-009	3.43380E+000	7.54700E+002	7.56769E+002	2.06960E+000	5.61630E-001	7.97100E-001	1.65380E-009	1.63740E-009	8.15200E-010
177	17	17	1	1.31000E-002	-2.00000E-004	-5.00000E-004	6.16530E-009	1.90000E-009	5.65940E-009	3.43010E+000	7.67542E+002	7.68840E+002	1.29790E+000	5.67516E-001	7.97800E-001	2.00050E-009	1.80130E-009	1.12400E-010
181	19	17	1	1.33000E-002	-1.00000E-004	-5.00000E-004	5.74130E-009	1.70000E-009	1.01190E-009	3.44340E+000	7.69055E+002	7.70661E+002	1.60630E+000	5.66070E-001	7.99500E-001	1.57650E-009	2.16910E-009	5.62000E-011
185	21	17	1	1.32000E-002	-2.00000E-004	-5.00000E-004	4.98240E-009	1.60000E-009	4.59100E-010	3.45610E+000	7.71885E+002	7.73561E+002	1.67580E+000	5.66484E-001	7.98900E-001	1.71700E-009	1.75920E-009	1.24620E-009
189	23	17	1	1.32000E-002	-2.00000E-004	-5.00000E-004	3.71040E-009	1.70000E-009	1.03100E-010	3.46180E+000	7.90742E+002	7.92085E+002	1.34250E+000	5.60899E-001	7.99100E-001	1.83880E-009	1.92080E-009	1.23680E-009
193	23	19	1	1.31000E-002	-2.00000E-004	-6.00000E-004	3.35910E-009	1.70000E-009	7.77700E-010	3.46730E+000	7.89330E+002	7.90802E+002	1.47150E+000	5.60486E-001	7.99400E-001	1.56940E-009	2.17380E-009	2.99800E-010
197	21	19	1	1.32000E-002	-2.00000E-004	-5.00000E-004	4.98470E-009	1.70000E-009	9.27600E-010	3.46210E+000	7.70462E+002	7.72030E+002	1.56850E+000	5.66822E-001	7.99200E-001	1.46400E-009	1.90210E-009	1.99580E-009
201	19	19	1	1.32000E-002	-1.00000E-004	-5.00000E-004	5.53290E-009	1.80000E-009	8.90100E-010	3.44410E+000	7.71106E+002	7.72899E+002	1.79310E+000	5.66926E-001	7.99200E-001	1.52960E-009	2.12460E-009	6.55900E-010
205	17	19	1	1.32000E-002	-2.00000E-004	-5.00000E-004	5.75770E-009	1.50000E-009	8.12360E-009	3.42940E+000	7.64914E+002	7.66448E+002	1.53390E+000	5.69732E-001	7.96800E-001	1.43590E-009	2.03790E-009	7.30800E-010
209	15	19	1	1.32000E-002	-2.00000E-004	-5.00000E-004	6.22620E-009	1.80000E-009	4.59100E-010	3.43500E+000	7.63474E+002	7.65295E+002	1.82120E+000	5.73638E-001	7.97300E-001	1.62570E-009	1.85050E-009	6.46500E-010
213	13	19	1	1.32000E-002	-1.00000E-004	-5.00000E-004	6.11140E-009	1.70000E-009	3.72824E-008	3.44590E+000	7.62580E+002	7.64172E+002	1.59230E+000	5.67265E-001	7.98100E-001	1.76390E-009	2.11290E-009	6.56000E-011
217	11	19	1	1.32000E-002	-2.00000E-004	-5.00000E-004	5.76010E-009	1.60000E-009	5.06000E-010	3.48010E+000	7.77702E+002	7.79302E+002	1.60030E+000	5.63474E-001	7.99100E-001	1.60220E-009	2.14100E-009	1.05880E-009
221	9	19	1	1.32000E-002	-1.00000E-004	-5.00000E-004	4.72710E-009	1.60000E-009	3.37300E-010	3.47090E+000	7.63434E+002	7.65191E+002	1.75700E+000	5.73305E-001	7.99400E-001	1.68420E-009	1.95590E-009	1.38670E-009
225	7	19	1	1.31000E-002	-2.00000E-004	-5.00000E-004	3.45750E-009	1.70000E-009	2.73600E-009	3.46940E+000	7.84427E+002	7.86470E+002	2.04290E+000	5.58241E-001	7.98800E-001	1.34920E-009	1.71470E-009	1.13370E-009
233	7	21	1	1.32000E-002	-3.00000E-004	-5.00000E-004	2.99600E-009	1.80000E-009	7.59000E-010	3.48750E+000	7.81015E+002	7.82932E+002	1.91630E+000	5.55679E-001	7.99900E-001	1.73340E-009	1.89270E-009	1.12440E-009
237	9	21	1	1.33000E-002	-3.00000E-004	-6.00000E-004	4.59590E-009	1.70000E-009	1.38670E-009	3.47220E+000	7.67366E+002	7.68952E+002	1.58570E+000	5.74753E-001	7.99300E-001	1.60690E-009	2.13160E-009	6.74600E-010
241	11	21	1	1.32000E-002	-2.00000E-004	-5.00000E-004	5.87020E-009	1.60000E-009	7.12100E-010	3.47170E+000	7.67672E+002	7.69700E+002	2.02770E+000	5.64217E-001	7.99500E-001	1.33520E-009	1.95830E-009	1.43360E-009
245	13	21	1	1.32000E-002	-2.00000E-004	-5.00000E-004	6.84230E-009	1.60000E-009	4.90980E-009	3.45540E+000	7.68468E+002	7.69958E+002	1.49060E+000	5.69279E-001	7.99500E-001	1.54370E-009	1.81770E-009	6.18400E-010
249	15	21	1	1.32000E-002	-2.00000E-004	-4.00000E-004	6.55420E-009	1.70000E-009	1.24806E-008	3.43530E+000	7.66243E+002	7.67826E+002	1.58270E+000	5.66162E-001	7.97300E-001	1.46640E-009	1.78030E-009	5.43400E-010
253	17	21	1	1.32000E-002	-2.00000E-004	-5.00000E-004	6.36210E-009	1.80000E-009	1.46170E-009	3.43850E+000	7.69094E+002	7.70743E+002	1.64930E+000	5.63630E-001	7.99600E-001	1.65850E-009	1.79900E-009	1.03070E-009
257	19	21	1	1.32000E-002	-2.00000E-004	-6.00000E-004	5.87250E-009	1.80000E-009	1.70530E-009	3.45130E+000	7.71249E+002	7.73234E+002	1.98480E+000	5.65452E-001	7.99600E-001	1.79200E-009	1.84820E-009	7.02700E-010
261	21	21	1	1.32000E-002	-2.00000E-004	-5.00000E-004	4.37570E-009	1.80000E-009	1.40550E-009	3.46330E+000	7.75648E+002	7.77338E+002	1.68910E+000	5.68812E-001	7.99000E-001	1.74510E-009	1.88100E-009	6.56000E-011
264	23	21	1	1.31000E-002	-4.00000E-004	-7.00000E-004	3.69640E-009	1.50000E-009	1.39610E-009	3.46070E+000	7.89244E+002	7.91307E+002	2.06280E+000	5.50886E-001	7.99300E-001	1.83650E-009	1.64670E-009	2.11760E-009
268	21	23	1	1.32000E-002	-2.00000E-004	-5.00000E-004	4.02430E-009	1.70000E-009	2.53000E-010	3.44950E+000	7.81658E+002	7.83242E+002	1.58390E+000	5.67515E-001	7.99200E-001	1.66550E-009	2.02150E-009	1.19930E-009
272	19	23	1	1.32000E-002	-2.00000E-004	-5.00000E-004	5.15340E-009	1.60000E-009	9.65100E-010	3.44560E+000	7.67707E+002	7.69238E+002	1.53140E+000	5.68773E-001	7.99300E-001	1.30940E-009	1.91380E-009	1.22740E-009
276	17	23	1	1.31000E-002	-2.00000E-004	-5.00000E-004	5.94750E-009	1.50000E-009	2.74530E-009	3.44530E+000	7.67209E+002	7.68797E+002	1.58780E+000	5.64227E-001	7.98800E-001	1.44530E-009	1.97470E-009	1.36800E-009
280	15	23	1	1.32000E-002	-2.00000E-004	-5.00000E-004	6.44170E-009	1.80000E-009	3.77600E-009	3.44480E+000	7.64500E+002	7.65958E+002	1.45830E+000	5.65235E-001	7.98900E-001	1.60220E-009	1.74040E-009	7.12100E-010
284	13	23	1	1.32000E-002	-2.00000E-004	-5.00000E-004	6.34330E-009	1.60000E-009	2.91400E-009	3.45240E+000	7.61768E+002	7.63430E+002	1.66200E+000	5.69122E-001	7.99700E-001	1.53200E-009	1.95590E-009	2.16440E-009
288	11	23	1	1.31000E-002	-1.00000E-004	-5.00000E-004	5.74370E-009	1.90000E-009	2.03320E-009	3.47130E+000	7.67283E+002	7.68844E+002	1.56110E+000	5.71045E-001	7.98900E-001	1.75920E-009	1.77560E-009	1.00260E-009
292	9	23	1	1.32000E-002	-2.00000E-004	-5.00000E-004	3.89310E-009	1.60000E-009	2.02390E-009	3.47130E+000	7.78937E+002	7.80602E+002	1.66510E+000	5.66866E-001	7.99000E-001	1.63500E-009	1.80600E-009	8.33900E-010
296	7	23	1	1.31000E-002	-3.00000E-004	-6.00000E-004	2.82260E-009	2.00000E-009	1.61160E-009	3.51300E+000	7.67479E+002	7.69271E+002	1.79210E+000	5.61068E-001	8.01100E-001	1.80370E-009	1.74980E-009	1.72400E-009
302	9	25	1	1.32000E-002	-3.00000E-004	-6.00000E-004	3.73390E-009	1.70000E-009	5.38760E-009	3.47530E+000	7.79841E+002	7.81704E+002	1.86310E+000	5.53824E-001	8.00200E-001	1.46170E-009	1.97000E-009	2.62400E-010
306	11	25	1	1.32000E-002	-3.00000E-004	-6.00000E-004	4.64040E-009	1.80000E-009	4.53500E-009	3.46720E+000	7.80533E+002	7.82622E+002	2.08880E+000	5.66403E-001	7.99400E-001	1.64440E-009	1.93490E-009	1.21800E-010
310	13	25	1	1.31000E-002	-2.00000E-004	-5.00000E-004	5.02690E-009	1.70000E-009	3.22320E-009	3.45970E+000	7.65783E+002	7.67418E+002	1.63520E+000	5.72928E-001	7.99800E-001	1.64210E-009	2.00280E-009	6.09000E-010
314	15	25	1	1.32000E-002	-2.00000E-004	-5.00000E-004	4.90270E-009	1.70000E-009	3.94470E-009	3.44640E+000	7.61980E+002	7.63771E+002	1.79080E+000	5.63097E-001	7.99100E-001	1.59050E-009	1.89040E-009	1.00260E-009
318	17	25	1	1.32000E-002	-2.00000E-004	-5.00000E-004	4.58180E-009	1.60000E-009	1.04940E-009	3.45050E+000	7.68242E+002	7.69728E+002	1.48560E+000	5.68296E-001	7.99400E-001	1.59750E-009	2.12690E-009	4.49700E-010
322	19	25	1	1.31000E-002	-2.00000E-004	-6.00000E-004	4.08520E-009	1.50000E-009	7.12100E-010	3.45440E+000	7.76969E+002	7.78507E+002	1.53810E+000	5.69510E-001	7.99100E-001	1.46640E-009	1.80130E-009	9.08900E-010
326	21	25	1	1.34000E-002	-3.00000E-004	-6.00000E-004	3.89310E-009	1.60000E-009	1.00260E-009	3.46230E+000	7.83824E+002	7.85894E+002	2.07050E+000	5.52458E-001	7.98700E-001	1.76390E-009	1.82480E-009	1.61160E-009
329	19	27	1	1.34000E-002	-3.00000E-004	-6.00000E-004	3.97040E-009	1.50000E-009	2.65170E-009	3.46440E+000	7.81024E+002	7.83559E+002	2.53480E+000	5.51197E-001	7.99000E-001	1.84580E-009	1.71230E-009	1.07750E-009
332	17	27	1	1.31000E-002	-2.00000E-004	-5.00000E-004	3.43400E-009	1.80000E-009	4.06650E-009	3.45890E+000	7.81928E+002	7.84829E+002	2.90150E+000	5.61667E-001	7.99200E-001	1.98170E-009	1.83880E-009	5.71600E-010
336	15	27	1	1.33000E-002	-2.00000E-004	-5.00000E-004	3.85570E-009	1.80000E-009	3.24190E-009	3.45220E+000	7.81694E+002	7.83189E+002	1.49560E+000	5.60205E-001	7.99800E-001	1.93250E-009	2.06840E-009	6.27800E-010
340	13	27	1	1.31000E-002	-2.00000E-004	-5.00000E-004	4.05240E-009	1.50000E-009	4.05710E-009	3.45830E+000	7.82800E+002	7.85890E+002	3.08950E+000	5.56550E-001	7.99800E-001	1.67250E-009	1.93950E-009	1.18060E-009
344	11	27	1	1.32000E-002	-2.00000E-004	-5.00000E-004	3.43640E-009	1.90000E-009	3.86040E-009	3.47800E+000	7.77984E+002	7.80270E+002	2.28610E+000	5.54306E-001	8.00700E-001	1.92080E-009	1.70530E-009	5.24700E-010

6	18	7	1	1.32000E-002	-2.70000E-003	-3.00000E-003	3.78930E-009	1.50000E-009	3.01640E-009	3.47780E+000	7.77972E+002	7.80613E+002	2.64120E+000	5.52454E-001	8.02900E-001	1.60660E-009	1.92510E-009	2.54800E-009
10	16	7	1	1.32000E-002	-2.70000E-003	-3.00000E-003	4.37240E-009	1.50000E-009	3.88760E-009	3.44540E+000	7.81952E+002	7.84520E+002	2.56800E+000	5.52769E-001	8.02200E-001	1.50120E-009	1.90400E-009	7.30700E-010
14	14	7	1	1.32000E-002	-2.70000E-003	-3.00000E-003	4.26470E-009	1.60000E-009	5.38650E-009	3.46530E+000	7.82039E+002	7.84468E+002	2.42880E+000	5.52321E-001	8.02000E-001	1.49650E-009	1.75410E-009	8.61800E-010
17	12	7	1	1.35000E-002	-2.70000E-003	-3.10000E-003	3.75650E-009	2.00000E-009	4.17800E-009	3.48650E+000	7.78160E+002	7.80891E+002	2.73120E+000	5.52891E-001	8.02600E-001	1.80330E-009	2.03510E-009	1.02110E-009
18	10	7	5	1.02000E-002	-3.00000E-003	-3.30000E-003	4.11950E-009	2.00000E-010	1.41150E-005
19	8	9	5	1.01000E-002	-3.00000E-003	-3.30000E-003	3.92980E-009	5.00000E-010	1.41150E-005
23	10	9	1	1.32000E-002	-2.80000E-003	-3.00000E-003	4.11710E-009	1.70000E-009	3.34430E-009	3.46920E+000	7.82558E+002	7.85204E+002	2.64550E+000	5.52405E-001	8.00600E-001	1.65580E-009	1.83370E-009	5.62100E-010
27	12	9	1	1.32000E-002	-2.70000E-003	-3.00000E-003	4.40750E-009	1.60000E-009	7.03520E-009	3.46060E+000	7.85622E+002	7.86942E+002	1.31940E+000	5.66705E-001	8.00300E-001	1.61590E-009	1.66750E-009	1.92980E-009
31	14	9	1	1.32000E-002	-2.80000E-003	-3.10000E-003	4.52930E-009	1.70000E-009	1.72648E-008	3.45990E+000	7.75058E+002	7.76876E+002	1.81820E+000	5.74892E-001	8.01900E-001	1.68150E-009	1.73770E-009	2.03280E-009
35	16	9	1	1.31000E-002	-2.80000E-003	-3.00000E-003	5.03990E-009	1.60000E-009	4.24360E-009	3.44770E+000	7.73913E+002	7.75607E+002	1.69310E+000	5.75706E-001	8.02100E-001	1.85950E-009	1.65340E-009	1.51760E-009
39	18	9	1	1.31000E-002	-2.70000E-003	-3.10000E-003	4.31390E-009	1.70000E-009	3.26000E-009	3.45450E+000	7.80385E+002	7.82379E+002	1.99350E+000	5.67781E-001	8.02100E-001	1.63230E-009	1.78920E-009	1.59300E-010
43	20	9	1	1.31000E-002	-2.70000E-003	-3.00000E-003	4.18040E-009	1.60000E-009	2.37000E-009	3.44350E+000	7.83537E+002	7.85935E+002	2.39850E+000	5.55787E-001	8.01700E-001	1.75180E-009	2.03280E-009	7.58800E-010
48	22	11	1	1.32000E-002	-2.70000E-003	-3.00000E-003	3.93680E-009	1.70000E-009	5.53630E-009	3.44640E+000	7.83386E+002	7.85563E+002	2.17700E+000	5.54597E-001	8.01100E-001	1.77050E-009	1.80800E-009	1.92040E-009
52	20	11	1	1.31000E-002	-2.70000E-003	-3.10000E-003	4.32090E-009	1.60000E-009	3.74700E-010	3.45230E+000	7.73435E+002	7.74787E+002	1.35210E+000	5.71858E-001	8.01600E-001	1.44970E-009	1.92510E-009	2.06090E-009
56	18	11	1	1.32000E-002	-2.70000E-003	-3.00000E-003	5.10780E-009	1.70000E-009	4.82440E-009	3.44970E+000	7.67708E+002	7.69409E+002	1.70170E+000	5.71993E-001	8.02100E-001	1.49880E-009	1.73770E-009	9.37000E-011
60	16	11	1	1.32000E-002	-2.70000E-003	-3.00000E-003	5.55510E-009	1.80000E-009	1.28432E-008	3.44080E+000	7.69184E+002	7.70670E+002	1.48600E+000	5.69068E-001	8.00900E-001	1.66980E-009	1.53630E-009	1.97660E-009
64	14	11	1	1.32000E-002	-2.60000E-003	-3.00000E-003	5.77990E-009	2.00000E-009	7.31620E-009	3.44790E+000	7.67683E+002	7.69217E+002	1.53410E+000	5.70789E-001	8.00900E-001	1.91100E-009	1.76580E-009	2.49180E-009
68	12	11	1	1.32000E-002	-2.70000E-003	-3.00000E-003	5.08200E-009	1.90000E-009	1.25341E-008	3.46540E+000	7.67384E+002	7.68824E+002	1.43940E+000	5.74432E-001	8.00600E-001	1.66980E-009	1.83140E-009	1.52690E-009
72	10	11	1	1.32000E-002	-2.60000E-003	-3.00000E-003	4.16160E-009	1.60000E-009	7.32560E-009	3.46980E+000	7.81590E+002	7.83024E+002	1.43390E+000	5.68073E-001	8.00700E-001	1.47540E-009	1.90400E-009	2.15460E-009
76	8	11	1	1.31000E-002	-2.70000E-003	-3.00000E-003	4.74710E-009	2.30000E-009	2.62300E-009	3.48270E+000	7.80074E+002	7.81853E+002	1.77910E+000	5.50616E-001	8.00100E-001	1.78920E-009	1.91570E-009	1.15220E-009
78	6	13	1	1.34000E-002	-2.90000E-003	-3.20000E-003	4.74710E-009	5.00000E-010	2.68386E-008	3.58790E+000	7.07071E+002	7.11416E+002	4.34520E+000	5.65963E-001	8.04200E-001	2.45900E-009	8.64200E-010	7.21300E-010
82	8	13	1	1.32000E-002	-2.70000E-003	-3.00000E-003	4.07260E-009	1.60000E-009	3.74710E-009	3.48460E+000	7.86598E+002	7.89082E+002	2.48390E+000	5.55601E-001	8.01600E-001	1.63470E-009	1.48950E-009	1.59250E-009
86	10	13	1	1.32000E-002	-2.70000E-003	-3.00000E-003	5.09610E-009	1.70000E-009	5.82670E-009	3.47530E+000	7.67791E+002	7.69257E+002	1.46610E+000	5.66588E-001	8.00800E-001	1.68390E-009	1.73770E-009	1.24590E-009
90	12	13	1	1.31000E-002	-2.70000E-003	-3.00000E-003	6.47550E-009	1.80000E-009	6.59490E-009	3.47710E+000	7.62496E+002	7.64276E+002	1.78010E+000	5.69105E-001	8.01000E-001	1.79630E-009	1.74710E-009	3.18500E-010
94	14	13	1	1.31000E-002	-2.70000E-003	-3.00000E-003	6.41460E-009	1.60000E-009	2.33260E-009	3.41180E+000	7.69072E+002	7.70419E+002	1.34660E+000	5.73730E-001	8.00400E-001	1.67450E-009	2.06090E-009	2.42620E-009
98	16	13	1	1.32000E-002	-2.70000E-003	-3.00000E-003	6.18740E-009	1.70000E-009	8.74010E-009	3.45780E+000	7.71379E+002	7.72849E+002	1.46990E+000	5.72481E-001	8.01700E-001	1.62530E-009	1.84540E-009	1.87360E-009
102	18	13	1	1.31000E-002	-2.70000E-003	-3.00000E-003	5.93920E-009	1.70000E-009	1.52690E-009	3.47950E+000	7.74414E+002	7.76244E+002	1.83000E+000	5.63533E-001	8.01900E-001	1.69560E-009	1.75410E-009	6.55700E-010
106	20	13	1	1.32000E-002	-2.70000E-003	-3.00000E-003	4.91570E-009	1.70000E-009	6.18300E-010	3.45900E+000	7.68966E+002	7.70415E+002	1.44970E+000	5.62371E-001	8.01100E-001	1.63000E-009	1.82440E-009	1.13350E-009
110	22	13	1	1.32000E-002	-2.70000E-003	-3.00000E-003	3.77050E-009	1.70000E-009	1.32090E-009	3.46670E+000	7.83518E+002	7.84882E+002	1.36340E+000	5.61781E-001	8.01600E-001	1.48010E-009	1.89930E-009	9.93000E-010
116	24	15	1	1.32000E-002	-2.70000E-003	-3.10000E-003	3.30920E-009	1.40000E-009	5.15200E-010	3.46700E+000	7.81733E+002	7.83459E+002	1.72600E+000	5.48682E-001	8.01800E-001	1.49650E-009	1.63700E-009	8.71200E-010
120	22	15	1	1.33000E-002	-2.70000E-003	-3.00000E-003	4.19680E-009	1.70000E-009	1.92980E-009	3.46340E+000	7.79694E+002	7.81161E+002	1.46730E+000	5.68919E-001	8.01700E-001	1.54100E-009	1.76820E-009	6.08900E-010
124	20	15	1	1.31000E-002	-2.70000E-003	-3.00000E-003	5.66980E-009	1.70000E-009	2.21080E-009	3.45900E+000	7.67381E+002	7.69333E+002	1.95270E+000	5.59847E-001	8.01800E-001	1.62060E-009	1.58550E-009	1.12410E-009
128	18	15	1	1.33000E-002	-2.60000E-003	-3.00000E-003	6.18740E-009	1.70000E-009	2.17330E-009	3.46180E+000	7.70758E+002	7.72745E+002	1.98640E+000	5.62392E-001	8.02100E-001	1.57380E-009	1.78220E-009	1.02110E-009
132	16	15	1	1.33000E-002	-2.70000E-003	-3.00000E-003	6.57150E-009	1.60000E-009	3.27870E-009	3.44660E+000	7.66838E+002	7.68365E+002	1.52700E+000	5.69837E-001	8.00000E-001	1.73300E-009	1.68390E-009	2.29510E-009
136	14	15	1	1.31000E-002	-2.70000E-003	-3.00000E-003	6.32560E-009	1.60000E-009	1.77050E-009	3.43490E+000	7.67067E+002	7.68485E+002	1.41850E+000	5.68273E-001	7.99900E-001	1.60890E-009	2.04450E-009	1.53630E-009
140	12	15	1	1.32000E-002	-2.60000E-003	-3.00000E-003	6.89000E-009	1.60000E-009	1.73959E-008	3.45550E+000	7.67791E+002	7.69403E+002	1.61260E+000	5.67325E-001	8.00500E-001	1.50120E-009	1.90630E-009	3.29740E-009
144	10	15	1	1.32000E-002	-2.60000E-003	-3.00000E-003	6.13820E-009	1.60000E-009	1.51760E-009	3.47040E+000	7.59621E+002	7.61339E+002	1.71820E+000	5.64856E-001	8.01500E-001	1.59490E-009	1.64170E-009	1.25530E-009
148	8	15	1	1.31000E-002	-2.70000E-003	-3.00000E-003	4.27640E-009	1.70000E-009	3.73770E-009	3.47580E+000	7.78008E+002	7.79409E+002	1.40130E+000	5.69390E-001	8.00900E-001	1.78920E-009	1.90400E-009	1.36770E-009
150	6	15	1	1.34000E-002	-2.90000E-003	-3.20000E-003	4.15930E-009	1.40000E-009	2.73540E-009	3.52830E+000	7.66969E+002	7.69139E+002	2.17010E+000	5.59174E-001	8.02800E-001	1.68390E-009	1.78220E-009	1.87000E-011
154	6	17	1	1.31000E-002	-2.70000E-003	-3.00000E-003	4.83840E-009	1.70000E-009	2.06100E-010	3.50400E+000	7.74709E+002	7.76611E+002	1.90220E+000	5.58448E-001	8.01700E-001	1.96020E-009	1.66510E-009	1.29280E-009
158	8	17	1	1.32000E-002	-2.70000E-003	-3.00000E-003	4.69320E-009	1.60000E-009	9.83600E-010	3.47000E+000	7.72608E+002	7.74294E+002	1.68600E+000	5.73318E-001	8.01700E-001	1.65340E-009	1.71200E-009	6.27600E-010
162	10	17	1	1.32000E-002	-2.80000E-003	-3.00000E-003	6.19210E-009	1.70000E-009	1.37710E-009	3.47100E+000	7.58033E+002	7.59546E+002	1.51340E+000	5.69794E-001	8.01700E-001	1.59020E-009	1.51060E-009	3.46600E-010
166	12	17	1	1.32000E-002	-2.70000E-003	-3.00000E-003	6.76350E-009	1.80000E-009	6.70730E-009	3.45870E+000	7.64355E+002	7.65742E+002	1.38720E+000	5.64990E-001	8.01600E-001	1.55500E-009	1.67920E-009	1.56440E-009
170	14	17	1	1.32000E-002	-2.70000E-003	-3.00000E-003	6.90640E-009	1.80000E-009	4.40300E-010	3.42250E+000	7.65004E+002	7.66367E+002	1.36300E+000	5.71863E-001	7.99600E-001	1.49880E-009	1.77280E-009	1.18030E-009
174	16	17	1	1.32000E-002	-2.60000E-003	-3.00000E-003	6.42160E-009	1.70000E-009	1.33020E-009	3.43610E+000	7.70459E+002	7.72697E+002	2.23800E+000	5.59406E-001	7.99900E-001	1.68850E-009	1.44730E-009	1.04920E-009
178	18	17	1	1.31000E-002	-2.60000E-003	-3.00000E-003	6.20150E-009	1.90000E-009	3.66280E-009	3.44510E+000	7.70202E+002	7.72015E+002	1.81310E+000	5.60064E-001	8.01800E-001	1.92740E-009	1.79390E-009	9.46100E-010
182	20	17	1	1.33000E-002	-2.70000E-003	-3.00000E-003	5.68390E-009	1.70000E-009	1.13350E-009	3.45480E+000	7.72011E+002	7.73684E+002	1.67390E+000	5.65256E-001	8.01600E-001	1.73070E-009	2.08430E-009	3.75000E-011
186	22	17	1	1.32000E-002	-2.70000E-003	-3.00000E-003	4.51530E-009	1.50000E-009	1.67680E-009	3.45980E+000	7.77305E+002	7.78957E+002	1.65200E+000	5.69661E-001	8.01500E-001	1.69560E-009	1.57850E-009	1.02110E-009
190	24	17	1	1.32000E-002	-2.70000E-003	-3.00000E-003	3.43330E-009	1.80000E-009	2.81000E-011	3.45830E+000	7.83446E+002	7.85417E+002	1.97050E+000	5.49041E-001	8.01700E-001	1.93210E-009	1.88990E-009	1.84540E-009
194	24	19	1	1.31000E-002	-2.70000E-003	-3.10000E-003	3.36770E-009	1.80000E-009	2.66040E-009	3.43820E+000	7.83220E+002	7.84903E+002	1.68340E+000	5.50173E-001	8.01600E-001	1.77750E-009	2.02340E-009	8.33700E-010
198	22	19	1	1.32000E-002	-2.70000E-003	-3.00000E-003	4.43330E-009	1.60000E-009	9.83600E-010	3.45500E+000	7.76268E+002	7.77801E+002	1.53270E+000	5.70096E-001	8.01400E-001	1.46610E-009	1.62530E-009	5.43300E-010
202	20	19	1	1.32000E-002	-2.70000E-003	-3.00000E-003	5.46370E-009	1.80000E-009	1.00230E-009	3.45750E+000	7.68538E+002	7.70307E+002	1.76920E+000	5.65963E-001	8.01600E-001	1.63000E-009	2.05860E-009	3.37200E-010
206	18	19	1	1.32000E-002	-2.70000E-003	-3.00000E-003	5.98600E-009	1.60000E-009	6.46400E-010	3.45120E+000	7.68867E+002	7.70505E+002	1.63790E+000	5.63465E-001	8.02100E-001	1.59720E-009	1.97890E-009	1.28340E-009
210	16	19	1	1.32000E-002	-2.60000E-003	-3.00000E-003	6.52700E-009	1.80000E-009	1.63000E-009	3.43970E+000	7.64116E+002	7.65559E+002	1.44260E+000	5.71977E-001	7.99000E-001	1.73070E-009	1.66040E-009	6.37000E-010
214	14	19	1	1.32000E-002	-2.70000E-003	-3.00000E-003	6.45910E-009	1.70000E-009	2.03280E-009	3.43630E+000	7.63501E+002	7.64944E+002	1.44290E+000	5.71579E-001	7.99600E-001	1.62300E-009	1.96020E-009	4.68000E-011
218	12	19	1	1.32000E-002	-2.70000E-003	-3.00000E-003	6.75650E-009	1.70000E-009	4.32790E-009	3.45530E+000	7.69578E+002	7.71437E+002	1.85870E+000	5.65457E-001	8.01400E-001	1.82440E-009	2.10540E-009	3.93400E-010
222	10	19	1	1.32000E-002	-2.70000E-003	-3.00000E-003	6.52700E-009	1.60000E-009	4.68000E-011	3.47810E+000	7.55110E+002	7.56617E+002	1.50730E+000	5.71684E-001	8.02000E-001	1.72840E-009	1.77990E-009	1.56440E-009
226	8	19	1	1.31000E-002	-2.70000E-003	-3.00000E-003	3.84780E-009	1.70000E-009	2.24800E-010	3.47340E+000	7.74211E+002	7.75938E+002	1.72750E+000	5.71758E-001	8.01800E-001	1.40980E-009	1.64400E-009	9.46100E-010
228	6	19	1	1.35000E-002	-2.90000E-003	-3.20000E-003	4.09140E-009	1.60000E-009	3.11010E-009	3.51330E+000	7.72946E+002	7.75186E+002	2.24020E+000	5.59492E-001	8.01500E-001	1.91800E-009	2.02810E-009	8.61800E-010
230	6	21	1	1.35000E-002	-2.90000E-003	-3.20000E-003	3.25300E-009	1.40000E-009	2.29510E-009	3.56170E+000	7.38749E+002	7.42196E+002	3.44780E+000	5.69241E-001	8.04600E-001	1.59720E-009	1.40750E-009	6.37000E-010
234	8	21	1	1.32000E-002	-2.70000E-003	-3.00000E-003	3.73540E-009	1.70000E-009	1.40500E-010	3.47470E+000	7.78471E+002	7.80231E+002	1.75980E+000	5.66614E-001	8.01700E-001	1.83370E-009	1.71430E-009	1.89230E-009
238	10	21	1	1.33000E-002	-2.70000E-003	-3.00000E-003	5.40290E-009	1.70000E-009	3.67220E-009	3.47330E+000	7.61588E+002	7.62889E+002	1.30140E+000	5.71956E-001	8.02600E-001	1.69090E-009	2.02580E-009	2.02340E-009
242	12	21	1	1.32000E-002	-2.70000E-003	-3.00000E-003	6.93210E-009	1.70000E-009	4.59000E-010	3.46360E+000	7.66613E+002	7.68359E+002	1.74560E+000	5.67724E-001	8.02000E-001	1.46140E-009	1.90870E-009	1.73300E-009
246	14	21	1	1.32000E-002	-2.70000E-003	-3.00000E-003	7.00010E-009	1.60000E-009	4.79442E-008	3.44370E+000	7.65332E+002	7.66695E+002	1.36250E+000	5.65766E-001	8.01000E-001	1.58780E-009	1.68620E-009	4.21550E-009
250	16	21	1	1.32000E-002	-2.70000E-003	-3.00000E-003	6.80100E-009	1.80000E-009	8.31482E-008	3.43450E+000	7.71804E+002	7.73499E+002	1.69560E+000	5.61469E-001	8.00700E-001	1.64170E-009	1.61830E-009	1.86420E-009
254	18	21	1	1.32000E-002	-2.70000E-003	-3.00000E-003	6.50120E-009	1.80000E-009	1.51760E-009	3.45980E+000	7.73086E+002	7.74617E+002	1.53180E+000	5.65649E-001	8.02300E-001	1.74940E-009	1.63470E-009	1.68620E-009
258	20	21	1	1.32000E-002	-2.70000E-003	-3.00000E-003	5.41690E-009	1.80000E-009	1.41450E-009	3.46260E+000	7.72880E+002	7.74393E+002	1.51370E+000	5.63746E-001	8.02100E-001	1.86890E-009	1.81030E-009	1.89230E-009
262	22	21	1	1.32000E-002	-2.70000E-003	-3.00000E-003	4.25530E-009	1.70000E-009	1.61130E-009	3.46510E+000	7.80638E+002	7.82145E+002	1.50690E+000	5.68426E-001	8.01900E-001	1.88990E-009	1.70020E-009	1.90170E-009
269	22	23	1	1.32000E-002	-2.70000E-003	-3.00000E-003	3.95550E-009	1.80000E-009	4.68000E-011	3.46250E+000	7.86963E+002	7.89078E+002	2.11530E+000	5.56075E-001	8.01700E-001	1.72130E-009	1.89230E-009	5.90200E-010
273	20	23	1	1.32000E-002	-2.70000E-003	-3.00000E-003	4.76120E-009	1.50000E-009	5.52700E-010	3.45390E+000	7.74528E+002	7.76069E+002	1.54100E+000	5.69432E-001	8.01800E-001	1.37240E-009	1.75410E-009	8.33700E-010
277	18	23	1	1.31000E-002	-2.70000E-003	-3.00000E-003	5.71670E-009	1.60000E-009	1.49900E-010	3.45460E+000	7.71950E+002	7.73525E+002	1.57540E+000	5.63263E-001	8.01800E-001	1.60420E-009	1.90170E-009	8.89900E-010
281	16	23	1	1.32000E-002	-2.60000E-003	-3.00000E-003	6.38650E-009	1.60000E-009	4.26230E-009	3.44330E+000	7.68911E+002	7.70323E+002	1.41170E+000	5.61890E-001	8.00800E-001	1.45200E-009	1.55500E-009	1.55500E-009
285	14	23	1	1.32000E-002	-2.70000E-003	-3.00000E-003	6.69790E-009	1.60000E-009	3.65340E-009	3.44390E+000	7.66406E+002	7.68014E+002	1.60800E+000	5.65495E-001	8.01700E-001	1.51060E-009	1.89230E-009	4.77800E-010
289	12	23	1	1.31000E-002	-2.60000E-003	-3.00000E-003	6.70500E-009	1.70000E-009	2.37000E-009	3.45770E+000	7.57209E+002	7.58734E+002	1.52520E+000	5.72026E-001	8.01700E-001	1.71200E-009	1.64400E-009	1.48950E-009
293	10	23	1	1.32000E-002	-2.70000E-003	-3.00000E-003	5.05390E-009	1.60000E-009	3.87830E-009	3.46390E+000	7.66947E+002	7.68481E+002	1.53450E+000	5.74035E-001	8.01500E-001	1.76580E-009	1.72840E-009	1.84540E-009
297	8	23	1	1.31000E-002	-2.70000E-003	-3.00000E-003	3.60190E-009	1.90000E-009	1.20840E-009	3.46790E+000	7.82298E+002	7.84212E+002	1.91400E+000	5.55395E-001	8.01900E-001	1.75650E-009	1.48480E-009	8.24400E-010
299	8	25	1	1.35000E-002	-2.80000E-003	-3.20000E-003	4.04690E-009	1.60000E-009	3.21310E-009	3.51860E+000	7.61125E+002	7.63853E+002	2.72770E+000	5.61111E-001	8.03500E-001	2.03050E-009	1.83840E-009	5.90200E-010
303	10	25	1	1.32000E-002	-2.70000E-003	-3.00000E-003	4.47080E-009	1.70000E-009	5.01170E-009	3.45770E+000	7.84396E+002	7.86275E+002	1.87820E+000	5.58492E-001	8.01600E-001	1.55740E-009	1.74940E-009	2.21080E-009
307	12	25	1	1.32000E-002	-2.70000E-003	-3.00000E-003	5.13350E-009	1.80000E-009	5.16160E-009	3.46090E+000	7.65737E+002	7.67361E+002	1.62420E+000	5.75377E-001	8.02000E-001	1.72600E-009	1.87590E-009	2.19210E-009
311	14	25	1	1.31000E-002	-2.70000E-003	-3.00000E-003	5.50360E-009	1.70000E-009	3.13820E-009	3.45290E+000	7.67140E+002	7.68666E+002	1.52540E+000	5.69513E-001	8.02100E-001	1.75880E-009	1.77750E-009	1.25530E-009
315	16	25	1	1.32000E-002	-2.70000E-003	-3.00000E-003	4.77520E-009	1.70000E-009	1.87400E-010	3.45280E+000	7.69031E+002	7.70855E+002	1.82400E+000	5.60341E-001	8.01500E-001	1.66040E-009	1.82910E-009	1.10540E-009
319	18	25	1	1.32000E-002	-2.70000E-003	-3.00000E-003	4.68860E-009	1.70000E-009	1.28340E-009	3.46320E+000	7.75797E+002	7.77859E+002	2.06200E+000	5.68963E-001	8.02500E-001	1.74470E-009	2.00000E-009	1.41450E-009
323	20	25	1	1.31000E-002	-2.70000E-003	-3.00000E-003	4.03980E-009	1.50000E-009	2.32320E-009	3.45050E+000	7.83117E+002	7.84655E+002	1.53850E+000	5.63792E-001	8.01300E-001	1.45670E-009	1.65580E-009	6.74500E-010
333	18	27	1	1.31000E-002	-2.70000E-003	-3.00000E-003	3.68620E-009	1.70000E-009	8.43100E-010	3.46910E+000	7.85047E+002	7.87093E+002	2.04600E+000	5.54486E-001	8.02300E-001	1.99300E-009	1.77520E-009	1.98600E-009
337	16	27	1	1.33000E-002	-2.70000E-003	-3.00000E-003	4.10540E-009	1.80000E-009	9.39305E-008	3.45880E+000	7.81660E+002	7.84258E+002	2.59860E+000	5.57500E-001	8.02700E-001	1.97430E-009	1.92980E-009	5.05900E-010
341	14	27	1	1.31000E-002	-2.70000E-003	-3.00000E-003	4.22720E-009	1.40000E-009	1.30210E-009	3.45330E+000	7.80466E+002	7.82367E+002	1.90060E+000	5.61571E-001	8.02200E-001	1.80800E-009	1.89930E-009	9.83600E-010
345	12	27	1	1.32000E-002	-2.70000E-003	-3.00000E-003	4.71900E-009	2.00000E-009	1.65810E-009	3.45770E+000	7.80750E+002	7.83216E+002	2.46660E+000	5.54269E-001	8.02200E-001	1.94620E-009	1.49880E-009	7.40100E-010
348	10	27	1	1.32000E-002	-2.80000E-003	-3.10000E-003	4.00940E-009	1.70000E-009	7.15700E-009	3.48890E+000	7.64045E+002	7.66675E+002	2.63030E+000	5.62944E-001	8.03200E-001	2.22020E-009	1.80560E-009	1.97660E-009

