Program name	H0192AB_E4_CP1.dll
Lot number	C146419.00-CPTSTE07-250312-163410@CP
Wafer number	01
Date	2025/03/12
Time	16:37:07

No.U	X	Y	Bin	CONT@D	CONT@G	CONT@S	IGSS1	IGSSR1	IDSS1	VTH	BVDSS1	BVDSS2	BV2-BV1	RDSON1	VFSDS	IGSS2	IGSSR2	IDSS3
LimitU				0.5V	0.5V	0.5V	80nA	3uA	200nA	4V	900V	900V	50V	640mohm	1V	80nA	80nA	150nA
LimitL				-0.5V	-0.5V	-0.5V	0nA	0uA	0nA	3V	700V	700V	-10V	0mohm	0V	0nA	0nA	0nA
Bias 1				 	 	 	 	 	 	100uA	250uA	1mA	 	1A	 	 	 	 
Bias 2				 	 	 	 	 	 	 	 	 	 	 	2A	 	 	 
Bias 3				2V	 	 	 	 	700V	 	 	 	 	 	 	 	 	600V
Bias 4				 	2V	 	30V	-30V	 	 	 	 	 	10V	0V	20V	-20V	 
Bias 5				1000uS	8000uS	8000uS	12000uS	12000uS	10000uS	2000uS	10000uS	8000uS	1000uS	50000uS	5000uS	12000uS	12000uS	10000uS
Bias 6				 	 	 	 	 	 	 	 	 	 	 	 	 	 	 
3	17	6	1	1.32000E-002	1.30000E-003	1.00000E-003	2.85950E-009	1.50000E-009	8.01870E-009	3.47720E+000	7.52238E+002	7.55378E+002	3.13990E+000	5.61413E-001	7.99000E-001	1.16630E-009	1.80090E-009	6.65100E-010
7	15	6	1	1.32000E-002	1.30000E-003	9.00000E-004	3.03510E-009	1.50000E-009	9.94840E-009	3.47780E+000	7.61202E+002	7.63544E+002	2.34190E+000	5.64122E-001	7.98000E-001	1.03980E-009	1.80560E-009	1.77980E-009
11	13	6	1	1.32000E-002	1.40000E-003	1.00000E-003	3.92270E-009	1.60000E-009	1.19625E-008	3.49240E+000	7.43302E+002	7.46523E+002	3.22080E+000	5.62037E-001	7.99300E-001	1.47540E-009	1.87590E-009	1.59200E-010
20	9	8	1	1.31000E-002	1.20000E-003	1.00000E-003	3.32080E-009	1.70000E-009	2.25010E-008	3.56120E+000	7.05544E+002	7.10454E+002	4.91000E+000	5.62732E-001	7.99500E-001	1.50580E-009	1.78450E-009	4.30900E-010
24	11	8	1	1.31000E-002	1.30000E-003	1.00000E-003	3.24350E-009	1.40000E-009	7.08190E-009	3.47230E+000	7.78176E+002	7.80678E+002	2.50180E+000	5.48821E-001	7.97300E-001	9.53200E-010	1.66740E-009	8.99300E-010
28	13	8	1	1.31000E-002	1.20000E-003	1.00000E-003	3.93440E-009	1.70000E-009	4.43651E-008	3.45940E+000	7.82980E+002	7.85743E+002	2.76290E+000	5.58585E-001	7.97100E-001	1.19670E-009	1.76350E-009	1.36770E-009
32	15	8	1	1.32000E-002	1.30000E-003	1.00000E-003	3.80560E-009	1.50000E-009	2.01123E-008	3.45480E+000	7.73529E+002	7.75365E+002	1.83550E+000	5.72334E-001	7.97900E-001	1.03750E-009	1.78690E-009	1.21780E-009
36	17	8	1	1.31000E-002	1.30000E-003	9.00000E-004	3.62530E-009	1.80000E-009	6.09830E-009	3.43760E+000	7.77279E+002	7.79298E+002	2.01920E+000	5.64619E-001	7.98700E-001	1.17100E-009	1.92740E-009	2.08900E-009
40	19	8	1	1.32000E-002	1.30000E-003	1.00000E-003	3.87120E-009	1.30000E-009	4.77750E-009	3.44210E+000	7.77544E+002	7.80220E+002	2.67540E+000	5.54417E-001	7.98000E-001	9.04000E-010	1.89230E-009	1.57380E-009
45	21	10	1	1.32000E-002	1.30000E-003	1.00000E-003	2.95310E-009	1.40000E-009	2.39810E-009	3.45930E+000	7.82183E+002	7.84159E+002	1.97650E+000	5.54005E-001	7.97900E-001	9.95300E-010	1.72600E-009	2.87590E-009
49	19	10	1	1.32000E-002	1.30000E-003	1.00000E-003	4.26930E-009	1.70000E-009	3.56910E-009	3.46160E+000	7.69072E+002	7.70692E+002	1.62020E+000	5.70227E-001	7.97900E-001	1.04450E-009	1.98590E-009	2.12640E-009
53	17	10	1	1.32000E-002	1.20000E-003	9.00000E-004	5.14750E-009	1.30000E-009	7.78450E-009	3.44830E+000	7.61996E+002	7.63559E+002	1.56270E+000	5.73481E-001	7.97400E-001	9.36800E-010	1.70720E-009	1.79860E-009
57	15	10	1	1.32000E-002	1.30000E-003	1.00000E-003	5.05620E-009	1.40000E-009	9.18030E-009	3.45320E+000	7.61365E+002	7.62895E+002	1.53060E+000	5.76236E-001	7.97100E-001	1.12180E-009	1.77050E-009	1.33020E-009
61	13	10	1	1.31000E-002	1.30000E-003	1.00000E-003	4.58310E-009	1.20000E-009	5.15220E-009	3.46750E+000	7.67369E+002	7.69188E+002	1.81980E+000	5.73392E-001	7.96900E-001	7.82200E-010	1.74940E-009	1.86420E-009
65	11	10	1	1.31000E-002	1.30000E-003	1.00000E-003	4.05850E-009	1.60000E-009	7.88750E-009	3.47840E+000	7.81855E+002	7.83467E+002	1.61220E+000	5.66069E-001	7.97300E-001	9.93000E-010	1.87120E-009	1.10540E-009
69	9	10	1	1.32000E-002	1.30000E-003	1.00000E-003	3.30680E-009	1.40000E-009	7.36290E-009	3.47790E+000	7.78662E+002	7.80728E+002	2.06590E+000	5.52076E-001	7.97300E-001	1.13110E-009	1.57610E-009	2.12640E-009
73	7	10	3	1.32000E-002	1.60000E-003	9.00000E-004	1.38690E-005
79	7	12	1	1.31000E-002	1.20000E-003	1.00000E-003	2.98830E-009	1.30000E-009	8.40280E-009	3.49460E+000	7.64716E+002	7.67248E+002	2.53220E+000	5.54526E-001	7.97700E-001	9.08700E-010	1.80800E-009	3.93400E-010
83	9	12	1	1.32000E-002	1.30000E-003	1.00000E-003	3.77750E-009	1.50000E-009	5.67680E-009	3.47340E+000	7.80167E+002	7.82131E+002	1.96450E+000	5.63320E-001	7.97000E-001	1.29270E-009	1.84070E-009	5.24600E-010
87	11	12	1	1.32000E-002	1.20000E-003	1.00000E-003	5.23650E-009	1.80000E-009	9.86410E-009	3.47650E+000	7.70825E+002	7.72884E+002	2.05960E+000	5.67431E-001	7.96500E-001	1.06090E-009	1.52690E-009	1.33020E-009
91	13	12	1	1.32000E-002	1.30000E-003	1.00000E-003	6.11710E-009	1.40000E-009	6.02340E-009	3.47200E+000	7.59414E+002	7.61196E+002	1.78210E+000	5.71635E-001	7.96900E-001	1.09600E-009	1.93910E-009	2.99800E-010
95	15	12	1	1.32000E-002	1.30000E-003	1.00000E-003	6.79860E-009	1.50000E-009	4.89930E-009	3.45940E+000	7.59272E+002	7.60842E+002	1.56950E+000	5.75247E-001	7.96400E-001	1.10300E-009	1.88990E-009	8.80600E-010
99	17	12	1	1.33000E-002	1.30000E-003	1.00000E-003	6.48240E-009	1.60000E-009	7.82200E-009	3.45690E+000	7.58884E+002	7.60440E+002	1.55630E+000	5.71001E-001	7.97700E-001	7.72800E-010	1.83140E-009	1.59200E-010
103	19	12	1	1.31000E-002	1.30000E-003	1.00000E-003	6.03980E-009	1.70000E-009	3.02570E-009	3.44740E+000	7.56043E+002	7.57637E+002	1.59440E+000	5.69522E-001	7.98000E-001	1.09600E-009	1.86880E-009	1.06790E-009
107	21	12	1	1.33000E-002	1.30000E-003	9.00000E-004	4.29970E-009	1.70000E-009	4.55270E-009	3.45440E+000	7.71209E+002	7.72948E+002	1.73920E+000	5.64374E-001	7.97800E-001	9.76600E-010	1.63700E-009	1.38640E-009
111	23	12	1	1.31000E-002	1.20000E-003	9.00000E-004	3.57140E-009	1.60000E-009	3.28800E-009	3.47400E+000	7.78439E+002	7.80427E+002	1.98840E+000	5.49288E-001	7.98700E-001	1.66980E-009	1.81730E-009	2.81970E-009
113	23	14	1	1.32000E-002	1.30000E-003	1.00000E-003	3.57140E-009	1.50000E-009	3.01640E-009	3.47890E+000	7.85144E+002	7.87128E+002	1.98420E+000	5.53347E-001	7.98000E-001	8.47800E-010	1.68380E-009	2.66040E-009
117	21	14	1	1.32000E-002	1.30000E-003	1.00000E-003	5.09830E-009	1.60000E-009	2.42620E-009	3.46180E+000	7.63425E+002	7.65405E+002	1.98060E+000	5.61838E-001	7.97600E-001	1.22480E-009	1.90160E-009	2.08900E-009
121	19	14	1	1.32000E-002	1.30000E-003	1.00000E-003	7.00230E-009	1.70000E-009	3.85950E-009	3.46260E+000	7.59338E+002	7.61653E+002	2.31510E+000	5.63599E-001	7.97800E-001	1.20610E-009	1.71900E-009	1.29270E-009
125	17	14	1	1.32000E-002	1.30000E-003	1.00000E-003	6.89460E-009	1.50000E-009	6.07020E-009	3.45780E+000	7.61417E+002	7.62826E+002	1.40880E+000	5.67818E-001	7.96400E-001	1.26230E-009	1.91800E-009	7.86900E-010
129	15	14	1	1.33000E-002	1.20000E-003	1.00000E-003	7.00930E-009	1.40000E-009	4.38400E-009	3.43860E+000	7.54921E+002	7.58191E+002	3.27010E+000	5.69767E-001	7.96100E-001	1.19440E-009	1.51760E-009	1.48010E-009
133	13	14	1	1.32000E-002	1.30000E-003	1.00000E-003	7.07260E-009	1.70000E-009	4.09370E-009	3.47140E+000	7.61239E+002	7.62826E+002	1.58660E+000	5.72886E-001	7.97000E-001	1.24360E-009	1.81030E-009	1.14280E-009
137	11	14	1	1.31000E-002	1.20000E-003	1.00000E-003	6.45660E-009	1.50000E-009	8.09360E-009	3.47930E+000	7.67571E+002	7.69310E+002	1.73910E+000	5.58941E-001	7.97100E-001	1.14750E-009	1.60190E-009	1.15220E-009
141	9	14	1	1.33000E-002	1.30000E-003	1.00000E-003	4.26460E-009	1.50000E-009	5.92970E-009	3.46110E+000	7.64597E+002	7.66483E+002	1.88590E+000	5.63600E-001	7.96700E-001	1.20840E-009	1.71660E-009	1.39580E-009
145	7	14	1	1.32000E-002	1.30000E-003	9.00000E-004	3.48480E-009	1.70000E-009	4.09370E-009	3.48090E+000	7.79447E+002	7.81145E+002	1.69850E+000	5.51137E-001	7.97900E-001	1.27870E-009	1.58310E-009	3.56000E-010
151	5	16	3	1.32000E-002	3.00000E-003	2.30000E-003	1.38680E-005
155	7	16	1	1.32000E-002	1.30000E-003	9.00000E-004	4.02340E-009	1.50000E-009	3.04450E-009	3.47730E+000	7.82385E+002	7.84826E+002	2.44050E+000	5.56786E-001	7.98100E-001	1.28570E-009	1.89230E-009	2.97890E-009
159	9	16	1	1.32000E-002	1.30000E-003	1.00000E-003	5.07020E-009	1.40000E-009	2.66040E-009	3.47590E+000	7.63556E+002	7.65274E+002	1.71810E+000	5.69168E-001	7.98400E-001	9.90600E-010	1.79160E-009	1.81730E-009
163	11	16	1	1.32000E-002	1.30000E-003	9.00000E-004	6.44960E-009	1.80000E-009	4.21540E-009	3.48910E+000	7.73185E+002	7.75428E+002	2.24300E+000	5.59080E-001	7.97600E-001	1.23420E-009	1.97190E-009	3.56000E-010
167	13	16	1	1.32000E-002	1.30000E-003	9.00000E-004	7.18960E-009	1.60000E-009	4.43090E-009	3.45250E+000	7.62863E+002	7.64634E+002	1.77170E+000	5.63586E-001	7.98100E-001	1.16860E-009	1.87820E-009	7.40000E-010
171	15	16	1	1.32000E-002	1.40000E-003	1.00000E-003	6.53390E-009	1.50000E-009	2.96020E-009	3.43850E+000	7.53086E+002	7.54712E+002	1.62570E+000	5.69427E-001	7.96700E-001	1.01870E-009	1.97190E-009	1.87350E-009
175	17	16	1	1.32000E-002	1.30000E-003	9.00000E-004	6.87110E-009	1.60000E-009	4.63700E-009	3.44690E+000	7.60448E+002	7.62111E+002	1.66350E+000	5.68944E-001	7.96700E-001	1.29980E-009	1.97660E-009	1.52690E-009
179	19	16	1	1.32000E-002	1.30000E-003	1.00000E-003	6.80320E-009	1.40000E-009	3.18500E-009	3.46780E+000	7.61380E+002	7.62982E+002	1.60200E+000	5.67899E-001	7.97700E-001	1.06560E-009	1.88760E-009	1.54570E-009
183	21	16	1	1.32000E-002	1.30000E-003	9.00000E-004	5.72600E-009	1.50000E-009	1.55500E-009	3.46950E+000	7.65634E+002	7.67353E+002	1.71950E+000	5.66035E-001	7.98000E-001	1.66980E-009	1.71430E-009	2.59480E-009
187	23	16	1	1.32000E-002	1.30000E-003	1.00000E-003	3.26230E-009	1.60000E-009	4.40300E-010	3.47200E+000	7.85212E+002	7.86687E+002	1.47510E+000	5.61221E-001	7.97900E-001	1.07730E-009	1.66980E-009	1.71430E-009
191	23	18	1	1.32000E-002	1.30000E-003	1.00000E-003	3.85480E-009	1.50000E-009	2.40750E-009	3.47110E+000	7.86552E+002	7.88234E+002	1.68230E+000	5.60928E-001	7.98000E-001	1.27170E-009	1.70490E-009	2.15460E-009
195	21	18	1	1.31000E-002	1.20000E-003	1.00000E-003	5.45200E-009	1.60000E-009	2.99760E-009	3.46650E+000	7.70467E+002	7.72094E+002	1.62780E+000	5.64294E-001	7.97700E-001	1.47540E-009	1.75880E-009	1.33960E-009
199	19	18	1	1.33000E-002	1.30000E-003	1.00000E-003	6.68850E-009	1.80000E-009	5.44260E-009	3.46090E+000	7.69608E+002	7.71772E+002	2.16420E+000	5.64985E-001	7.98100E-001	1.37470E-009	1.78690E-009	3.46600E-010
203	17	18	1	1.32000E-002	1.30000E-003	1.00000E-003	6.09600E-009	1.60000E-009	4.00930E-009	3.43870E+000	7.65730E+002	7.67281E+002	1.55110E+000	5.64532E-001	7.96100E-001	1.22250E-009	1.56440E-009	5.99500E-010
207	15	18	1	1.32000E-002	1.30000E-003	9.00000E-004	7.11000E-009	1.70000E-009	2.35130E-009	3.43570E+000	7.49791E+002	7.52203E+002	2.41200E+000	5.62256E-001	7.96100E-001	1.42860E-009	1.87820E-009	4.59000E-010
211	13	18	1	1.32000E-002	1.30000E-003	1.00000E-003	7.32550E-009	1.40000E-009	5.83600E-009	3.45630E+000	7.63735E+002	7.65330E+002	1.59460E+000	5.63551E-001	7.96600E-001	9.67200E-010	1.66510E-009	1.07730E-009
215	11	18	1	1.32000E-002	1.30000E-003	1.00000E-003	6.74470E-009	1.70000E-009	1.34890E-009	3.49490E+000	7.72430E+002	7.74110E+002	1.67930E+000	5.64023E-001	7.98200E-001	1.14280E-009	1.75410E-009	1.62060E-009
219	9	18	1	1.32000E-002	1.30000E-003	1.00000E-003	5.00230E-009	1.40000E-009	3.02570E-009	3.46910E+000	7.60214E+002	7.61770E+002	1.55600E+000	5.71512E-001	7.97800E-001	1.05620E-009	1.55740E-009	1.09600E-009
223	7	18	1	1.31000E-002	1.30000E-003	1.00000E-003	3.64870E-009	1.60000E-009	1.49900E-010	3.48260E+000	7.82436E+002	7.84346E+002	1.90940E+000	5.57219E-001	7.98200E-001	1.18730E-009	1.71430E-009	8.99300E-010
231	7	20	1	1.33000E-002	1.20000E-003	9.00000E-004	3.72830E-009	1.40000E-009	1.63930E-009	3.46470E+000	7.79128E+002	7.81131E+002	2.00290E+000	5.55837E-001	7.98700E-001	1.22720E-009	1.44960E-009	1.49880E-009
235	9	20	1	1.32000E-002	1.30000E-003	9.00000E-004	4.55500E-009	1.60000E-009	2.03280E-009	3.46580E+000	7.64559E+002	7.66136E+002	1.57720E+000	5.71402E-001	7.97600E-001	1.10540E-009	1.71660E-009	1.44260E-009
239	11	20	1	1.31000E-002	1.30000E-003	9.00000E-004	6.59010E-009	1.70000E-009	3.01640E-009	3.48690E+000	7.72783E+002	7.75415E+002	2.63240E+000	5.62054E-001	7.97900E-001	1.67910E-009	1.79390E-009	1.02110E-009
243	13	20	1	1.32000E-002	1.30000E-003	1.00000E-003	7.66970E-009	1.50000E-009	1.58313E-008	3.46540E+000	7.62173E+002	7.63982E+002	1.80850E+000	5.66346E-001	7.96900E-001	1.37940E-009	1.67210E-009	4.87100E-010
247	15	20	1	1.32000E-002	1.30000E-003	1.00000E-003	7.00930E-009	1.70000E-009	1.95780E-009	3.44320E+000	7.59305E+002	7.60761E+002	1.45630E+000	5.72675E-001	7.95900E-001	1.30440E-009	1.82670E-009	1.33960E-009
251	17	20	1	1.31000E-002	1.30000E-003	1.00000E-003	7.04210E-009	1.60000E-009	7.72830E-009	3.43700E+000	7.58851E+002	7.60321E+002	1.47030E+000	5.66204E-001	7.96000E-001	1.20370E-009	2.04210E-009	4.59000E-010
255	19	20	1	1.32000E-002	1.30000E-003	1.00000E-003	6.75410E-009	1.30000E-009	7.51280E-009	3.45690E+000	7.69398E+002	7.70838E+002	1.43950E+000	5.67271E-001	7.97800E-001	1.04680E-009	1.55500E-009	1.27400E-009
259	21	20	1	1.32000E-002	1.40000E-003	1.00000E-003	5.17560E-009	1.60000E-009	1.77980E-009	3.46470E+000	7.70102E+002	7.71854E+002	1.75230E+000	5.66240E-001	7.97900E-001	1.19670E-009	1.82200E-009	1.29270E-009
263	23	20	1	1.31000E-002	1.20000E-003	9.00000E-004	3.84070E-009	1.40000E-009	4.68000E-011	3.46380E+000	7.88812E+002	7.90725E+002	1.91300E+000	5.56342E-001	7.98200E-001	1.70720E-009	1.77280E-009	2.15460E-009
265	23	22	1	1.33000E-002	1.20000E-003	9.00000E-004	4.70020E-009	1.40000E-009	3.82200E-009	3.44800E+000	7.83459E+002	7.85269E+002	1.80930E+000	5.46837E-001	7.97400E-001	1.95310E-009	1.59950E-009	2.16390E-009
266	21	22	1	1.32000E-002	1.30000E-003	1.00000E-003	4.69080E-009	1.50000E-009	7.00700E-009	3.45810E+000	7.77108E+002	7.78989E+002	1.88050E+000	5.65603E-001	7.97600E-001	1.42860E-009	1.83840E-009	1.63000E-009
270	19	22	1	1.32000E-002	1.30000E-003	9.00000E-004	6.53630E-009	1.60000E-009	5.03040E-009	3.46220E+000	7.64036E+002	7.65835E+002	1.79840E+000	5.65307E-001	7.97800E-001	1.32550E-009	1.85480E-009	2.32320E-009
274	17	22	1	1.31000E-002	1.30000E-003	1.00000E-003	6.66510E-009	1.50000E-009	3.96250E-009	3.45960E+000	7.67531E+002	7.69029E+002	1.49800E+000	5.65495E-001	7.97600E-001	1.07730E-009	1.84780E-009	5.62100E-010
278	15	22	1	1.32000E-002	1.20000E-003	1.00000E-003	7.26930E-009	1.60000E-009	4.58080E-009	3.46360E+000	7.61932E+002	7.63365E+002	1.43330E+000	5.68194E-001	7.97600E-001	1.04680E-009	1.65100E-009	7.86900E-010
282	13	22	1	1.33000E-002	1.30000E-003	9.00000E-004	7.37700E-009	1.60000E-009	4.11240E-009	3.47560E+000	7.58800E+002	7.60286E+002	1.48520E+000	5.71498E-001	7.98500E-001	1.28340E-009	1.87350E-009	2.46370E-009
286	11	22	1	1.32000E-002	1.30000E-003	1.00000E-003	6.48010E-009	1.40000E-009	3.17560E-009	3.47760E+000	7.62629E+002	7.64311E+002	1.68130E+000	5.66250E-001	7.98200E-001	1.01870E-009	1.93440E-009	6.37000E-010
290	9	22	1	1.32000E-002	1.30000E-003	1.00000E-003	4.22950E-009	1.40000E-009	2.99760E-009	3.47010E+000	7.68086E+002	7.69764E+002	1.67820E+000	5.71713E-001	7.98000E-001	1.17800E-009	2.02810E-009	2.23890E-009
294	7	22	1	1.32000E-002	1.20000E-003	9.00000E-004	3.71890E-009	1.50000E-009	2.47310E-009	3.49490E+000	7.72017E+002	7.74214E+002	2.19650E+000	5.57251E-001	7.99100E-001	1.06320E-009	1.66980E-009	1.21780E-009
300	9	24	1	1.31000E-002	1.20000E-003	9.00000E-004	4.28100E-009	1.50000E-009	3.84070E-009	3.46720E+000	7.82613E+002	7.84667E+002	2.05360E+000	5.55491E-001	7.98300E-001	1.17330E-009	1.77050E-009	1.07730E-009
304	11	24	1	1.32000E-002	1.30000E-003	9.00000E-004	5.86410E-009	1.50000E-009	3.49410E-009	3.47010E+000	7.71175E+002	7.73210E+002	2.03480E+000	5.68501E-001	7.98400E-001	1.02810E-009	1.89230E-009	8.43100E-010
308	13	24	1	1.31000E-002	1.30000E-003	1.00000E-003	6.27630E-009	1.50000E-009	3.80330E-009	3.47450E+000	7.61444E+002	7.63193E+002	1.74880E+000	5.68083E-001	7.98000E-001	1.03280E-009	1.43790E-009	6.55700E-010
312	15	24	1	1.32000E-002	1.30000E-003	1.00000E-003	6.36060E-009	1.70000E-009	6.04210E-009	3.46120E+000	7.58378E+002	7.59897E+002	1.51970E+000	5.60919E-001	7.97900E-001	1.37940E-009	1.69550E-009	8.43100E-010
316	17	24	1	1.32000E-002	1.30000E-003	9.00000E-004	5.73300E-009	1.80000E-009	5.00230E-009	3.46430E+000	7.61283E+002	7.62873E+002	1.58930E+000	5.65334E-001	7.97600E-001	1.19910E-009	1.78920E-009	1.77980E-009
320	19	24	1	1.32000E-002	1.40000E-003	1.00000E-003	4.92500E-009	1.50000E-009	3.80330E-009	3.45730E+000	7.66261E+002	7.67877E+002	1.61570E+000	5.70217E-001	7.98800E-001	9.04000E-010	1.63700E-009	3.09100E-010
324	21	24	1	1.33000E-002	1.30000E-003	1.00000E-003	4.19670E-009	1.90000E-009	1.44260E-009	3.46630E+000	7.82349E+002	7.83812E+002	1.46310E+000	5.62641E-001	7.98100E-001	1.27870E-009	1.85950E-009	1.97660E-009
327	19	26	1	1.33000E-002	1.20000E-003	9.00000E-004	4.31850E-009	1.70000E-009	4.28100E-009	3.45760E+000	7.82880E+002	7.85874E+002	2.99410E+000	5.61046E-001	7.97900E-001	1.43560E-009	1.87820E-009	2.65100E-009
330	17	26	1	1.32000E-002	1.20000E-003	9.00000E-004	4.51520E-009	1.50000E-009	1.95780E-009	3.45640E+000	7.70362E+002	7.71855E+002	1.49300E+000	5.66902E-001	7.98600E-001	1.22480E-009	2.01400E-009	1.32080E-009
334	15	26	1	1.32000E-002	1.20000E-003	1.00000E-003	4.56910E-009	1.70000E-009	3.87820E-009	3.45490E+000	7.66578E+002	7.68135E+002	1.55700E+000	5.65325E-001	7.98200E-001	1.08200E-009	1.47770E-009	2.39810E-009
338	13	26	1	1.31000E-002	1.30000E-003	1.00000E-003	4.97650E-009	1.70000E-009	9.97650E-009	3.46080E+000	7.69869E+002	7.71622E+002	1.75260E+000	5.68429E-001	7.98700E-001	1.10540E-009	1.90160E-009	6.37000E-010
342	11	26	1	1.32000E-002	1.20000E-003	9.00000E-004	4.46130E-009	1.40000E-009	3.70020E-009	3.46020E+000	7.82700E+002	7.85172E+002	2.47230E+000	5.54589E-001	7.98700E-001	1.18030E-009	1.68150E-009	2.50120E-009
346	9	26	1	1.31000E-002	1.20000E-003	9.00000E-004	3.92270E-009	1.70000E-009	5.51750E-009	3.47640E+000	7.63650E+002	7.65561E+002	1.91040E+000	5.58352E-001	7.99400E-001	1.53860E-009	1.93680E-009	5.80800E-010
350	13	28	1	1.34000E-002	1.20000E-003	9.00000E-004	3.82430E-009	1.40000E-009	5.60180E-009	3.47030E+000	7.73260E+002	7.75210E+002	1.95060E+000	5.50984E-001	7.98200E-001	1.70720E-009	1.71660E-009	1.95780E-009
352	15	28	1	1.34000E-002	1.20000E-003	9.00000E-004	3.81500E-009	1.70000E-009	4.20610E-009	3.45200E+000	7.76498E+002	7.78474E+002	1.97630E+000	5.51732E-001	7.98400E-001	1.55740E-009	1.79390E-009	1.86420E-009
354	17	28	1	1.33000E-002	1.20000E-003	9.00000E-004	3.96250E-009	1.30000E-009	3.31895E-008	3.46410E+000	7.75068E+002	7.77020E+002	1.95190E+000	5.53579E-001	7.98600E-001	1.57140E-009	1.52220E-009	1.03000E-010

4	18	6	1	1.32000E-002	2.50000E-003	2.10000E-003	3.17520E-009	1.60000E-009	6.23810E-009	3.51400E+000	7.37403E+002	7.40996E+002	3.59290E+000	5.61140E-001	7.99700E-001	1.49860E-009	2.00440E-009	1.51740E-009
8	16	6	1	1.32000E-002	2.50000E-003	2.10000E-003	3.27360E-009	1.80000E-009	5.83530E-009	3.48060E+000	7.60284E+002	7.62896E+002	2.61130E+000	5.62830E-001	7.97500E-001	1.40730E-009	1.94120E-009	1.38620E-009
12	14	6	1	1.32000E-002	2.50000E-003	2.10000E-003	3.90350E-009	1.80000E-009	7.42760E-009	3.47870E+000	7.58970E+002	7.61922E+002	2.95140E+000	5.63417E-001	7.97500E-001	1.66960E-009	2.14020E-009	3.79340E-009
15	12	6	1	1.35000E-002	2.40000E-003	2.00000E-003	4.38120E-009	1.50000E-009	3.90768E-008	3.54320E+000	7.03497E+002	7.07245E+002	3.74850E+000	5.65291E-001	7.98300E-001	1.63910E-009	2.25260E-009	2.08870E-009
21	10	8	1	1.31000E-002	2.40000E-003	2.10000E-003	3.59910E-009	2.00000E-009	1.68600E-010	3.49690E+000	7.66883E+002	7.69215E+002	2.33190E+000	5.59629E-001	7.95600E-001	1.59230E-009	2.05360E-009	2.81000E-011
25	12	8	1	1.31000E-002	2.40000E-003	2.00000E-003	3.82390E-009	1.70000E-009	7.52130E-009	3.45730E+000	7.83076E+002	7.83509E+002	4.32500E-001	5.55093E-001	7.95500E-001	1.40030E-009	1.95060E-009	1.83580E-009
29	14	8	1	1.31000E-002	2.40000E-003	2.20000E-003	4.19850E-009	2.00000E-009	6.31300E-009	3.46220E+000	7.78494E+002	7.80323E+002	1.82860E+000	5.68163E-001	7.97000E-001	1.67430E-009	1.91310E-009	1.89200E-009
33	16	8	1	1.32000E-002	2.40000E-003	2.00000E-003	4.43030E-009	1.80000E-009	8.46730E-009	3.45500E+000	7.77483E+002	7.79266E+002	1.78300E+000	5.68785E-001	7.96900E-001	1.47760E-009	2.02550E-009	2.21050E-009
37	18	8	1	1.31000E-002	2.50000E-003	2.10000E-003	4.07210E-009	2.10000E-009	1.78000E-010	3.46370E+000	7.82594E+002	7.84670E+002	2.07560E+000	5.56075E-001	7.98100E-001	1.68360E-009	2.12850E-009	1.47990E-009
41	20	8	1	1.32000E-002	2.50000E-003	2.10000E-003	3.21500E-009	1.60000E-009	1.27380E-009	3.46440E+000	7.74447E+002	7.76206E+002	1.75960E+000	5.51823E-001	7.96800E-001	1.36280E-009	1.99040E-009	1.62040E-009
46	22	10	1	1.32000E-002	2.40000E-003	2.10000E-003	2.60860E-009	1.80000E-009	2.29480E-009	3.46910E+000	7.73944E+002	7.76432E+002	2.48820E+000	5.52477E-001	7.96900E-001	1.36520E-009	1.93180E-009	1.99510E-009
50	20	10	1	1.32000E-002	2.40000E-003	2.10000E-003	4.24530E-009	2.00000E-009	1.83580E-009	3.46080E+000	7.75964E+002	7.77842E+002	1.87860E+000	5.66204E-001	7.97200E-001	1.44240E-009	2.33930E-009	1.37690E-009
54	18	10	1	1.32000E-002	2.50000E-003	2.10000E-003	4.92210E-009	1.70000E-009	1.24570E-009	3.46380E+000	7.67984E+002	7.69826E+002	1.84100E+000	5.69656E-001	7.96900E-001	1.37690E-009	1.83580E-009	2.01380E-009
58	16	10	1	1.32000E-002	2.40000E-003	2.10000E-003	5.22180E-009	1.70000E-009	1.00970E-008	3.45420E+000	7.65340E+002	7.67051E+002	1.71150E+000	5.71145E-001	7.95600E-001	1.49860E-009	2.07940E-009	3.60610E-009
62	14	10	1	1.31000E-002	2.40000E-003	2.10000E-003	5.22180E-009	1.60000E-009	4.82370E-009	3.45790E+000	7.61630E+002	7.63258E+002	1.62770E+000	5.76878E-001	7.95200E-001	1.26210E-009	1.89440E-009	1.64850E-009
66	12	10	1	1.31000E-002	2.40000E-003	2.00000E-003	4.79090E-009	1.80000E-009	1.83580E-009	3.46940E+000	7.72050E+002	7.73752E+002	1.70200E+000	5.72959E-001	7.95000E-001	1.29730E-009	2.06060E-009	8.14900E-010
70	10	10	1	1.32000E-002	2.50000E-003	2.10000E-003	4.01120E-009	1.80000E-009	3.18500E-010	3.46860E+000	7.84515E+002	7.86330E+002	1.81470E+000	5.58136E-001	7.95600E-001	1.45650E-009	1.79840E-009	1.08650E-009
74	8	10	1	1.32000E-002	2.40000E-003	2.10000E-003	4.48180E-009	1.80000E-009	2.20110E-009	3.49770E+000	7.61444E+002	7.64369E+002	2.92480E+000	5.56100E-001	7.96900E-001	1.69300E-009	2.01380E-009	4.68000E-011
77	6	12	3	1.35000E-002	2.40000E-003	1.90000E-003	1.38560E-005
80	8	12	1	1.31000E-002	2.40000E-003	2.00000E-003	3.81450E-009	1.50000E-009	4.73940E-009	3.47270E+000	7.80377E+002	7.82234E+002	1.85700E+000	5.51372E-001	7.96300E-001	1.36280E-009	1.89670E-009	2.05130E-009
84	10	12	1	1.32000E-002	2.40000E-003	2.10000E-003	4.77450E-009	1.80000E-009	4.14930E-009	3.46690E+000	7.67413E+002	7.68786E+002	1.37360E+000	5.71408E-001	7.95000E-001	1.59700E-009	1.92950E-009	6.56000E-011
88	12	12	1	1.32000E-002	2.40000E-003	2.00000E-003	6.50270E-009	2.10000E-009	5.09530E-009	3.46900E+000	7.59442E+002	7.60872E+002	1.42940E+000	5.73139E-001	7.95100E-001	1.56650E-009	1.76560E-009	2.69750E-009
92	14	12	1	1.32000E-002	2.50000E-003	2.00000E-003	6.69000E-009	1.70000E-009	2.71600E-010	3.46890E+000	7.60988E+002	7.62531E+002	1.54270E+000	5.74913E-001	7.95600E-001	1.49390E-009	2.03490E-009	2.62300E-010
96	16	12	1	1.32000E-002	2.40000E-003	2.10000E-003	6.87030E-009	1.80000E-009	2.36970E-009	3.46110E+000	7.64044E+002	7.65655E+002	1.61140E+000	5.72987E-001	7.95900E-001	1.44010E-009	2.07470E-009	8.24200E-010
100	18	12	1	1.33000E-002	2.40000E-003	2.10000E-003	6.45110E-009	1.80000E-009	2.24790E-009	3.46540E+000	7.62910E+002	7.65028E+002	2.11720E+000	5.65526E-001	7.96700E-001	1.24810E-009	1.99740E-009	1.11460E-009
104	20	12	1	1.31000E-002	2.50000E-003	2.10000E-003	5.31780E-009	1.90000E-009	5.52600E-010	3.45110E+000	7.63929E+002	7.65600E+002	1.67120E+000	5.66816E-001	7.97100E-001	1.66720E-009	2.04660E-009	3.75000E-011
108	22	12	1	1.33000E-002	2.40000E-003	2.10000E-003	4.19620E-009	1.90000E-009	6.18200E-010	3.45820E+000	7.81949E+002	7.83805E+002	1.85670E+000	5.58993E-001	7.97200E-001	1.41200E-009	1.86860E-009	1.31100E-010
114	24	14	1	1.32000E-002	2.40000E-003	2.10000E-003	3.22440E-009	1.60000E-009	2.06100E-010	3.46590E+000	7.74674E+002	7.76666E+002	1.99180E+000	5.51561E-001	7.97100E-001	1.31830E-009	1.88270E-009	1.85460E-009
118	22	14	1	1.32000E-002	2.50000E-003	2.10000E-003	4.43970E-009	1.90000E-009	9.17900E-010	3.46440E+000	7.72390E+002	7.73977E+002	1.58690E+000	5.65612E-001	7.96900E-001	1.63910E-009	2.14730E-009	1.47990E-009
122	20	14	1	1.32000E-002	2.40000E-003	2.10000E-003	6.36680E-009	1.80000E-009	6.18200E-010	3.47010E+000	7.60088E+002	7.61880E+002	1.79140E+000	5.60797E-001	7.96300E-001	1.53610E-009	1.94350E-009	7.39900E-010
126	18	14	1	1.32000E-002	2.40000E-003	2.10000E-003	6.94290E-009	1.90000E-009	4.60830E-009	3.47520E+000	7.58394E+002	7.62433E+002	4.03930E+000	5.66085E-001	7.97000E-001	1.62980E-009	2.07230E-009	5.71400E-010
130	16	14	1	1.33000E-002	2.40000E-003	2.10000E-003	7.19340E-009	1.80000E-009	1.78000E-010	3.45010E+000	7.55444E+002	7.58557E+002	3.11240E+000	5.67806E-001	7.95300E-001	1.64150E-009	1.80770E-009	1.60170E-009
134	14	14	1	1.32000E-002	2.40000E-003	2.10000E-003	7.30110E-009	1.90000E-009	1.22700E-009	3.45450E+000	7.59418E+002	7.60895E+002	1.47660E+000	5.72362E-001	7.95200E-001	1.70000E-009	2.02780E-009	1.31130E-009
138	12	14	1	1.31000E-002	2.50000E-003	2.10000E-003	7.43460E-009	1.70000E-009	3.75590E-009	3.47540E+000	7.61688E+002	7.63170E+002	1.48250E+000	5.67139E-001	7.95600E-001	1.48690E-009	1.84520E-009	2.29480E-009
142	10	14	1	1.33000E-002	2.40000E-003	2.10000E-003	5.75100E-009	1.90000E-009	4.29920E-009	3.46760E+000	7.62786E+002	7.64270E+002	1.48380E+000	5.60191E-001	7.95300E-001	1.69530E-009	1.89440E-009	1.57360E-009
146	8	14	1	1.32000E-002	2.50000E-003	2.10000E-003	4.23600E-009	2.00000E-009	2.55700E-009	3.47660E+000	7.79388E+002	7.82531E+002	3.14280E+000	5.63228E-001	7.95900E-001	1.57120E-009	1.90140E-009	9.17900E-010
149	6	14	1	1.35000E-002	2.40000E-003	1.90000E-003	4.29220E-009	1.70000E-009	5.35760E-009	3.53150E+000	7.41722E+002	7.44913E+002	3.19060E+000	5.61633E-001	7.98800E-001	1.81480E-009	1.82180E-009	4.68000E-011
152	6	16	1	1.32000E-002	2.40000E-003	2.00000E-003	4.86820E-009	1.50000E-009	2.10750E-009	3.51120E+000	7.69502E+002	7.71861E+002	2.35960E+000	5.55578E-001	7.97500E-001	2.01380E-009	2.03720E-009	2.81000E-011
156	8	16	1	1.32000E-002	2.40000E-003	2.10000E-003	4.50060E-009	1.70000E-009	1.67660E-009	3.47680E+000	7.70510E+002	7.72274E+002	1.76390E+000	5.70522E-001	7.96800E-001	1.73750E-009	1.95520E-009	4.02800E-010
160	10	16	1	1.32000E-002	2.40000E-003	2.10000E-003	6.58700E-009	1.70000E-009	5.05800E-010	3.47800E+000	7.52805E+002	7.54414E+002	1.60940E+000	5.68443E-001	7.97100E-001	1.56890E-009	1.94120E-009	1.90140E-009
164	12	16	1	1.32000E-002	2.40000E-003	2.10000E-003	7.48610E-009	2.00000E-009	1.90140E-009	3.47330E+000	7.61999E+002	7.63401E+002	1.40140E+000	5.68779E-001	7.96300E-001	1.59700E-009	2.15430E-009	6.08800E-010
168	14	16	1	1.32000E-002	2.40000E-003	2.00000E-003	7.37840E-009	2.00000E-009	2.71600E-010	3.44250E+000	7.60115E+002	7.61893E+002	1.77740E+000	5.71482E-001	7.94900E-001	1.61340E-009	1.98800E-009	1.49900E-010
172	16	16	1	1.32000E-002	2.50000E-003	2.00000E-003	6.85860E-009	1.80000E-009	5.62000E-011	3.44280E+000	7.58110E+002	7.59980E+002	1.87000E+000	5.69470E-001	7.94900E-001	1.49390E-009	2.09110E-009	1.10520E-009
176	18	16	1	1.32000E-002	2.50000E-003	2.10000E-003	7.07400E-009	1.90000E-009	1.59200E-010	3.45940E+000	7.67598E+002	7.69183E+002	1.58500E+000	5.60966E-001	7.96700E-001	1.74450E-009	2.31350E-009	2.19170E-009
180	20	16	1	1.32000E-002	2.50000E-003	2.10000E-003	6.53310E-009	1.70000E-009	4.30900E-010	3.46630E+000	7.62406E+002	7.64848E+002	2.44210E+000	5.63928E-001	7.96900E-001	1.55480E-009	2.02780E-009	2.06100E-010
184	22	16	1	1.32000E-002	2.40000E-003	2.10000E-003	5.02040E-009	1.70000E-009	2.02320E-009	3.46600E+000	7.70318E+002	7.71728E+002	1.41050E+000	5.69608E-001	7.96700E-001	2.18000E-009	1.95520E-009	4.87060E-009
188	24	16	1	1.32000E-002	2.40000E-003	2.10000E-003	3.16590E-009	1.80000E-009	5.33900E-010	3.44060E+000	7.80304E+002	7.82336E+002	2.03160E+000	5.50233E-001	7.96800E-001	1.55950E-009	1.84050E-009	7.39900E-010
192	24	18	1	1.32000E-002	2.40000E-003	2.00000E-003	3.83560E-009	2.00000E-009	4.68300E-010	3.41810E+000	7.81031E+002	7.83043E+002	2.01200E+000	5.48772E-001	7.96600E-001	1.81010E-009	1.86390E-009	1.89200E-009
196	22	18	1	1.31000E-002	2.50000E-003	2.10000E-003	4.93850E-009	1.80000E-009	7.77400E-010	3.45730E+000	7.72693E+002	7.74165E+002	1.47200E+000	5.68598E-001	7.97000E-001	1.70000E-009	2.09570E-009	1.79840E-009
200	20	18	1	1.33000E-002	2.50000E-003	2.00000E-003	6.54710E-009	2.10000E-009	1.40500E-010	3.46660E+000	7.68442E+002	7.70342E+002	1.90100E+000	5.64941E-001	7.97000E-001	1.88730E-009	1.92950E-009	1.70470E-009
204	18	18	1	1.32000E-002	2.50000E-003	2.10000E-003	6.51200E-009	1.80000E-009	2.26670E-009	3.45850E+000	7.67536E+002	7.69191E+002	1.65520E+000	5.60441E-001	7.96400E-001	1.58060E-009	1.85220E-009	1.01160E-009
208	16	18	1	1.32000E-002	2.40000E-003	2.10000E-003	6.80710E-009	2.00000E-009	8.89800E-010	3.44150E+000	7.65460E+002	7.67565E+002	2.10430E+000	5.58713E-001	7.94200E-001	1.82650E-009	2.17070E-009	1.08650E-009
212	14	18	1	1.32000E-002	2.50000E-003	2.10000E-003	7.18410E-009	1.70000E-009	1.49860E-009	3.44070E+000	7.62673E+002	7.64093E+002	1.42090E+000	5.68786E-001	7.95000E-001	1.46580E-009	1.83820E-009	5.33900E-010
216	12	18	1	1.32000E-002	2.50000E-003	2.00000E-003	7.72970E-009	2.00000E-009	2.92230E-009	3.46930E+000	7.66404E+002	7.67902E+002	1.49730E+000	5.65158E-001	7.96500E-001	1.48690E-009	1.92250E-009	1.56420E-009
220	10	18	1	1.32000E-002	2.50000E-003	2.10000E-003	6.78600E-009	1.80000E-009	4.68000E-011	3.47750E+000	7.56387E+002	7.58849E+002	2.46170E+000	5.67985E-001	7.97200E-001	1.38390E-009	1.73280E-009	6.56000E-011
224	8	18	1	1.31000E-002	2.50000E-003	2.10000E-003	4.35770E-009	1.90000E-009	7.77400E-010	3.47540E+000	7.69501E+002	7.71095E+002	1.59350E+000	5.71615E-001	7.96700E-001	1.62740E-009	1.89670E-009	5.99500E-010
227	6	18	1	1.35000E-002	2.40000E-003	1.90000E-003	3.95500E-009	1.80000E-009	1.12400E-010	3.51650E+000	7.69000E+002	7.71327E+002	2.32650E+000	5.56908E-001	7.98900E-001	2.18470E-009	2.09810E-009	5.62000E-010
229	6	20	1	1.36000E-002	2.30000E-003	2.00000E-003	3.66460E-009	1.60000E-009	1.49900E-010	3.52620E+000	7.52716E+002	7.55704E+002	2.98880E+000	5.63734E-001	7.98800E-001	1.88730E-009	2.01380E-009	8.24200E-010
232	8	20	1	1.33000E-002	2.50000E-003	2.00000E-003	4.50060E-009	1.80000E-009	9.74100E-010	3.47120E+000	7.70878E+002	7.72689E+002	1.81130E+000	5.70490E-001	7.97100E-001	1.61570E-009	1.70470E-009	4.12100E-010
236	10	20	1	1.32000E-002	2.50000E-003	2.10000E-003	6.40430E-009	1.80000E-009	2.51960E-009	3.47230E+000	7.54743E+002	7.56293E+002	1.55030E+000	5.71693E-001	7.97100E-001	1.49630E-009	1.96930E-009	1.09590E-009
240	12	20	1	1.31000E-002	2.40000E-003	2.10000E-003	7.65710E-009	2.00000E-009	2.78180E-009	3.46520E+000	7.60269E+002	7.61839E+002	1.57040E+000	5.71006E-001	7.97100E-001	1.78670E-009	2.04660E-009	1.82650E-009
244	14	20	1	1.32000E-002	2.50000E-003	2.10000E-003	7.73670E-009	1.70000E-009	1.70470E-009	3.44770E+000	7.59637E+002	7.60952E+002	1.31460E+000	5.69143E-001	7.94600E-001	1.60630E-009	1.88030E-009	4.12100E-010
248	16	20	1	1.32000E-002	2.50000E-003	2.10000E-003	7.10450E-009	1.90000E-009	2.09810E-009	3.44550E+000	7.60499E+002	7.62037E+002	1.53760E+000	5.69337E-001	7.95000E-001	1.70470E-009	2.06530E-009	7.77400E-010
252	18	20	1	1.31000E-002	2.50000E-003	2.20000E-003	7.32220E-009	1.90000E-009	1.85460E-009	3.46620E+000	7.70072E+002	7.71587E+002	1.51570E+000	5.62495E-001	7.96600E-001	1.68130E-009	2.28540E-009	1.92010E-009
256	20	20	1	1.32000E-002	2.50000E-003	2.10000E-003	6.48630E-009	1.60000E-009	1.87000E-011	3.46010E+000	7.66979E+002	7.68974E+002	1.99490E+000	5.64338E-001	7.96800E-001	1.44480E-009	1.67430E-009	9.17900E-010
260	22	20	1	1.32000E-002	2.50000E-003	2.10000E-003	4.38580E-009	1.90000E-009	1.62040E-009	3.44050E+000	7.76301E+002	7.77767E+002	1.46620E+000	5.68227E-001	7.96600E-001	1.67190E-009	2.03490E-009	4.49600E-010
267	22	22	1	1.32000E-002	2.40000E-003	2.00000E-003	4.22430E-009	1.80000E-009	9.08500E-010	3.46850E+000	7.80013E+002	7.81395E+002	1.38220E+000	5.64797E-001	7.96600E-001	1.62270E-009	2.12850E-009	5.05800E-010
271	20	22	1	1.32000E-002	2.50000E-003	2.00000E-003	5.96170E-009	2.00000E-009	2.81000E-010	3.46370E+000	7.69045E+002	7.70541E+002	1.49590E+000	5.66468E-001	7.96700E-001	1.71410E-009	2.02080E-009	1.46120E-009
275	18	22	1	1.31000E-002	2.50000E-003	2.10000E-003	6.27320E-009	1.80000E-009	6.74400E-010	3.47490E+000	7.72933E+002	7.74622E+002	1.68890E+000	5.63889E-001	7.97000E-001	1.42370E-009	1.98570E-009	1.81710E-009
279	16	22	1	1.32000E-002	2.50000E-003	2.10000E-003	7.48380E-009	1.80000E-009	7.96100E-010	3.46350E+000	7.65595E+002	7.67069E+002	1.47390E+000	5.66785E-001	7.96100E-001	1.54310E-009	1.90140E-009	5.90100E-010
283	14	22	1	1.33000E-002	2.50000E-003	2.00000E-003	7.59390E-009	1.90000E-009	2.43500E-010	3.46730E+000	7.61130E+002	7.62457E+002	1.32750E+000	5.69839E-001	7.96700E-001	1.79370E-009	2.06060E-009	1.62980E-009
287	12	22	1	1.32000E-002	2.50000E-003	2.00000E-003	7.78120E-009	1.70000E-009	1.73280E-009	3.46900E+000	7.52445E+002	7.54362E+002	1.91740E+000	5.70665E-001	7.97000E-001	1.46580E-009	2.12620E-009	1.33940E-009
291	10	22	1	1.32000E-002	2.50000E-003	2.10000E-003	6.01560E-009	1.80000E-009	2.62300E-010	3.47080E+000	7.61011E+002	7.62798E+002	1.78650E+000	5.72225E-001	7.97000E-001	1.50800E-009	2.18240E-009	1.47990E-009
295	8	22	1	1.32000E-002	2.40000E-003	2.00000E-003	4.55910E-009	1.80000E-009	1.15210E-009	3.46970E+000	7.82833E+002	7.84754E+002	1.92080E+000	5.58559E-001	7.97200E-001	1.41900E-009	1.94820E-009	1.00220E-009
298	8	24	1	1.34000E-002	2.40000E-003	1.90000E-003	4.04160E-009	1.90000E-009	9.27300E-010	3.48690E+000	7.73676E+002	7.75697E+002	2.02170E+000	5.54865E-001	7.98100E-001	2.23160E-009	2.13790E-009	1.03000E-010
301	10	24	1	1.31000E-002	2.50000E-003	2.10000E-003	5.32950E-009	1.60000E-009	6.55700E-010	3.47010E+000	7.69023E+002	7.70756E+002	1.73300E+000	5.70445E-001	7.97600E-001	1.53140E-009	1.96230E-009	5.90100E-010
305	12	24	1	1.32000E-002	2.60000E-003	2.10000E-003	6.50730E-009	1.80000E-009	1.49900E-010	3.46550E+000	7.56208E+002	7.57806E+002	1.59800E+000	5.73139E-001	7.96900E-001	1.57120E-009	2.04420E-009	3.46600E-010
309	14	24	1	1.31000E-002	2.50000E-003	2.10000E-003	7.03190E-009	1.90000E-009	2.36030E-009	3.46160E+000	7.58912E+002	7.60471E+002	1.55880E+000	5.66049E-001	7.96500E-001	1.50100E-009	1.70000E-009	4.59000E-010
313	16	24	1	1.32000E-002	2.50000E-003	2.10000E-003	6.20290E-009	2.00000E-009	2.44460E-009	3.46160E+000	7.64092E+002	7.65568E+002	1.47600E+000	5.58664E-001	7.96200E-001	1.75390E-009	1.92250E-009	1.73280E-009
317	18	24	1	1.32000E-002	2.50000E-003	2.00000E-003	5.26860E-009	2.10000E-009	1.22700E-009	3.46920E+000	7.69232E+002	7.71372E+002	2.14020E+000	5.65511E-001	7.97600E-001	1.73050E-009	2.03250E-009	1.53610E-009
321	20	24	1	1.32000E-002	2.50000E-003	2.10000E-003	4.68090E-009	1.70000E-009	4.02800E-010	3.46560E+000	7.75743E+002	7.77556E+002	1.81370E+000	5.67326E-001	7.97400E-001	1.41430E-009	1.78900E-009	1.68600E-010
325	22	24	1	1.33000E-002	2.50000E-003	2.00000E-003	4.47480E-009	2.10000E-009	6.55700E-010	3.45430E+000	7.80936E+002	7.82792E+002	1.85590E+000	5.50648E-001	7.96700E-001	1.62270E-009	1.92710E-009	2.52900E-010
328	20	26	1	1.33000E-002	2.40000E-003	2.00000E-003	4.80260E-009	1.80000E-009	8.61700E-010	3.44930E+000	7.80746E+002	7.82749E+002	2.00350E+000	5.53096E-001	7.96500E-001	1.77730E-009	2.09810E-009	4.77700E-010
331	18	26	1	1.32000E-002	2.50000E-003	2.10000E-003	4.52170E-009	1.80000E-009	1.56420E-009	3.47100E+000	7.78154E+002	7.79498E+002	1.34370E+000	5.63873E-001	7.97500E-001	1.74450E-009	2.22690E-009	2.99700E-010
335	16	26	1	1.32000E-002	2.50000E-003	2.10000E-003	4.74880E-009	1.90000E-009	9.64700E-010	3.46230E+000	7.69870E+002	7.71974E+002	2.10340E+000	5.60306E-001	7.97500E-001	1.44240E-009	1.72810E-009	1.71410E-009
339	14	26	1	1.31000E-002	2.50000E-003	2.10000E-003	5.29200E-009	2.00000E-009	9.64700E-010	3.45260E+000	7.69301E+002	7.70824E+002	1.52290E+000	5.66578E-001	7.97300E-001	1.66490E-009	2.01610E-009	5.62000E-010
343	12	26	1	1.32000E-002	2.50000E-003	2.00000E-003	5.19140E-009	1.80000E-009	2.24800E-010	3.46170E+000	7.74030E+002	7.75713E+002	1.68270E+000	5.66124E-001	7.97700E-001	1.62510E-009	1.84750E-009	1.65790E-009
347	10	26	1	1.31000E-002	2.40000E-003	2.00000E-003	4.48650E-009	2.10000E-009	1.63910E-009	3.45830E+000	7.76745E+002	7.78622E+002	1.87670E+000	5.53152E-001	7.98800E-001	2.06530E-009	1.99740E-009	5.80700E-010
349	12	28	1	1.45000E-002	2.30000E-003	1.90000E-003	4.90800E-009	1.20000E-009	3.63420E-009	3.47040E+000	7.64957E+002	7.67055E+002	2.09740E+000	5.56676E-001	7.97300E-001	2.31820E-009	1.33240E-009	1.78000E-010
351	14	28	1	1.34000E-002	2.40000E-003	2.00000E-003	4.20320E-009	1.50000E-009	1.51830E-008	3.45500E+000	7.74463E+002	7.76506E+002	2.04290E+000	5.53135E-001	7.97800E-001	2.03250E-009	1.76560E-009	2.14490E-009
353	16	28	1	1.34000E-002	2.40000E-003	2.00000E-003	3.94330E-009	1.90000E-009	2.79214E-008	3.45510E+000	7.77549E+002	7.79604E+002	2.05490E+000	5.50422E-001	7.97300E-001	2.00910E-009	1.84990E-009	1.78900E-009

1	15	5	3	1.28000E-002	-6.00000E-004	-9.00000E-004	1.39300E-005
2	19	7	1	1.28000E-002	-4.00000E-004	-8.00000E-004	3.97040E-009	1.00000E-009	4.83480E-009	3.47320E+000	7.67369E+002	7.69249E+002	1.87990E+000	5.56174E-001	8.00200E-001	2.52280E-009	1.18530E-009	9.93200E-010
5	17	7	1	1.32000E-002	-2.00000E-004	-6.00000E-004	3.32630E-009	1.50000E-009	7.08360E-009	3.45480E+000	7.74859E+002	7.77621E+002	2.76140E+000	5.56372E-001	7.99500E-001	1.39380E-009	1.81310E-009	6.65300E-010
9	15	7	1	1.32000E-002	-3.00000E-004	-6.00000E-004	3.52070E-009	1.60000E-009	4.48810E-009	3.45370E+000	7.76337E+002	7.79336E+002	2.99880E+000	5.57299E-001	7.99300E-001	1.37030E-009	1.86690E-009	5.52800E-010
13	13	7	1	1.32000E-002	-2.00000E-004	-6.00000E-004	3.45040E-009	1.50000E-009	2.64230E-009	3.46010E+000	7.75994E+002	7.78584E+002	2.59020E+000	5.54077E-001	7.99800E-001	1.63270E-009	1.90910E-009	1.49900E-010
16	11	7	1	1.35000E-002	-3.00000E-004	-6.00000E-004	3.34970E-009	1.70000E-009	6.08100E-009	3.50890E+000	7.59473E+002	7.62347E+002	2.87410E+000	5.58983E-001	7.99400E-001	1.67020E-009	1.87400E-009	4.87200E-010
22	9	9	1	1.31000E-002	-2.00000E-004	-5.00000E-004	3.21150E-009	1.80000E-009	1.89270E-009	3.49770E+000	7.69164E+002	7.71270E+002	2.10610E+000	5.55622E-001	7.98500E-001	1.67020E-009	1.92550E-009	7.49600E-010
26	11	9	1	1.31000E-002	-3.00000E-004	-5.00000E-004	3.63310E-009	1.50000E-009	6.11850E-009	3.47050E+000	7.86812E+002	7.87504E+002	6.91700E-001	5.54046E-001	7.98500E-001	1.36560E-009	1.67720E-009	4.59100E-010
30	13	9	1	1.31000E-002	-2.00000E-004	-5.00000E-004	4.31010E-009	1.70000E-009	5.61250E-009	3.46560E+000	7.76792E+002	7.78176E+002	1.38360E+000	5.70475E-001	7.97300E-001	1.51090E-009	1.91610E-009	7.87100E-010
34	15	9	1	1.32000E-002	-2.00000E-004	-5.00000E-004	4.57950E-009	1.70000E-009	7.25220E-009	3.45190E+000	7.67738E+002	7.69246E+002	1.50760E+000	5.76636E-001	7.98500E-001	1.39140E-009	1.81310E-009	6.65300E-010
38	17	9	1	1.31000E-002	-2.00000E-004	-6.00000E-004	4.16960E-009	1.70000E-009	6.02480E-009	3.43440E+000	7.67374E+002	7.69013E+002	1.63830E+000	5.71747E-001	7.99500E-001	1.48750E-009	2.07310E-009	1.03070E-009
42	19	9	1	1.32000E-002	-2.00000E-004	-5.00000E-004	3.59570E-009	1.50000E-009	3.73850E-009	3.45190E+000	7.77446E+002	7.79131E+002	1.68470E+000	5.65124E-001	7.99800E-001	1.36330E-009	1.87860E-009	5.43400E-010
44	21	9	1	1.29000E-002	-4.00000E-004	-7.00000E-004	3.87210E-009	1.00000E-009	3.98220E-009	3.45950E+000	7.75790E+002	7.78355E+002	2.56480E+000	5.50875E-001	7.99200E-001	2.66340E-009	1.33990E-009	3.84200E-010
47	21	11	1	1.32000E-002	-2.00000E-004	-5.00000E-004	3.24900E-009	1.60000E-009	8.05800E-010	3.45840E+000	7.76272E+002	7.77993E+002	1.72110E+000	5.64058E-001	7.99600E-001	1.33050E-009	1.67950E-009	2.00510E-009
51	19	11	1	1.32000E-002	-2.00000E-004	-5.00000E-004	4.97070E-009	1.70000E-009	1.93950E-009	3.44640E+000	7.58261E+002	7.59793E+002	1.53210E+000	5.72958E-001	7.99400E-001	1.28370E-009	2.13630E-009	1.51790E-009
55	17	11	1	1.32000E-002	-2.00000E-004	-5.00000E-004	5.88420E-009	1.50000E-009	6.27780E-009	3.45460E+000	7.55702E+002	7.57265E+002	1.56310E+000	5.72177E-001	7.98700E-001	1.36800E-009	1.75680E-009	7.68300E-010
59	15	11	1	1.32000E-002	-2.00000E-004	-5.00000E-004	5.72730E-009	1.50000E-009	5.76240E-009	3.45600E+000	7.56907E+002	7.58595E+002	1.68800E+000	5.75646E-001	7.97500E-001	1.35160E-009	1.77790E-009	7.49600E-010
63	13	11	1	1.31000E-002	-2.00000E-004	-6.00000E-004	5.34550E-009	1.40000E-009	3.71040E-009	3.46620E+000	7.62770E+002	7.64339E+002	1.56910E+000	5.72431E-001	7.97800E-001	1.18760E-009	1.81070E-009	8.05800E-010
67	11	11	1	1.31000E-002	-2.00000E-004	-5.00000E-004	4.45300E-009	1.60000E-009	6.55890E-009	3.47890E+000	7.73937E+002	7.75332E+002	1.39580E+000	5.70032E-001	7.97500E-001	1.27900E-009	1.82710E-009	8.24500E-010
71	9	11	1	1.32000E-002	-2.00000E-004	-5.00000E-004	3.67300E-009	1.70000E-009	5.20020E-009	3.47390E+000	7.84418E+002	7.85727E+002	1.30890E+000	5.54901E-001	7.99100E-001	1.56710E-009	1.64670E-009	1.16190E-009
75	7	11	1	1.32000E-002	-2.00000E-004	-5.00000E-004	4.69190E-009	1.70000E-009	2.67320E-008	3.52000E+000	7.19895E+002	7.24333E+002	4.43860E+000	5.59695E-001	8.01400E-001	1.78030E-009	1.79670E-009	8.99500E-010
81	7	13	1	1.31000E-002	-3.00000E-004	-5.00000E-004	3.34270E-009	1.50000E-009	4.63800E-009	3.49450E+000	7.75357E+002	7.77242E+002	1.88490E+000	5.51396E-001	7.98200E-001	1.35860E-009	1.92550E-009	1.59300E-010
85	9	13	1	1.32000E-002	-2.00000E-004	-5.00000E-004	4.38510E-009	1.50000E-009	5.30330E-009	3.47510E+000	7.65720E+002	7.67351E+002	1.63100E+000	5.66615E-001	7.97600E-001	1.60220E-009	1.79670E-009	5.80900E-010
89	11	13	1	1.32000E-002	-2.00000E-004	-5.00000E-004	5.73670E-009	1.90000E-009	8.71390E-009	3.48270E+000	7.66746E+002	7.68407E+002	1.66110E+000	5.64125E-001	7.97700E-001	1.44290E-009	1.81070E-009	3.56100E-010
93	13	13	1	1.32000E-002	-2.00000E-004	-5.00000E-004	6.70170E-009	1.60000E-009	3.85100E-009	3.48890E+000	7.62969E+002	7.64497E+002	1.52770E+000	5.71572E-001	7.98400E-001	1.46640E-009	1.96060E-009	0.00000E+000
97	15	13	1	1.32000E-002	-2.00000E-004	-5.00000E-004	6.91960E-009	1.60000E-009	1.49920E-009	3.46790E+000	7.62599E+002	7.64337E+002	1.73780E+000	5.74918E-001	7.98600E-001	1.49920E-009	1.92310E-009	8.52700E-010
101	17	13	1	1.33000E-002	-3.00000E-004	-5.00000E-004	6.85630E-009	1.60000E-009	7.05550E-009	3.46600E+000	7.61153E+002	7.62744E+002	1.59080E+000	5.71393E-001	7.98400E-001	1.22510E-009	1.92080E-009	1.87000E-011
105	19	13	1	1.31000E-002	-2.00000E-004	-5.00000E-004	6.33400E-009	1.70000E-009	2.12690E-009	3.45690E+000	7.52600E+002	7.54136E+002	1.53630E+000	5.65548E-001	7.99200E-001	1.41950E-009	1.80600E-009	1.05880E-009
109	21	13	1	1.33000E-002	-2.00000E-004	-5.00000E-004	4.57010E-009	1.90000E-009	1.87400E-009	3.45800E+000	7.64360E+002	7.65732E+002	1.37230E+000	5.59486E-001	7.98600E-001	1.38200E-009	1.85050E-009	1.26490E-009
112	23	13	1	1.31000E-002	-4.00000E-004	-7.00000E-004	3.72450E-009	1.40000E-009	2.99800E-010	3.47610E+000	7.82345E+002	7.84522E+002	2.17730E+000	5.50177E-001	7.99500E-001	2.02150E-009	1.68890E-009	2.11760E-009
115	23	15	1	1.32000E-002	-2.00000E-004	-6.00000E-004	3.71750E-009	1.50000E-009	1.05880E-009	3.47650E+000	7.87250E+002	7.88914E+002	1.66320E+000	5.57429E-001	7.99700E-001	1.38440E-009	1.80840E-009	1.73340E-009
119	21	15	1	1.32000E-002	-2.00000E-004	-5.00000E-004	5.38290E-009	1.50000E-009	1.15250E-009	3.46600E+000	7.64452E+002	7.66183E+002	1.73120E+000	5.64858E-001	7.98800E-001	1.63270E-009	1.89970E-009	1.42420E-009
123	19	15	1	1.32000E-002	-2.00000E-004	-5.00000E-004	6.73920E-009	1.80000E-009	2.49240E-009	3.46850E+000	7.61255E+002	7.62715E+002	1.46030E+000	5.67306E-001	7.98900E-001	1.49680E-009	1.88800E-009	8.33900E-010
127	17	15	1	1.32000E-002	-2.00000E-004	-5.00000E-004	6.87510E-009	1.60000E-009	5.72490E-009	3.45100E+000	7.56063E+002	7.57587E+002	1.52370E+000	5.67182E-001	7.98800E-001	1.66310E-009	1.88330E-009	5.90300E-010
131	15	15	1	1.33000E-002	-2.00000E-004	-6.00000E-004	6.79310E-009	1.70000E-009	1.72400E-009	3.43590E+000	7.58704E+002	7.60181E+002	1.47750E+000	5.71768E-001	7.97500E-001	1.62330E-009	1.68420E-009	8.33900E-010
135	13	15	1	1.32000E-002	-2.00000E-004	-5.00000E-004	6.73220E-009	1.70000E-009	1.53660E-009	3.46290E+000	7.64448E+002	7.66114E+002	1.66640E+000	5.66501E-001	7.97200E-001	1.56480E-009	1.82240E-009	6.46500E-010
139	11	15	1	1.31000E-002	-2.00000E-004	-5.00000E-004	6.27780E-009	1.60000E-009	4.31950E-009	3.49380E+000	7.74723E+002	7.76589E+002	1.86580E+000	5.58788E-001	7.98800E-001	1.59750E-009	1.70300E-009	4.31000E-010
143	9	15	1	1.33000E-002	-2.00000E-004	-5.00000E-004	4.69890E-009	1.70000E-009	2.44550E-009	3.46770E+000	7.65932E+002	7.67363E+002	1.43030E+000	5.66831E-001	7.98800E-001	1.47810E-009	1.74750E-009	1.05880E-009
147	7	15	1	1.32000E-002	-2.00000E-004	-6.00000E-004	3.81120E-009	1.90000E-009	1.63030E-009	3.47880E+000	7.79891E+002	7.82553E+002	2.66170E+000	5.52935E-001	7.99400E-001	1.74510E-009	1.75920E-009	6.84000E-010
153	5	17	3	1.32000E-002	-3.00000E-004	-6.00000E-004	1.39540E-005
157	7	17	1	1.32000E-002	-3.00000E-004	-6.00000E-004	3.85570E-009	1.40000E-009	1.07750E-009	3.47920E+000	7.83526E+002	7.85489E+002	1.96300E+000	5.57715E-001	7.99300E-001	1.44760E-009	1.78730E-009	2.34240E-009
161	9	17	1	1.32000E-002	-2.00000E-004	-5.00000E-004	4.83250E-009	1.60000E-009	7.40200E-010	3.47250E+000	7.61094E+002	7.62619E+002	1.52500E+000	5.71458E-001	7.99600E-001	1.46170E-009	1.95830E-009	1.17120E-009
165	11	17	1	1.32000E-002	-3.00000E-004	-5.00000E-004	6.70880E-009	1.90000E-009	2.65170E-009	3.49440E+000	7.72159E+002	7.73927E+002	1.76760E+000	5.63107E-001	7.99800E-001	1.56010E-009	1.88800E-009	4.12300E-010
169	13	17	1	1.32000E-002	-2.00000E-004	-5.00000E-004	7.12100E-009	1.70000E-009	3.61670E-009	3.45400E+000	7.63203E+002	7.64791E+002	1.58770E+000	5.65358E-001	7.98200E-001	1.51790E-009	1.90440E-009	6.84000E-010
173	15	17	1	1.32000E-002	-2.00000E-004	-5.00000E-004	6.86570E-009	1.60000E-009	1.18060E-009	3.43620E+000	7.50521E+002	7.52626E+002	2.10510E+000	5.60922E-001	7.97400E-001	1.47810E-009	2.03560E-009	1.33050E-009
177	17	17	1	1.32000E-002	-2.00000E-004	-6.00000E-004	6.59160E-009	1.70000E-009	2.89530E-009	3.43430E+000	7.65733E+002	7.67040E+002	1.30700E+000	5.65062E-001	7.98000E-001	1.58580E-009	2.05200E-009	5.71600E-010
181	19	17	1	1.32000E-002	-3.00000E-004	-5.00000E-004	6.70640E-009	1.50000E-009	2.95150E-009	3.46030E+000	7.61846E+002	7.63330E+002	1.48390E+000	5.68740E-001	7.99100E-001	1.44530E-009	1.85050E-009	1.00260E-009
185	21	17	1	1.32000E-002	-3.00000E-004	-5.00000E-004	5.35950E-009	1.40000E-009	3.65400E-010	3.46590E+000	7.65751E+002	7.67429E+002	1.67820E+000	5.66332E-001	7.98900E-001	1.95830E-009	1.79900E-009	3.47620E-009
189	23	17	1	1.32000E-002	-2.00000E-004	-6.00000E-004	3.36840E-009	1.60000E-009	9.46300E-010	3.46020E+000	7.84698E+002	7.86992E+002	2.29410E+000	5.60976E-001	7.99100E-001	1.35160E-009	1.73340E-009	1.70530E-009
193	23	19	1	1.32000E-002	-2.00000E-004	-5.00000E-004	3.85800E-009	1.70000E-009	9.55700E-010	3.46250E+000	7.87856E+002	7.89812E+002	1.95590E+000	5.59320E-001	7.99400E-001	1.70760E-009	1.82950E-009	1.35860E-009
197	21	19	1	1.31000E-002	-2.00000E-004	-6.00000E-004	5.44380E-009	1.80000E-009	1.99580E-009	3.46850E+000	7.65894E+002	7.67692E+002	1.79790E+000	5.65908E-001	7.99100E-001	1.84120E-009	1.74980E-009	7.40200E-010
201	19	19	1	1.33000E-002	-2.00000E-004	-5.00000E-004	6.51430E-009	1.90000E-009	3.61670E-009	3.46090E+000	7.67405E+002	7.69056E+002	1.65130E+000	5.67759E-001	7.99000E-001	1.73810E-009	1.86460E-009	1.12400E-010
205	17	19	1	1.32000E-002	-2.00000E-004	-5.00000E-004	6.39720E-009	1.80000E-009	3.28880E-009	3.44170E+000	7.60317E+002	7.61865E+002	1.54770E+000	5.69000E-001	7.97100E-001	1.63740E-009	1.61390E-009	7.21500E-010
209	15	19	1	1.32000E-002	-1.00000E-004	-5.00000E-004	6.78610E-009	1.80000E-009	4.96600E-010	3.44100E+000	7.55339E+002	7.56838E+002	1.49910E+000	5.72787E-001	7.97200E-001	1.66310E-009	2.03320E-009	2.81000E-011
213	13	19	1	1.32000E-002	-3.00000E-004	-5.00000E-004	7.39510E-009	1.60000E-009	8.62960E-009	3.45690E+000	7.57504E+002	7.59120E+002	1.61580E+000	5.66715E-001	7.98000E-001	1.48280E-009	1.79900E-009	4.68000E-011
217	11	19	1	1.32000E-002	-2.00000E-004	-5.00000E-004	6.75090E-009	1.70000E-009	9.27600E-010	3.48930E+000	7.72468E+002	7.74094E+002	1.62620E+000	5.64181E-001	7.99200E-001	1.38910E-009	1.75920E-009	1.19930E-009
221	9	19	1	1.32000E-002	-2.00000E-004	-5.00000E-004	4.90270E-009	1.70000E-009	1.78960E-009	3.46800E+000	7.60029E+002	7.61456E+002	1.42730E+000	5.71994E-001	7.99200E-001	1.45470E-009	1.69120E-009	1.15250E-009
225	7	19	1	1.31000E-002	-2.00000E-004	-5.00000E-004	3.81820E-009	1.70000E-009	5.52800E-010	3.47410E+000	7.80970E+002	7.83141E+002	2.17130E+000	5.58003E-001	7.99800E-001	1.47810E-009	1.71230E-009	1.23680E-009
233	7	21	1	1.33000E-002	-3.00000E-004	-6.00000E-004	3.48560E-009	1.70000E-009	4.40400E-010	3.48690E+000	7.76618E+002	7.78410E+002	1.79210E+000	5.55916E-001	8.00600E-001	1.68190E-009	1.63030E-009	1.04940E-009
237	9	21	1	1.32000E-002	-3.00000E-004	-5.00000E-004	4.51620E-009	1.80000E-009	1.57410E-009	3.47130E+000	7.65303E+002	7.66788E+002	1.48480E+000	5.72530E-001	7.99400E-001	1.48980E-009	1.65140E-009	9.27600E-010
241	11	21	1	1.31000E-002	-2.00000E-004	-6.00000E-004	6.50730E-009	1.70000E-009	2.31430E-009	3.48230E+000	7.65013E+002	7.67027E+002	2.01370E+000	5.62975E-001	7.99400E-001	1.86220E-009	1.84350E-009	5.90300E-010
245	13	21	1	1.32000E-002	-2.00000E-004	-6.00000E-004	7.63870E-009	1.70000E-009	3.53240E-009	3.47820E+000	7.63523E+002	7.65003E+002	1.47960E+000	5.70435E-001	7.99800E-001	1.78030E-009	1.82010E-009	1.09630E-009
249	15	21	1	1.32000E-002	-2.00000E-004	-5.00000E-004	7.21010E-009	1.70000E-009	1.44290E-009	3.45270E+000	7.63646E+002	7.64939E+002	1.29300E+000	5.64906E-001	7.97300E-001	1.67480E-009	1.75680E-009	8.71400E-010
253	17	21	1	1.31000E-002	-2.00000E-004	-5.00000E-004	6.81420E-009	1.60000E-009	1.08877E-008	3.45780E+000	7.66007E+002	7.67518E+002	1.51010E+000	5.63924E-001	7.99100E-001	1.47810E-009	2.16440E-009	9.65100E-010
257	19	21	1	1.32000E-002	-2.00000E-004	-5.00000E-004	6.69710E-009	1.40000E-009	1.35860E-009	3.46780E+000	7.67052E+002	7.68852E+002	1.80000E+000	5.65614E-001	7.99800E-001	1.47570E-009	1.61390E-009	1.12440E-009
261	21	21	1	1.32000E-002	-2.00000E-004	-5.00000E-004	5.14170E-009	1.70000E-009	5.99700E-010	3.46440E+000	7.71096E+002	7.72673E+002	1.57710E+000	5.67400E-001	7.98900E-001	1.57410E-009	1.82950E-009	1.31180E-009
264	23	21	1	1.31000E-002	-4.00000E-004	-7.00000E-004	3.90490E-009	1.40000E-009	4.12300E-010	3.45950E+000	7.87188E+002	7.89035E+002	1.84650E+000	5.51356E-001	7.99500E-001	1.91850E-009	1.72400E-009	1.31180E-009
268	21	23	1	1.32000E-002	-2.00000E-004	-5.00000E-004	4.57710E-009	1.70000E-009	1.66780E-009	3.45750E+000	7.78035E+002	7.79674E+002	1.63880E+000	5.67717E-001	7.99300E-001	1.73340E-009	1.89270E-009	1.15250E-009
272	19	23	1	1.32000E-002	-2.00000E-004	-5.00000E-004	5.59380E-009	1.90000E-009	2.64230E-009	3.45650E+000	7.63257E+002	7.64848E+002	1.59140E+000	5.68907E-001	7.99700E-001	1.72400E-009	1.98640E-009	1.61160E-009
276	17	23	1	1.31000E-002	-2.00000E-004	-5.00000E-004	6.63850E-009	1.80000E-009	2.48300E-009	3.46010E+000	7.62636E+002	7.64200E+002	1.56430E+000	5.65373E-001	7.98700E-001	1.48980E-009	1.94660E-009	1.87400E-010
280	15	23	1	1.32000E-002	-2.00000E-004	-5.00000E-004	7.03670E-009	1.60000E-009	3.46680E-009	3.45940E+000	7.59832E+002	7.61422E+002	1.59000E+000	5.66215E-001	7.99000E-001	1.39610E-009	1.74750E-009	9.08900E-010
284	13	23	1	1.33000E-002	-2.00000E-004	-5.00000E-004	7.02270E-009	1.80000E-009	2.37990E-009	3.47240E+000	7.55268E+002	7.57027E+002	1.75970E+000	5.70583E-001	7.99800E-001	1.62100E-009	1.95830E-009	1.47110E-009
288	11	23	1	1.32000E-002	-2.00000E-004	-6.00000E-004	6.13020E-009	1.70000E-009	1.55540E-009	3.47060E+000	7.64397E+002	7.65962E+002	1.56490E+000	5.69379E-001	7.99300E-001	1.49680E-009	2.05900E-009	2.06100E-010
292	9	23	1	1.32000E-002	-3.00000E-004	-5.00000E-004	3.96110E-009	1.60000E-009	1.01190E-009	3.46700E+000	7.76259E+002	7.77790E+002	1.53080E+000	5.65841E-001	7.99300E-001	1.42890E-009	1.99110E-009	1.65850E-009
296	7	23	1	1.32000E-002	-3.00000E-004	-6.00000E-004	3.56290E-009	1.80000E-009	2.92340E-009	3.49840E+000	7.59512E+002	7.62618E+002	3.10580E+000	5.60091E-001	8.00700E-001	1.46170E-009	1.83880E-009	5.80900E-010
302	9	25	1	1.31000E-002	-3.00000E-004	-6.00000E-004	4.20700E-009	1.60000E-009	3.56050E-009	3.46740E+000	7.76226E+002	7.78142E+002	1.91590E+000	5.51957E-001	8.00400E-001	1.59050E-009	1.82480E-009	7.40200E-010
306	11	25	1	1.32000E-002	-2.00000E-004	-6.00000E-004	5.13000E-009	1.50000E-009	2.67980E-009	3.46440E+000	7.76662E+002	7.78201E+002	1.53840E+000	5.66347E-001	7.99700E-001	1.31650E-009	1.89040E-009	8.52700E-010
310	13	25	1	1.31000E-002	-2.00000E-004	-6.00000E-004	5.68750E-009	1.80000E-009	2.10820E-009	3.46230E+000	7.66040E+002	7.67512E+002	1.47190E+000	5.69770E-001	7.99800E-001	1.54600E-009	1.55300E-009	1.14310E-009
314	15	25	1	1.32000E-002	-2.00000E-004	-5.00000E-004	5.33840E-009	1.80000E-009	4.26330E-009	3.45030E+000	7.62730E+002	7.64202E+002	1.47130E+000	5.59577E-001	7.99000E-001	1.71000E-009	1.71470E-009	2.81100E-010
318	17	25	1	1.32000E-002	-2.00000E-004	-5.00000E-004	4.82310E-009	1.80000E-009	3.29820E-009	3.45370E+000	7.65546E+002	7.67080E+002	1.53410E+000	5.66219E-001	7.99500E-001	1.45700E-009	1.91380E-009	1.24620E-009
322	19	25	1	1.32000E-002	-2.00000E-004	-6.00000E-004	4.28670E-009	1.60000E-009	1.97700E-009	3.45990E+000	7.71319E+002	7.72797E+002	1.47750E+000	5.70109E-001	7.99100E-001	1.43120E-009	1.78490E-009	4.40400E-010
326	21	25	1	1.33000E-002	-4.00000E-004	-6.00000E-004	4.18360E-009	1.80000E-009	2.14570E-009	3.46260E+000	7.81421E+002	7.83387E+002	1.96600E+000	5.52583E-001	7.98900E-001	1.64210E-009	1.89970E-009	6.65300E-010
329	19	27	1	1.33000E-002	-3.00000E-004	-6.00000E-004	4.07120E-009	1.60000E-009	4.64740E-009	3.46720E+000	7.77445E+002	7.79761E+002	2.31650E+000	5.53307E-001	7.98900E-001	1.86460E-009	1.93950E-009	1.50850E-009
332	17	27	1	1.32000E-002	-2.00000E-004	-6.00000E-004	4.00090E-009	1.50000E-009	2.50170E-009	3.46090E+000	7.78342E+002	7.80687E+002	2.34550E+000	5.62603E-001	7.99600E-001	1.50850E-009	2.04030E-009	1.14310E-009
336	15	27	1	1.32000E-002	-2.00000E-004	-6.00000E-004	4.01960E-009	1.80000E-009	2.68910E-009	3.45270E+000	7.75188E+002	7.77181E+002	1.99240E+000	5.61193E-001	8.00100E-001	1.48040E-009	1.64440E-009	1.56480E-009
340	13	27	1	1.31000E-002	-2.00000E-004	-5.00000E-004	4.42960E-009	1.70000E-009	7.80035E-008	3.46340E+000	7.80066E+002	7.83098E+002	3.03260E+000	5.56849E-001	8.00200E-001	1.45230E-009	1.90440E-009	5.15340E-009
344	11	27	1	1.32000E-002	-3.00000E-004	-6.00000E-004	3.94230E-009	1.70000E-009	3.43870E-009	3.47610E+000	7.74017E+002	7.76289E+002	2.27160E+000	5.54002E-001	8.00800E-001	1.62100E-009	1.77790E-009	1.36800E-009

6	18	7	1	1.32000E-002	-2.70000E-003	-3.00000E-003	3.57850E-009	1.60000E-009	6.07030E-009	3.47030E+000	7.73959E+002	7.76432E+002	2.47370E+000	5.52372E-001	8.02400E-001	1.66280E-009	1.71660E-009	1.88290E-009
10	16	7	1	1.32000E-002	-2.70000E-003	-3.00000E-003	4.14520E-009	1.50000E-009	1.37800E-008	3.44970E+000	7.78463E+002	7.80540E+002	2.07670E+000	5.53768E-001	8.01600E-001	1.48480E-009	1.75880E-009	8.33700E-010
14	14	7	1	1.32000E-002	-2.70000E-003	-3.00000E-003	3.89000E-009	1.60000E-009	3.66280E-009	3.45900E+000	7.77930E+002	7.80086E+002	2.15550E+000	5.53891E-001	8.01500E-001	1.76110E-009	1.81970E-009	2.86650E-009
17	12	7	1	1.35000E-002	-2.80000E-003	-3.10000E-003	3.88060E-009	1.70000E-009	1.98600E-009	3.47980E+000	7.72532E+002	7.74400E+002	1.86850E+000	5.55237E-001	8.01100E-001	1.75180E-009	1.83140E-009	1.78920E-009
18	10	7	5	1.01000E-002	-3.00000E-003	-3.30000E-003	3.65340E-009	3.00000E-010	1.41130E-005
19	8	9	5	1.01000E-002	-3.00000E-003	-3.30000E-003	3.66510E-009	7.00000E-010	1.41130E-005
23	10	9	1	1.31000E-002	-2.70000E-003	-3.10000E-003	4.08670E-009	1.80000E-009	2.00470E-009	3.46340E+000	7.78397E+002	7.80739E+002	2.34120E+000	5.53439E-001	8.00600E-001	1.75410E-009	1.75180E-009	1.31150E-009
27	12	9	1	1.31000E-002	-2.80000E-003	-3.00000E-003	4.00940E-009	1.50000E-009	5.36770E-009	3.46240E+000	7.79829E+002	7.81388E+002	1.55900E+000	5.66681E-001	7.99700E-001	1.41690E-009	1.67210E-009	1.59300E-010
31	14	9	1	1.31000E-002	-2.80000E-003	-3.00000E-003	4.86190E-009	1.80000E-009	7.04460E-009	3.45520E+000	7.67567E+002	7.69197E+002	1.63090E+000	5.75537E-001	8.00700E-001	1.63470E-009	1.70730E-009	2.17330E-009
35	16	9	1	1.32000E-002	-2.70000E-003	-3.00000E-003	4.77520E-009	1.70000E-009	1.02212E-007	3.45170E+000	7.69317E+002	7.71101E+002	1.78370E+000	5.73673E-001	8.02100E-001	1.50590E-009	1.69560E-009	3.84080E-009
39	18	9	1	1.31000E-002	-2.70000E-003	-3.00000E-003	4.07030E-009	1.90000E-009	1.69560E-009	3.46230E+000	7.73967E+002	7.75683E+002	1.71630E+000	5.67972E-001	8.01900E-001	1.66750E-009	1.92980E-009	4.68000E-011
43	20	9	1	1.32000E-002	-2.70000E-003	-3.00000E-003	3.70260E-009	1.50000E-009	2.35130E-009	3.44930E+000	7.81952E+002	7.84202E+002	2.25000E+000	5.53762E-001	8.01600E-001	1.40050E-009	1.81970E-009	2.07960E-009
48	22	11	1	1.32000E-002	-2.70000E-003	-3.10000E-003	3.05860E-009	1.60000E-009	1.40500E-010	3.45490E+000	7.80030E+002	7.82058E+002	2.02740E+000	5.53534E-001	8.01800E-001	1.42860E-009	1.71660E-009	2.81000E-010
52	20	11	1	1.32000E-002	-2.70000E-003	-3.00000E-003	4.61830E-009	1.80000E-009	2.22020E-009	3.45250E+000	7.66905E+002	7.68396E+002	1.49130E+000	5.70256E-001	8.01600E-001	1.49880E-009	1.96960E-009	1.78000E-010
56	18	11	1	1.32000E-002	-2.70000E-003	-3.00000E-003	5.57620E-009	1.50000E-009	1.97660E-009	3.45790E+000	7.61227E+002	7.63040E+002	1.81320E+000	5.70045E-001	8.02500E-001	1.38640E-009	1.58080E-009	1.02110E-009
60	16	11	1	1.32000E-002	-2.70000E-003	-3.00000E-003	5.77760E-009	1.60000E-009	9.53640E-009	3.45600E+000	7.63801E+002	7.65234E+002	1.43340E+000	5.69753E-001	8.00900E-001	1.51760E-009	1.74240E-009	1.64870E-009
64	14	11	1	1.31000E-002	-2.70000E-003	-3.00000E-003	5.81270E-009	1.40000E-009	3.96260E-009	3.45910E+000	7.60590E+002	7.62560E+002	1.97010E+000	5.72889E-001	7.99800E-001	1.28340E-009	1.68150E-009	1.33960E-009
68	12	11	1	1.31000E-002	-2.70000E-003	-3.00000E-003	5.56440E-009	1.70000E-009	4.72130E-009	3.46470E+000	7.64385E+002	7.65812E+002	1.42770E+000	5.74439E-001	8.00000E-001	1.44730E-009	1.79390E-009	1.10540E-009
72	10	11	1	1.32000E-002	-2.60000E-003	-3.00000E-003	4.11710E-009	1.60000E-009	4.28110E-009	3.46650E+000	7.72685E+002	7.74135E+002	1.44960E+000	5.69390E-001	8.00500E-001	1.49420E-009	1.49180E-009	4.77800E-010
76	8	11	1	1.32000E-002	-2.60000E-003	-3.00000E-003	4.64170E-009	2.00000E-009	2.47310E-009	3.48440E+000	7.75266E+002	7.77123E+002	1.85770E+000	5.50392E-001	8.00600E-001	1.79390E-009	1.62760E-009	1.96700E-010
78	6	13	5	1.35000E-002	-3.00000E-003	-3.20000E-003	4.46370E-009	8.00000E-010	1.41020E-005
82	8	13	1	1.31000E-002	-2.80000E-003	-3.00000E-003	3.89230E-009	1.40000E-009	4.70260E-009	3.48480E+000	7.83330E+002	7.85816E+002	2.48540E+000	5.55543E-001	8.01400E-001	1.39350E-009	1.76580E-009	2.07030E-009
86	10	13	1	1.32000E-002	-2.70000E-003	-3.00000E-003	5.43100E-009	1.50000E-009	7.05390E-009	3.47310E+000	7.59135E+002	7.60682E+002	1.54690E+000	5.66834E-001	8.00500E-001	1.61830E-009	1.71660E-009	5.43300E-010
90	12	13	1	1.32000E-002	-2.70000E-003	-3.00000E-003	6.88060E-009	1.90000E-009	6.20150E-009	3.48600E+000	7.55651E+002	7.57507E+002	1.85610E+000	5.71240E-001	8.00300E-001	1.59250E-009	1.59250E-009	1.73300E-009
94	14	13	1	1.32000E-002	-2.70000E-003	-3.00000E-003	7.21080E-009	1.60000E-009	4.40300E-010	3.47330E+000	7.59968E+002	7.61360E+002	1.39280E+000	5.75858E-001	8.00100E-001	1.53400E-009	1.83140E-009	3.37200E-010
98	16	13	1	1.32000E-002	-2.70000E-003	-3.00000E-003	7.17800E-009	1.60000E-009	1.92040E-009	3.46910E+000	7.62942E+002	7.64777E+002	1.83550E+000	5.74715E-001	8.01300E-001	1.52230E-009	1.84080E-009	2.71700E-010
102	18	13	1	1.33000E-002	-2.70000E-003	-3.10000E-003	6.39350E-009	1.50000E-009	7.08858E-008	3.47500E+000	7.67195E+002	7.69092E+002	1.89680E+000	5.63851E-001	8.02000E-001	1.23890E-009	1.75650E-009	1.47070E-009
106	20	13	1	1.31000E-002	-2.70000E-003	-3.00000E-003	5.85720E-009	1.70000E-009	3.46600E-010	3.46150E+000	7.60081E+002	7.61624E+002	1.54340E+000	5.61662E-001	8.01500E-001	1.57610E-009	1.80560E-009	5.52700E-010
110	22	13	1	1.33000E-002	-2.70000E-003	-3.00000E-003	4.13120E-009	1.70000E-009	5.71400E-010	3.46910E+000	7.76531E+002	7.78120E+002	1.58890E+000	5.61465E-001	8.01900E-001	1.44500E-009	1.58320E-009	1.21780E-009
116	24	15	1	1.32000E-002	-2.70000E-003	-3.10000E-003	3.43800E-009	1.50000E-009	1.69560E-009	3.46930E+000	7.78252E+002	7.80141E+002	1.88870E+000	5.49787E-001	8.02100E-001	1.34660E-009	1.60420E-009	1.03980E-009
120	22	15	1	1.32000E-002	-2.70000E-003	-3.00000E-003	4.96490E-009	1.60000E-009	1.21780E-009	3.46500E+000	7.71113E+002	7.72494E+002	1.38140E+000	5.68594E-001	8.01900E-001	1.67210E-009	1.79630E-009	1.12410E-009
124	20	15	1	1.32000E-002	-2.60000E-003	-3.00000E-003	6.32560E-009	1.70000E-009	6.08900E-010	3.46510E+000	7.56034E+002	7.57778E+002	1.74410E+000	5.62612E-001	8.01700E-001	1.55970E-009	1.67210E-009	1.08670E-009
128	18	15	1	1.32000E-002	-2.70000E-003	-3.00000E-003	7.37480E-009	1.70000E-009	1.24590E-009	3.46720E+000	7.62296E+002	7.63978E+002	1.68170E+000	5.64201E-001	8.01900E-001	1.60420E-009	1.82200E-009	9.08700E-010
132	16	15	1	1.33000E-002	-2.70000E-003	-3.00000E-003	7.05160E-009	1.60000E-009	7.40100E-010	3.44540E+000	7.64334E+002	7.65609E+002	1.27450E+000	5.67508E-001	8.00000E-001	1.66750E-009	1.49650E-009	1.06790E-009
136	14	15	1	1.32000E-002	-2.70000E-003	-3.10000E-003	6.86660E-009	1.70000E-009	1.33960E-009	3.44380E+000	7.64387E+002	7.65797E+002	1.40970E+000	5.66714E-001	8.00100E-001	1.64400E-009	1.76110E-009	1.21780E-009
140	12	15	1	1.31000E-002	-2.70000E-003	-3.00000E-003	7.69330E-009	1.60000E-009	3.85950E-009	3.47200E+000	7.63749E+002	7.65324E+002	1.57420E+000	5.68306E-001	8.00600E-001	1.51290E-009	1.51290E-009	2.16400E-009
144	10	15	1	1.33000E-002	-2.60000E-003	-3.00000E-003	6.03280E-009	1.70000E-009	4.23420E-009	3.47310E+000	7.54786E+002	7.56363E+002	1.57710E+000	5.64658E-001	8.01400E-001	1.66280E-009	1.64870E-009	1.70490E-009
148	8	15	1	1.32000E-002	-2.70000E-003	-3.00000E-003	4.37710E-009	1.90000E-009	3.65340E-009	3.47590E+000	7.73367E+002	7.75034E+002	1.66720E+000	5.67995E-001	8.00700E-001	1.67450E-009	1.51520E-009	4.68400E-010
150	6	15	1	1.35000E-002	-2.90000E-003	-3.20000E-003	3.92270E-009	1.30000E-009	2.07030E-009	3.51850E+000	7.62640E+002	7.65610E+002	2.96980E+000	5.56125E-001	8.02900E-001	1.91340E-009	1.43800E-009	1.09600E-009
154	6	17	1	1.32000E-002	-2.70000E-003	-3.00000E-003	4.40990E-009	1.50000E-009	5.52700E-010	3.51130E+000	7.71585E+002	7.74392E+002	2.80710E+000	5.54031E-001	8.03100E-001	1.99300E-009	1.67210E-009	5.99500E-010
158	8	17	1	1.32000E-002	-2.70000E-003	-3.00000E-003	4.61600E-009	1.50000E-009	2.99800E-010	3.47630E+000	7.69803E+002	7.71661E+002	1.85840E+000	5.70872E-001	8.01800E-001	1.69320E-009	1.74940E-009	1.78000E-010
162	10	17	1	1.32000E-002	-2.70000E-003	-3.00000E-003	6.52460E-009	1.50000E-009	1.44260E-009	3.47090E+000	7.53877E+002	7.55501E+002	1.62430E+000	5.69004E-001	8.01600E-001	1.53400E-009	1.77990E-009	1.85480E-009
166	12	17	1	1.32000E-002	-2.70000E-003	-3.00000E-003	7.67220E-009	1.90000E-009	2.12650E-009	3.46400E+000	7.62481E+002	7.63947E+002	1.46560E+000	5.65082E-001	8.01600E-001	1.66980E-009	1.83840E-009	2.06100E-010
170	14	17	1	1.32000E-002	-2.70000E-003	-3.00000E-003	6.97200E-009	1.70000E-009	3.75000E-011	3.43850E+000	7.62831E+002	7.64300E+002	1.46970E+000	5.69872E-001	7.99800E-001	1.59490E-009	1.70260E-009	1.13350E-009
174	16	17	1	1.32000E-002	-2.70000E-003	-3.00000E-003	6.36770E-009	1.60000E-009	9.27400E-010	3.44090E+000	7.66850E+002	7.68642E+002	1.79230E+000	5.59791E-001	8.00100E-001	1.53400E-009	1.94380E-009	1.03980E-009
178	18	17	1	1.32000E-002	-2.70000E-003	-3.00000E-003	6.77520E-009	1.70000E-009	4.49700E-010	3.45410E+000	7.64984E+002	7.66702E+002	1.71790E+000	5.60039E-001	8.01900E-001	1.77990E-009	1.98360E-009	2.07960E-009
182	20	17	1	1.32000E-002	-2.70000E-003	-3.00000E-003	6.29040E-009	1.40000E-009	1.63000E-009	3.46280E+000	7.66029E+002	7.67721E+002	1.69240E+000	5.64959E-001	8.01700E-001	1.56910E-009	1.72840E-009	1.11480E-009
186	22	17	5	1.32000E-002	-2.70000E-003	-3.00000E-003	4.93210E-009	1.60000E-009	1.41220E-005
190	24	17	1	1.32000E-002	-2.70000E-003	-3.00000E-003	3.07730E-009	1.60000E-009	1.04920E-009	3.44230E+000	7.81128E+002	7.83097E+002	1.96890E+000	5.47561E-001	8.01800E-001	1.53630E-009	1.65580E-009	1.61130E-009
194	24	19	1	1.32000E-002	-2.70000E-003	-3.00000E-003	3.57380E-009	1.80000E-009	1.68620E-009	3.43740E+000	7.80237E+002	7.82186E+002	1.94830E+000	5.49539E-001	8.02000E-001	1.72600E-009	1.61590E-009	1.74240E-009
198	22	19	1	1.31000E-002	-2.70000E-003	-3.00000E-003	4.58550E-009	1.80000E-009	8.33700E-010	3.44920E+000	7.73417E+002	7.74931E+002	1.51430E+000	5.68413E-001	8.01700E-001	1.84080E-009	1.74010E-009	1.70490E-009
202	20	19	1	1.33000E-002	-2.60000E-003	-3.00000E-003	6.63710E-009	1.90000E-009	1.00230E-009	3.46660E+000	7.64882E+002	7.66676E+002	1.79450E+000	5.65943E-001	8.01700E-001	1.80560E-009	1.73300E-009	2.19210E-009
206	18	19	1	1.32000E-002	-2.70000E-003	-3.00000E-003	6.56210E-009	1.70000E-009	4.18740E-009	3.46080E+000	7.64619E+002	7.66250E+002	1.63030E+000	5.61556E-001	8.01700E-001	1.66750E-009	1.56440E-009	1.07730E-009
210	16	19	1	1.32000E-002	-2.60000E-003	-3.00000E-003	6.96490E-009	1.80000E-009	7.96300E-010	3.44370E+000	7.60043E+002	7.61249E+002	1.20540E+000	5.69117E-001	7.99100E-001	1.88290E-009	1.89460E-009	1.73300E-009
214	14	19	1	1.32000E-002	-2.60000E-003	-3.00000E-003	7.42860E-009	1.60000E-009	1.61130E-009	3.44720E+000	7.61446E+002	7.62758E+002	1.31240E+000	5.68413E-001	7.99500E-001	1.44970E-009	1.62060E-009	9.74200E-010
218	12	19	1	1.32000E-002	-2.70000E-003	-3.00000E-003	7.92040E-009	1.90000E-009	5.03990E-009	3.46530E+000	7.61033E+002	7.62519E+002	1.48620E+000	5.69044E-001	8.01500E-001	1.56440E-009	1.77280E-009	1.61130E-009
222	10	19	1	1.32000E-002	-2.60000E-003	-3.00000E-003	6.74950E-009	1.70000E-009	3.29740E-009	3.47550E+000	7.52920E+002	7.54400E+002	1.47930E+000	5.70023E-001	8.01800E-001	1.52690E-009	1.44500E-009	8.80600E-010
226	8	19	1	1.31000E-002	-2.70000E-003	-3.00000E-003	4.36300E-009	1.70000E-009	1.47070E-009	3.47610E+000	7.67411E+002	7.69150E+002	1.73850E+000	5.72420E-001	8.01900E-001	1.64400E-009	1.59720E-009	8.24400E-010
228	6	19	1	1.35000E-002	-2.90000E-003	-3.10000E-003	3.77290E-009	1.40000E-009	1.10540E-009	3.52010E+000	7.66061E+002	7.67881E+002	1.81970E+000	5.58498E-001	8.03700E-001	2.27170E-009	1.72600E-009	7.30700E-010
230	6	21	1	1.36000E-002	-2.90000E-003	-3.20000E-003	3.37940E-009	1.30000E-009	2.74480E-009	3.55020E+000	7.28468E+002	7.32917E+002	4.44910E+000	5.66782E-001	8.04700E-001	1.96960E-009	1.54330E-009	1.53630E-009
234	8	21	1	1.33000E-002	-2.70000E-003	-3.00000E-003	4.40520E-009	1.70000E-009	1.06790E-009	3.47460E+000	7.76901E+002	7.78789E+002	1.88850E+000	5.64651E-001	8.02100E-001	1.69790E-009	1.39110E-009	6.37000E-010
238	10	21	1	1.32000E-002	-2.70000E-003	-3.00000E-003	6.12890E-009	1.70000E-009	2.95080E-009	3.47480E+000	7.58253E+002	7.59803E+002	1.55030E+000	5.70604E-001	8.02800E-001	1.60420E-009	1.65340E-009	1.20840E-009
242	12	21	1	1.31000E-002	-2.70000E-003	-3.00000E-003	7.52230E-009	1.80000E-009	3.85010E-009	3.47330E+000	7.57543E+002	7.59269E+002	1.72560E+000	5.70536E-001	8.02500E-001	1.86180E-009	1.73540E-009	2.39810E-009
246	14	21	1	1.32000E-002	-2.70000E-003	-3.00000E-003	7.96490E-009	1.50000E-009	7.31620E-009	3.46430E+000	7.60962E+002	7.62373E+002	1.41060E+000	5.66780E-001	8.01000E-001	1.65110E-009	1.63700E-009	2.90400E-010
250	16	21	1	1.32000E-002	-2.70000E-003	-3.00000E-003	7.23420E-009	1.80000E-009	2.80100E-009	3.45260E+000	7.63774E+002	7.65326E+002	1.55270E+000	5.63683E-001	7.99700E-001	1.80100E-009	1.70960E-009	1.75180E-009
254	18	21	1	1.31000E-002	-2.70000E-003	-3.00000E-003	6.85020E-009	1.70000E-009	1.75180E-009	3.47610E+000	7.69521E+002	7.71037E+002	1.51620E+000	5.66126E-001	8.02300E-001	1.68390E-009	2.00240E-009	2.08900E-009
258	20	21	1	1.32000E-002	-2.70000E-003	-3.00000E-003	6.09610E-009	1.40000E-009	1.13350E-009	3.47120E+000	7.66025E+002	7.67540E+002	1.51450E+000	5.64236E-001	8.01800E-001	1.54330E-009	1.50120E-009	1.34900E-009
262	22	21	1	1.32000E-002	-2.70000E-003	-3.00000E-003	4.39580E-009	1.70000E-009	1.92980E-009	3.46210E+000	7.79022E+002	7.80534E+002	1.51200E+000	5.66453E-001	8.02000E-001	1.74940E-009	1.76820E-009	1.64870E-009
269	22	23	1	1.32000E-002	-2.70000E-003	-3.00000E-003	3.91570E-009	1.70000E-009	2.90400E-010	3.46200E+000	7.84014E+002	7.85967E+002	1.95290E+000	5.57496E-001	8.01700E-001	1.74010E-009	1.81500E-009	6.83800E-010
273	20	23	1	1.32000E-002	-2.70000E-003	-2.90000E-003	5.18740E-009	1.90000E-009	9.93000E-010	3.45950E+000	7.70223E+002	7.71740E+002	1.51610E+000	5.68027E-001	8.01900E-001	1.78690E-009	1.77520E-009	1.51760E-009
277	18	23	1	1.31000E-002	-2.70000E-003	-3.00000E-003	6.03050E-009	1.70000E-009	2.81000E-011	3.46830E+000	7.67343E+002	7.69162E+002	1.81970E+000	5.63555E-001	8.02000E-001	1.51760E-009	1.86420E-009	2.11710E-009
281	16	23	1	1.32000E-002	-2.70000E-003	-3.00000E-003	7.00470E-009	1.60000E-009	2.34190E-009	3.46090E+000	7.67378E+002	7.68729E+002	1.35070E+000	5.61362E-001	8.01200E-001	1.58080E-009	1.70960E-009	8.71200E-010
285	14	23	1	1.33000E-002	-2.70000E-003	-3.00000E-003	7.39580E-009	1.80000E-009	2.62300E-010	3.46150E+000	7.62787E+002	7.64557E+002	1.77000E+000	5.66202E-001	8.02000E-001	1.79860E-009	1.80100E-009	9.18000E-010
289	12	23	1	1.32000E-002	-2.70000E-003	-3.00000E-003	7.30220E-009	1.60000E-009	2.33260E-009	3.46410E+000	7.53643E+002	7.55122E+002	1.47870E+000	5.70630E-001	8.02100E-001	1.51290E-009	1.88530E-009	1.82670E-009
293	10	23	1	1.32000E-002	-2.70000E-003	-3.00000E-003	5.57150E-009	1.60000E-009	2.75410E-009	3.45890E+000	7.62913E+002	7.64385E+002	1.47220E+000	5.72436E-001	8.01900E-001	1.54800E-009	1.95790E-009	1.46140E-009
297	8	23	1	1.32000E-002	-2.70000E-003	-3.00000E-003	4.32320E-009	1.70000E-009	2.90400E-009	3.46510E+000	7.79052E+002	7.81132E+002	2.07950E+000	5.54549E-001	8.02000E-001	1.49650E-009	1.67210E-009	9.27400E-010
299	8	25	1	1.34000E-002	-2.90000E-003	-3.20000E-003	4.33730E-009	1.60000E-009	4.44970E-009	3.48790E+000	7.52031E+002	7.55690E+002	3.65930E+000	5.60329E-001	8.03400E-001	2.35130E-009	1.79630E-009	8.05600E-010
303	10	25	1	1.31000E-002	-2.70000E-003	-3.00000E-003	4.99300E-009	1.60000E-009	8.99300E-010	3.45560E+000	7.80758E+002	7.82783E+002	2.02570E+000	5.58406E-001	8.02500E-001	1.61830E-009	1.68390E-009	1.31100E-010
307	12	25	1	1.32000E-002	-2.80000E-003	-3.00000E-003	5.89930E-009	1.60000E-009	8.24400E-010	3.46090E+000	7.61553E+002	7.63118E+002	1.56500E+000	5.74120E-001	8.02300E-001	1.50590E-009	1.76820E-009	8.33700E-010
311	14	25	1	1.31000E-002	-2.80000E-003	-3.00000E-003	6.14290E-009	1.80000E-009	4.70260E-009	3.45630E+000	7.62919E+002	7.64511E+002	1.59160E+000	5.67872E-001	8.01900E-001	1.56440E-009	1.34900E-009	5.05900E-010
315	16	25	1	1.32000E-002	-2.70000E-003	-3.00000E-003	4.93450E-009	1.80000E-009	1.18030E-009	3.46060E+000	7.65555E+002	7.67437E+002	1.88240E+000	5.58843E-001	8.01500E-001	1.87120E-009	1.59250E-009	2.06090E-009
319	18	25	1	1.32000E-002	-2.70000E-003	-3.00000E-003	4.59250E-009	1.90000E-009	2.34190E-009	3.46650E+000	7.70494E+002	7.72173E+002	1.67880E+000	5.68613E-001	8.02400E-001	1.68850E-009	1.80800E-009	1.44260E-009
323	20	25	1	1.32000E-002	-2.70000E-003	-3.00000E-003	4.14990E-009	1.60000E-009	3.65300E-010	3.46250E+000	7.80269E+002	7.81824E+002	1.55450E+000	5.63824E-001	8.01700E-001	1.48710E-009	1.64170E-009	4.49700E-010
333	18	27	1	1.32000E-002	-2.70000E-003	-3.00000E-003	4.26000E-009	1.60000E-009	1.02671E-008	3.47330E+000	7.81712E+002	7.84113E+002	2.40060E+000	5.55050E-001	8.02400E-001	1.77750E-009	2.00940E-009	1.02110E-009
337	16	27	1	1.32000E-002	-2.70000E-003	-3.00000E-003	4.19680E-009	1.80000E-009	3.85950E-009	3.45620E+000	7.80355E+002	7.82560E+002	2.20500E+000	5.57363E-001	8.02800E-001	1.53400E-009	1.41220E-009	1.38640E-009
341	14	27	1	1.31000E-002	-2.70000E-003	-3.00000E-003	4.42630E-009	1.80000E-009	3.20380E-009	3.45930E+000	7.79235E+002	7.81363E+002	2.12820E+000	5.59862E-001	8.02600E-001	1.63700E-009	1.88060E-009	5.52700E-010
345	12	27	1	1.32000E-002	-2.80000E-003	-3.00000E-003	5.13820E-009	1.70000E-009	2.63230E-009	3.45650E+000	7.78913E+002	7.79739E+002	8.26300E-001	5.54567E-001	8.02200E-001	1.69790E-009	1.61130E-009	7.30700E-010
348	10	27	1	1.31000E-002	-2.80000E-003	-3.10000E-003	4.03050E-009	1.70000E-009	4.60890E-009	3.48100E+000	7.58023E+002	7.60596E+002	2.57380E+000	5.62210E-001	8.03800E-001	2.10770E-009	1.72130E-009	5.15200E-010

