Program name	H0192AB_E4_CP1.dll
Lot number	C146419.00-CPTSTE07-250312-172341@CP
Wafer number	13
Date	2025/03/12
Time	17:26:38

No.U	X	Y	Bin	CONT@D	CONT@G	CONT@S	IGSS1	IGSSR1	IDSS1	VTH	BVDSS1	BVDSS2	BV2-BV1	RDSON1	VFSDS	IGSS2	IGSSR2	IDSS3
LimitU				0.5V	0.5V	0.5V	80nA	3uA	200nA	4V	900V	900V	50V	640mohm	1V	80nA	80nA	150nA
LimitL				-0.5V	-0.5V	-0.5V	0nA	0uA	0nA	3V	700V	700V	-10V	0mohm	0V	0nA	0nA	0nA
Bias 1				 	 	 	 	 	 	100uA	250uA	1mA	 	1A	 	 	 	 
Bias 2				 	 	 	 	 	 	 	 	 	 	 	2A	 	 	 
Bias 3				2V	 	 	 	 	700V	 	 	 	 	 	 	 	 	600V
Bias 4				 	2V	 	30V	-30V	 	 	 	 	 	10V	0V	20V	-20V	 
Bias 5				1000uS	8000uS	8000uS	12000uS	12000uS	10000uS	2000uS	10000uS	8000uS	1000uS	50000uS	5000uS	12000uS	12000uS	10000uS
Bias 6				 	 	 	 	 	 	 	 	 	 	 	 	 	 	 
3	17	6	1	1.32000E-002	1.20000E-003	9.00000E-004	3.18030E-009	1.60000E-009	3.41920E-009	3.49120E+000	7.39821E+002	7.42964E+002	3.14330E+000	5.75360E-001	7.99600E-001	1.24590E-009	1.87820E-009	1.24590E-009
7	15	6	1	1.32000E-002	1.20000E-003	9.00000E-004	3.23420E-009	1.40000E-009	5.18030E-009	3.49150E+000	7.57689E+002	7.60417E+002	2.72820E+000	5.71506E-001	7.98600E-001	9.67200E-010	1.74470E-009	2.11710E-009
11	13	6	1	1.32000E-002	1.20000E-003	9.00000E-004	3.81960E-009	1.80000E-009	7.77510E-009	3.50400E+000	7.36498E+002	7.39690E+002	3.19210E+000	5.70785E-001	7.99800E-001	1.11240E-009	1.91330E-009	2.34200E-010
20	9	8	5	1.31000E-002	1.20000E-003	9.00000E-004	3.00700E-009	1.20000E-009	1.38140E-005
24	11	8	1	1.33000E-002	1.20000E-003	9.00000E-004	3.19900E-009	1.50000E-009	8.40280E-009	3.48170E+000	7.79569E+002	7.81837E+002	2.26870E+000	5.51302E-001	7.98200E-001	1.14990E-009	1.64640E-009	5.80800E-010
28	13	8	1	1.33000E-002	1.20000E-003	9.00000E-004	3.59010E-009	1.60000E-009	4.29970E-009	3.46920E+000	7.85405E+002	7.87636E+002	2.23090E+000	5.60585E-001	7.98400E-001	1.35130E-009	1.92740E-009	1.40510E-009
32	15	8	1	1.31000E-002	1.20000E-003	1.00000E-003	3.88290E-009	1.80000E-009	3.95310E-009	3.46180E+000	7.73198E+002	7.74830E+002	1.63200E+000	5.74368E-001	7.98400E-001	1.22250E-009	2.01170E-009	2.81000E-011
36	17	8	1	1.31000E-002	1.30000E-003	1.00000E-003	4.04450E-009	1.40000E-009	2.46370E-009	3.45970E+000	7.75828E+002	7.77665E+002	1.83770E+000	5.68667E-001	7.99200E-001	9.83600E-010	1.67210E-009	1.03040E-009
40	19	8	1	1.31000E-002	1.30000E-003	9.00000E-004	3.98120E-009	1.70000E-009	3.25060E-009	3.45830E+000	7.77423E+002	7.80392E+002	2.96860E+000	5.60729E-001	7.98400E-001	1.32550E-009	1.84310E-009	1.51760E-009
45	21	10	1	1.31000E-002	1.20000E-003	9.00000E-004	3.60420E-009	1.60000E-009	1.08660E-009	3.46530E+000	7.79776E+002	7.82163E+002	2.38700E+000	5.57383E-001	7.97900E-001	1.37240E-009	1.90630E-009	2.00470E-009
49	19	10	1	1.32000E-002	1.30000E-003	9.00000E-004	4.64870E-009	1.50000E-009	3.24120E-009	3.46630E+000	7.64730E+002	7.66436E+002	1.70610E+000	5.79968E-001	7.98200E-001	1.17330E-009	1.88990E-009	1.89230E-009
53	17	10	1	1.32000E-002	1.20000E-003	1.00000E-003	4.99060E-009	1.40000E-009	6.18260E-009	3.43590E+000	7.59474E+002	7.61106E+002	1.63170E+000	5.84622E-001	7.97800E-001	1.00940E-009	1.72360E-009	2.49180E-009
57	15	10	1	1.32000E-002	1.30000E-003	1.00000E-003	4.83600E-009	1.50000E-009	1.06510E-008	3.46220E+000	7.60172E+002	7.61791E+002	1.61820E+000	5.84899E-001	7.98400E-001	1.12650E-009	1.90160E-009	3.37200E-010
61	13	10	1	1.31000E-002	1.30000E-003	1.00000E-003	4.82670E-009	1.50000E-009	6.73530E-009	3.47450E+000	7.71183E+002	7.72748E+002	1.56570E+000	5.80435E-001	7.98300E-001	1.30210E-009	1.83840E-009	1.98590E-009
65	11	10	1	1.32000E-002	1.20000E-003	9.00000E-004	3.85010E-009	1.30000E-009	6.33250E-009	3.47710E+000	7.83083E+002	7.84681E+002	1.59790E+000	5.69662E-001	7.98300E-001	8.22000E-010	1.63000E-009	2.09830E-009
69	9	10	1	1.32000E-002	1.30000E-003	1.00000E-003	3.60190E-009	1.60000E-009	7.99990E-009	3.47620E+000	7.78691E+002	7.81302E+002	2.61060E+000	5.53854E-001	7.97500E-001	1.31620E-009	1.88290E-009	1.63930E-009
73	7	10	2	1.32000E-002	4.09300E+000
79	7	12	1	1.31000E-002	1.20000E-003	9.00000E-004	3.56670E-009	1.60000E-009	1.06322E-008	3.48430E+000	7.56002E+002	7.59139E+002	3.13660E+000	5.66435E-001	7.98200E-001	1.22010E-009	1.75170E-009	5.15200E-010
83	9	12	1	1.32000E-002	1.30000E-003	9.00000E-004	3.47300E-009	1.30000E-009	3.66270E-009	3.47140E+000	7.78340E+002	7.79800E+002	1.46000E+000	5.68900E-001	7.97500E-001	1.02110E-009	2.07260E-009	1.88290E-009
87	11	12	1	1.32000E-002	1.20000E-003	9.00000E-004	4.81260E-009	1.30000E-009	5.83600E-009	3.47470E+000	7.71766E+002	7.73249E+002	1.48270E+000	5.78004E-001	7.97500E-001	9.50800E-010	1.87120E-009	1.06790E-009
91	13	12	1	1.32000E-002	1.30000E-003	9.00000E-004	5.91100E-009	1.50000E-009	8.25290E-009	3.47190E+000	7.61397E+002	7.62821E+002	1.42360E+000	5.80520E-001	7.98100E-001	1.19200E-009	1.48950E-009	4.30900E-010
95	15	12	1	1.31000E-002	1.30000E-003	9.00000E-004	6.01640E-009	1.30000E-009	9.92970E-009	3.47040E+000	7.59990E+002	7.61621E+002	1.63070E+000	5.84246E-001	7.96900E-001	1.25530E-009	1.67910E-009	1.65810E-009
99	17	12	1	1.32000E-002	1.30000E-003	1.00000E-003	6.34660E-009	1.60000E-009	4.60890E-009	3.46600E+000	7.55842E+002	7.57450E+002	1.60760E+000	5.81144E-001	7.98300E-001	9.95300E-010	1.74940E-009	8.89900E-010
103	19	12	1	1.33000E-002	1.30000E-003	1.00000E-003	5.72600E-009	1.40000E-009	4.13110E-009	3.46630E+000	7.55201E+002	7.56782E+002	1.58060E+000	5.82268E-001	7.98200E-001	1.33720E-009	1.70490E-009	1.71430E-009
107	21	12	1	1.33000E-002	1.30000E-003	9.00000E-004	4.21070E-009	1.70000E-009	1.93910E-009	3.46420E+000	7.72096E+002	7.73572E+002	1.47650E+000	5.72017E-001	7.97900E-001	1.35830E-009	1.79860E-009	1.32080E-009
111	23	12	1	1.31000E-002	1.20000E-003	9.00000E-004	3.55270E-009	1.60000E-009	7.30700E-010	3.48510E+000	7.76783E+002	7.78519E+002	1.73540E+000	5.44199E-001	7.98600E-001	1.38640E-009	1.95080E-009	2.70720E-009
113	23	14	1	1.31000E-002	1.20000E-003	9.00000E-004	3.79860E-009	1.60000E-009	4.12200E-010	3.48500E+000	7.84223E+002	7.86033E+002	1.81030E+000	5.50745E-001	7.97600E-001	1.22480E-009	1.64870E-009	1.01170E-009
117	21	14	1	1.32000E-002	1.30000E-003	9.00000E-004	4.84770E-009	1.80000E-009	3.29740E-009	3.46760E+000	7.60598E+002	7.62245E+002	1.64770E+000	5.73300E-001	7.97700E-001	1.27170E-009	1.82200E-009	1.64870E-009
121	19	14	1	1.32000E-002	1.30000E-003	1.00000E-003	6.37000E-009	1.80000E-009	3.91570E-009	3.47620E+000	7.55102E+002	7.56722E+002	1.62020E+000	5.77593E-001	7.97900E-001	1.26460E-009	1.75880E-009	2.08900E-009
125	17	14	1	1.32000E-002	1.20000E-003	9.00000E-004	6.38640E-009	1.60000E-009	9.73300E-009	3.46200E+000	7.56102E+002	7.57552E+002	1.45010E+000	5.79420E-001	7.97100E-001	1.36300E-009	1.80090E-009	1.93910E-009
129	15	14	1	1.32000E-002	1.20000E-003	1.00000E-003	6.50820E-009	1.70000E-009	6.52920E-009	3.45750E+000	7.57948E+002	7.59602E+002	1.65430E+000	5.79827E-001	7.96400E-001	1.24590E-009	1.71900E-009	1.48950E-009
133	13	14	1	1.32000E-002	1.30000E-003	9.00000E-004	6.26930E-009	1.60000E-009	7.40980E-009	3.46590E+000	7.60517E+002	7.61961E+002	1.44460E+000	5.79998E-001	7.97200E-001	1.18970E-009	1.82200E-009	6.55700E-010
137	11	14	1	1.31000E-002	1.30000E-003	9.00000E-004	5.27870E-009	1.70000E-009	3.50350E-009	3.48050E+000	7.66635E+002	7.68387E+002	1.75190E+000	5.71121E-001	7.97600E-001	1.34660E-009	1.97890E-009	2.13580E-009
141	9	14	1	1.32000E-002	1.30000E-003	9.00000E-004	3.98590E-009	1.60000E-009	3.76580E-009	3.46960E+000	7.71481E+002	7.72894E+002	1.41330E+000	5.75167E-001	7.97400E-001	1.15220E-009	1.80800E-009	5.05900E-010
145	7	14	1	1.32000E-002	1.30000E-003	9.00000E-004	3.59250E-009	1.60000E-009	3.78450E-009	3.47880E+000	7.79236E+002	7.81187E+002	1.95110E+000	5.58897E-001	7.98000E-001	1.07260E-009	1.96250E-009	1.95780E-009
151	5	16	2	1.32000E-002	4.09300E+000
155	7	16	1	1.32000E-002	1.30000E-003	9.00000E-004	3.50820E-009	1.60000E-009	1.52690E-009	3.48000E+000	7.84892E+002	7.87008E+002	2.11580E+000	5.61934E-001	7.98400E-001	1.14990E-009	1.81260E-009	1.34890E-009
159	9	16	1	1.31000E-002	1.30000E-003	9.00000E-004	3.97890E-009	1.50000E-009	1.14280E-009	3.47680E+000	7.64816E+002	7.66391E+002	1.57510E+000	5.82096E-001	7.98600E-001	1.00000E-009	2.02340E-009	1.16160E-009
163	11	16	1	1.32000E-002	1.30000E-003	9.00000E-004	5.68610E-009	1.70000E-009	2.46370E-009	3.49290E+000	7.70732E+002	7.72593E+002	1.86100E+000	5.72003E-001	7.97800E-001	1.35830E-009	2.03040E-009	0.00000E+000
167	13	16	1	1.32000E-002	1.30000E-003	1.00000E-003	6.34420E-009	1.30000E-009	5.13350E-009	3.45970E+000	7.63925E+002	7.65661E+002	1.73580E+000	5.70917E-001	7.98200E-001	9.43800E-010	1.73770E-009	1.27400E-009
171	15	16	1	1.32000E-002	1.30000E-003	1.00000E-003	6.43320E-009	1.60000E-009	4.49650E-009	3.43700E+000	7.52704E+002	7.54554E+002	1.85040E+000	5.68433E-001	7.95800E-001	1.21310E-009	1.86420E-009	8.71200E-010
175	17	16	1	1.32000E-002	1.30000E-003	1.00000E-003	6.24350E-009	1.70000E-009	6.10770E-009	3.45070E+000	7.56638E+002	7.58197E+002	1.55860E+000	5.72219E-001	7.97000E-001	1.08900E-009	1.51760E-009	4.87100E-010
179	19	16	1	1.32000E-002	1.40000E-003	1.00000E-003	6.84300E-009	1.80000E-009	2.41680E-009	3.47380E+000	7.59992E+002	7.61603E+002	1.61110E+000	5.76322E-001	7.98000E-001	1.21080E-009	1.69550E-009	3.12880E-009
183	21	16	1	1.32000E-002	1.30000E-003	1.00000E-003	5.13110E-009	1.70000E-009	1.71430E-009	3.47920E+000	7.68107E+002	7.69836E+002	1.72870E+000	5.76464E-001	7.97900E-001	1.11010E-009	1.74470E-009	7.21300E-010
187	23	16	1	1.32000E-002	1.30000E-003	1.00000E-003	3.82670E-009	1.40000E-009	8.71200E-010	3.47940E+000	7.85471E+002	7.87181E+002	1.71000E+000	5.63128E-001	7.97800E-001	1.07730E-009	1.92270E-009	3.46600E-010
191	23	18	1	1.32000E-002	1.30000E-003	1.00000E-003	3.70720E-009	1.40000E-009	4.68000E-011	3.48160E+000	7.87168E+002	7.88601E+002	1.43350E+000	5.65948E-001	7.98200E-001	1.10300E-009	1.90630E-009	2.37940E-009
195	21	18	1	1.32000E-002	1.30000E-003	1.00000E-003	5.34190E-009	1.40000E-009	2.85710E-009	3.47290E+000	7.69737E+002	7.71358E+002	1.62140E+000	5.76179E-001	7.97700E-001	9.93000E-010	1.77280E-009	1.22720E-009
199	19	18	1	1.33000E-002	1.30000E-003	1.00000E-003	6.12640E-009	1.60000E-009	2.51990E-009	3.46570E+000	7.65725E+002	7.67736E+002	2.01120E+000	5.75606E-001	7.98500E-001	1.21080E-009	1.85010E-009	1.09600E-009
203	17	18	1	1.32000E-002	1.40000E-003	1.00000E-003	6.11240E-009	1.70000E-009	7.25990E-009	3.44440E+000	7.59429E+002	7.60886E+002	1.45650E+000	5.70004E-001	7.96600E-001	1.35130E-009	1.88760E-009	8.52500E-010
207	15	18	1	1.33000E-002	1.30000E-003	1.00000E-003	6.05850E-009	1.50000E-009	3.24120E-009	3.43870E+000	7.47845E+002	7.49740E+002	1.89490E+000	5.61958E-001	7.96000E-001	1.07730E-009	1.91570E-009	1.64870E-009
211	13	18	1	1.32000E-002	1.30000E-003	9.00000E-004	6.79620E-009	1.50000E-009	6.98820E-009	3.46350E+000	7.61593E+002	7.63396E+002	1.80290E+000	5.71469E-001	7.96900E-001	1.04920E-009	1.90160E-009	7.86900E-010
215	11	18	1	1.32000E-002	1.30000E-003	1.00000E-003	5.87350E-009	1.60000E-009	3.76580E-009	3.50000E+000	7.73207E+002	7.74961E+002	1.75410E+000	5.74281E-001	7.98500E-001	1.04680E-009	1.74000E-009	2.22010E-009
219	9	18	1	1.32000E-002	1.30000E-003	9.00000E-004	4.12880E-009	1.50000E-009	2.22950E-009	3.47590E+000	7.62253E+002	7.64089E+002	1.83610E+000	5.83188E-001	7.98100E-001	1.15460E-009	1.87120E-009	2.17330E-009
223	7	18	1	1.31000E-002	1.30000E-003	9.00000E-004	3.70260E-009	1.70000E-009	2.59480E-009	3.47750E+000	7.85079E+002	7.87174E+002	2.09420E+000	5.61610E-001	7.98000E-001	1.35130E-009	1.79860E-009	1.63930E-009
231	7	20	1	1.32000E-002	1.20000E-003	9.00000E-004	2.86650E-009	1.30000E-009	1.45200E-009	3.46960E+000	7.80462E+002	7.82661E+002	2.19830E+000	5.61807E-001	7.98800E-001	1.24120E-009	1.81500E-009	2.45430E-009
235	9	20	1	1.32000E-002	1.30000E-003	9.00000E-004	4.62290E-009	1.60000E-009	2.52930E-009	3.46940E+000	7.67390E+002	7.68849E+002	1.45880E+000	5.81775E-001	7.98000E-001	1.05620E-009	1.72360E-009	2.56670E-009
239	11	20	1	1.32000E-002	1.30000E-003	9.00000E-004	6.32080E-009	1.80000E-009	2.67910E-009	3.49040E+000	7.67630E+002	7.69503E+002	1.87240E+000	5.74560E-001	7.98300E-001	1.06320E-009	1.92740E-009	3.04450E-009
243	13	20	1	1.31000E-002	1.30000E-003	1.00000E-003	6.82670E-009	1.60000E-009	1.35268E-008	3.46090E+000	7.62016E+002	7.63578E+002	1.56200E+000	5.77976E-001	7.97500E-001	1.40050E-009	1.67450E-009	3.56000E-010
247	15	20	1	1.32000E-002	1.30000E-003	1.00000E-003	6.29270E-009	1.70000E-009	3.21310E-009	3.43680E+000	7.57350E+002	7.58793E+002	1.44280E+000	5.76902E-001	7.95800E-001	1.23420E-009	1.89460E-009	1.94850E-009
251	17	20	1	1.32000E-002	1.30000E-003	1.00000E-003	6.32550E-009	1.70000E-009	1.22435E-008	3.44160E+000	7.58933E+002	7.60386E+002	1.45270E+000	5.73698E-001	7.96800E-001	1.29270E-009	1.94610E-009	3.93400E-010
255	19	20	1	1.32000E-002	1.30000E-003	9.00000E-004	6.18030E-009	1.70000E-009	2.60420E-009	3.46160E+000	7.67121E+002	7.68403E+002	1.28140E+000	5.78041E-001	7.98000E-001	1.32080E-009	1.82200E-009	1.56440E-009
259	21	20	1	1.32000E-002	1.30000E-003	1.00000E-003	4.61120E-009	1.80000E-009	8.33700E-010	3.47160E+000	7.71567E+002	7.73174E+002	1.60750E+000	5.77131E-001	7.97800E-001	1.14280E-009	1.80560E-009	1.20840E-009
263	23	20	1	1.31000E-002	1.20000E-003	9.00000E-004	3.63000E-009	1.70000E-009	7.58800E-010	3.47910E+000	7.85579E+002	7.87615E+002	2.03620E+000	5.61844E-001	7.98400E-001	1.26460E-009	1.88760E-009	1.65810E-009
265	23	22	1	1.32000E-002	1.20000E-003	9.00000E-004	4.48710E-009	1.10000E-009	2.32320E-009	3.45830E+000	7.86211E+002	7.88099E+002	1.88820E+000	5.52698E-001	7.97600E-001	1.92040E-009	1.31850E-009	1.77050E-009
266	21	22	1	1.32000E-002	1.30000E-003	1.00000E-003	4.44960E-009	1.40000E-009	1.74240E-009	3.46900E+000	7.78152E+002	7.79461E+002	1.30830E+000	5.75729E-001	7.97700E-001	1.12180E-009	1.71430E-009	1.57380E-009
270	19	22	1	1.32000E-002	1.30000E-003	1.00000E-003	5.50350E-009	1.50000E-009	1.79860E-009	3.46790E+000	7.62230E+002	7.63915E+002	1.68470E+000	5.76732E-001	7.98200E-001	8.64200E-010	1.77050E-009	2.82900E-009
274	17	22	1	1.33000E-002	1.30000E-003	1.00000E-003	5.97420E-009	1.60000E-009	7.08190E-009	3.47050E+000	7.63112E+002	7.64469E+002	1.35730E+000	5.77585E-001	7.97800E-001	1.19910E-009	2.00470E-009	1.54570E-009
278	15	22	1	1.32000E-002	1.30000E-003	1.00000E-003	6.53390E-009	1.30000E-009	2.57610E-009	3.45960E+000	7.59377E+002	7.60794E+002	1.41700E+000	5.78035E-001	7.97700E-001	1.12650E-009	1.60420E-009	2.75410E-009
282	13	22	1	1.31000E-002	1.30000E-003	9.00000E-004	6.81030E-009	1.30000E-009	2.05150E-009	3.48200E+000	7.59588E+002	7.60987E+002	1.39840E+000	5.81356E-001	7.98900E-001	1.17100E-009	1.92970E-009	1.67680E-009
286	11	22	1	1.32000E-002	1.30000E-003	9.00000E-004	6.12170E-009	1.70000E-009	2.96020E-009	3.48710E+000	7.62958E+002	7.64398E+002	1.44040E+000	5.79589E-001	7.98500E-001	1.26930E-009	1.55970E-009	8.71200E-010
290	9	22	1	1.31000E-002	1.30000E-003	9.00000E-004	4.37940E-009	1.70000E-009	9.74200E-010	3.47940E+000	7.73479E+002	7.74896E+002	1.41660E+000	5.76653E-001	7.98200E-001	1.07960E-009	1.93440E-009	1.26460E-009
294	7	22	1	1.32000E-002	1.30000E-003	9.00000E-004	3.13110E-009	1.60000E-009	2.55740E-009	3.50350E+000	7.73168E+002	7.75191E+002	2.02330E+000	5.65553E-001	7.99300E-001	1.36530E-009	1.76350E-009	1.96720E-009
300	9	24	1	1.32000E-002	1.30000E-003	9.00000E-004	4.37700E-009	1.50000E-009	2.37000E-009	3.48280E+000	7.86193E+002	7.87489E+002	1.29660E+000	5.61453E-001	7.98600E-001	1.47540E-009	1.49410E-009	9.18000E-010
304	11	24	1	1.32000E-002	1.30000E-003	9.00000E-004	5.04450E-009	1.60000E-009	3.39110E-009	3.47940E+000	7.72399E+002	7.73950E+002	1.55130E+000	5.78749E-001	7.98700E-001	1.31150E-009	1.91100E-009	6.93200E-010
308	13	24	1	1.32000E-002	1.30000E-003	9.00000E-004	5.72360E-009	1.50000E-009	1.77050E-009	3.47760E+000	7.65970E+002	7.68006E+002	2.03600E+000	5.78392E-001	7.98300E-001	1.17560E-009	1.90630E-009	2.34200E-010
312	15	24	1	1.31000E-002	1.30000E-003	1.00000E-003	5.39810E-009	1.60000E-009	4.14990E-009	3.46850E+000	7.61180E+002	7.63009E+002	1.82870E+000	5.71267E-001	7.98000E-001	1.03510E-009	1.88520E-009	1.47070E-009
316	17	24	1	1.32000E-002	1.30000E-003	1.00000E-003	5.25290E-009	1.60000E-009	2.24820E-009	3.47020E+000	7.65223E+002	7.67028E+002	1.80430E+000	5.76584E-001	7.97900E-001	1.42620E-009	1.95080E-009	1.85480E-009
320	19	24	1	1.32000E-002	1.30000E-003	1.00000E-003	4.51750E-009	1.40000E-009	1.89230E-009	3.47200E+000	7.71685E+002	7.73221E+002	1.53580E+000	5.78382E-001	7.99000E-001	1.02340E-009	1.87820E-009	1.79860E-009
324	21	24	1	1.34000E-002	1.30000E-003	9.00000E-004	4.18730E-009	1.80000E-009	1.09600E-009	3.47670E+000	7.84557E+002	7.85880E+002	1.32230E+000	5.67151E-001	7.98200E-001	1.09600E-009	1.87820E-009	1.26460E-009
327	19	26	1	1.33000E-002	1.30000E-003	9.00000E-004	4.37700E-009	1.60000E-009	2.85710E-009	3.47210E+000	7.86347E+002	7.88705E+002	2.35830E+000	5.66300E-001	7.98300E-001	1.18030E-009	1.90400E-009	2.28570E-009
330	17	26	1	1.32000E-002	1.30000E-003	1.00000E-003	4.03280E-009	1.70000E-009	3.48480E-009	3.46950E+000	7.74937E+002	7.76372E+002	1.43580E+000	5.73737E-001	7.99000E-001	1.14990E-009	1.91570E-009	2.87590E-009
334	15	26	1	1.32000E-002	1.30000E-003	9.00000E-004	4.60420E-009	1.30000E-009	2.68850E-009	3.46190E+000	7.70719E+002	7.72716E+002	1.99770E+000	5.71561E-001	7.98700E-001	1.17100E-009	1.74940E-009	1.12410E-009
338	13	26	1	1.32000E-002	1.30000E-003	1.00000E-003	4.33720E-009	1.60000E-009	2.88520E-009	3.47550E+000	7.76004E+002	7.77929E+002	1.92460E+000	5.72793E-001	7.98900E-001	1.03980E-009	1.75640E-009	8.71200E-010
342	11	26	1	1.32000E-002	1.30000E-003	9.00000E-004	4.62990E-009	1.50000E-009	2.51990E-009	3.47550E+000	7.86692E+002	7.88799E+002	2.10630E+000	5.59462E-001	7.98600E-001	1.13350E-009	1.54100E-009	1.84540E-009
346	9	26	1	1.33000E-002	1.30000E-003	9.00000E-004	3.74700E-009	1.60000E-009	8.61800E-010	3.50820E+000	7.58627E+002	7.61719E+002	3.09180E+000	5.71240E-001	8.00500E-001	1.71190E-009	1.79620E-009	2.48240E-009
350	13	28	1	1.34000E-002	1.20000E-003	9.00000E-004	3.46370E-009	1.50000E-009	2.67910E-009	3.48450E+000	7.78267E+002	7.80175E+002	1.90720E+000	5.58731E-001	7.98800E-001	1.47770E-009	1.63930E-009	3.00700E-009
352	15	28	1	1.35000E-002	1.20000E-003	9.00000E-004	3.69320E-009	1.60000E-009	3.45670E-009	3.47110E+000	7.81411E+002	7.83334E+002	1.92250E+000	5.57346E-001	7.99000E-001	1.59250E-009	1.89690E-009	1.79860E-009
354	17	28	1	1.32000E-002	1.20000E-003	8.00000E-004	3.66510E-009	1.10000E-009	4.36530E-009	3.47990E+000	7.77876E+002	7.79864E+002	1.98740E+000	5.61211E-001	7.99100E-001	2.01870E-009	1.49180E-009	2.19200E-009

4	18	6	1	1.32000E-002	2.40000E-003	2.10000E-003	3.59200E-009	1.90000E-009	2.24790E-009	3.52400E+000	7.25976E+002	7.29299E+002	3.32300E+000	5.77382E-001	7.99500E-001	1.62270E-009	2.19880E-009	2.66010E-009
8	16	6	1	1.32000E-002	2.40000E-003	2.10000E-003	3.40940E-009	1.70000E-009	4.82370E-009	3.49590E+000	7.56104E+002	7.58968E+002	2.86390E+000	5.71819E-001	7.98100E-001	1.41670E-009	1.92480E-009	1.47990E-009
12	14	6	1	1.32000E-002	2.40000E-003	2.10000E-003	3.81210E-009	2.00000E-009	5.23580E-009	3.50110E+000	7.51802E+002	7.54782E+002	2.97950E+000	5.72618E-001	7.98600E-001	1.59930E-009	1.97400E-009	9.37000E-011
15	12	6	5	1.36000E-002	2.30000E-003	2.00000E-003	4.15870E-009	1.90000E-009	1.68482E-006
21	10	8	1	1.31000E-002	2.40000E-003	2.00000E-003	3.37890E-009	1.50000E-009	8.72950E-009	3.50320E+000	7.66992E+002	7.68775E+002	1.78340E+000	5.57151E-001	7.96400E-001	1.94820E-009	2.05830E-009	2.23860E-009
25	12	8	1	1.33000E-002	2.50000E-003	2.10000E-003	4.11660E-009	1.80000E-009	4.03690E-009	3.45240E+000	7.81803E+002	7.83906E+002	2.10330E+000	5.58385E-001	7.96300E-001	1.62270E-009	1.90840E-009	1.44240E-009
29	14	8	1	1.33000E-002	2.40000E-003	2.10000E-003	4.10020E-009	1.80000E-009	5.62000E-011	3.46830E+000	7.80765E+002	7.82269E+002	1.50350E+000	5.69709E-001	7.97800E-001	1.71410E-009	2.21750E-009	1.55480E-009
33	16	8	1	1.31000E-002	2.40000E-003	2.10000E-003	4.31330E-009	2.10000E-009	1.10520E-009	3.46230E+000	7.74666E+002	7.76250E+002	1.58410E+000	5.72673E-001	7.97700E-001	1.66250E-009	2.35800E-009	1.26450E-009
37	18	8	1	1.31000E-002	2.50000E-003	2.10000E-003	4.36010E-009	1.70000E-009	4.02800E-010	3.47610E+000	7.81718E+002	7.84882E+002	3.16440E+000	5.61159E-001	7.98200E-001	1.38390E-009	1.88500E-009	2.06100E-010
41	20	8	1	1.31000E-002	2.40000E-003	2.10000E-003	3.59670E-009	1.90000E-009	4.96400E-010	3.47630E+000	7.71432E+002	7.73697E+002	2.26450E+000	5.60705E-001	7.97000E-001	1.75390E-009	2.07470E-009	2.07940E-009
46	22	10	1	1.31000E-002	2.40000E-003	2.00000E-003	3.51940E-009	1.80000E-009	1.72340E-009	3.47840E+000	7.69079E+002	7.70852E+002	1.77240E+000	5.52954E-001	7.96800E-001	1.73050E-009	2.14960E-009	1.81710E-009
50	20	10	1	1.32000E-002	2.40000E-003	2.00000E-003	4.41630E-009	1.90000E-009	2.99700E-010	3.46360E+000	7.73059E+002	7.74752E+002	1.69310E+000	5.71621E-001	7.97400E-001	1.62270E-009	2.25970E-009	5.24500E-010
54	18	10	1	1.32000E-002	2.40000E-003	2.10000E-003	4.95490E-009	1.70000E-009	1.39560E-009	3.46370E+000	7.66780E+002	7.68773E+002	1.99350E+000	5.79791E-001	7.97100E-001	1.38620E-009	1.91310E-009	3.18500E-010
58	16	10	1	1.32000E-002	2.40000E-003	2.10000E-003	5.11170E-009	1.80000E-009	7.36016E-008	3.44110E+000	7.63232E+002	7.64876E+002	1.64460E+000	5.81363E-001	7.96100E-001	1.59000E-009	2.14020E-009	1.65790E-009
62	14	10	1	1.31000E-002	2.40000E-003	2.10000E-003	5.14220E-009	1.90000E-009	1.00034E-008	3.46350E+000	7.65360E+002	7.67067E+002	1.70740E+000	5.82767E-001	7.96700E-001	1.63440E-009	2.16600E-009	2.51020E-009
66	12	10	1	1.32000E-002	2.40000E-003	2.10000E-003	4.37410E-009	1.60000E-009	6.24740E-009	3.46360E+000	7.69710E+002	7.71142E+002	1.43220E+000	5.81059E-001	7.96300E-001	1.28790E-009	1.81710E-009	2.05130E-009
70	10	10	1	1.32000E-002	2.50000E-003	2.00000E-003	4.04400E-009	2.00000E-009	5.33890E-009	3.46860E+000	7.83692E+002	7.86491E+002	2.79840E+000	5.60275E-001	7.96100E-001	1.75150E-009	2.10510E-009	2.03250E-009
74	8	10	1	1.32000E-002	2.40000E-003	2.00000E-003	3.75130E-009	2.00000E-009	6.35980E-009	3.50250E+000	7.53443E+002	7.56755E+002	3.31110E+000	5.63028E-001	7.97000E-001	1.76320E-009	2.18240E-009	1.84520E-009
77	6	12	3	1.35000E-002	7.90000E-003	2.00000E-003	1.38570E-005
80	8	12	1	1.31000E-002	2.40000E-003	2.00000E-003	4.18910E-009	1.90000E-009	5.47000E-009	3.46330E+000	7.81335E+002	7.83340E+002	2.00490E+000	5.58050E-001	7.95900E-001	1.68600E-009	2.00210E-009	4.40200E-010
84	10	12	1	1.32000E-002	2.40000E-003	2.00000E-003	4.43970E-009	1.50000E-009	5.75100E-009	3.46760E+000	7.71675E+002	7.73161E+002	1.48610E+000	5.76683E-001	7.95700E-001	1.42370E-009	2.24090E-009	2.39780E-009
88	12	12	1	1.32000E-002	2.40000E-003	2.10000E-003	5.78380E-009	1.50000E-009	5.18900E-009	3.47150E+000	7.61332E+002	7.62808E+002	1.47650E+000	5.83022E-001	7.96200E-001	1.33470E-009	2.10750E-009	1.46120E-009
92	14	12	1	1.32000E-002	2.40000E-003	2.10000E-003	6.65720E-009	1.70000E-009	7.07170E-009	3.46640E+000	7.61262E+002	7.63691E+002	2.42880E+000	5.81945E-001	7.96500E-001	1.57120E-009	1.72340E-009	1.47050E-009
96	16	12	1	1.31000E-002	2.40000E-003	2.10000E-003	5.96880E-009	1.70000E-009	5.27330E-009	3.47330E+000	7.61908E+002	7.63329E+002	1.42080E+000	5.83309E-001	7.96700E-001	1.67430E-009	1.87560E-009	9.92800E-010
100	18	12	1	1.32000E-002	2.40000E-003	2.10000E-003	6.30130E-009	2.10000E-009	1.87300E-010	3.47820E+000	7.58358E+002	7.60085E+002	1.72780E+000	5.78161E-001	7.96700E-001	1.50570E-009	1.95290E-009	9.36600E-010
104	20	12	1	1.33000E-002	2.50000E-003	2.10000E-003	5.08600E-009	1.70000E-009	3.84000E-010	3.46660E+000	7.64669E+002	7.66159E+002	1.48960E+000	5.79247E-001	7.97300E-001	1.70700E-009	2.03720E-009	1.30190E-009
108	22	12	1	1.33000E-002	2.40000E-003	2.10000E-003	4.03230E-009	2.00000E-009	2.38840E-009	3.46920E+000	7.82449E+002	7.83872E+002	1.42260E+000	5.58630E-001	7.97000E-001	1.82180E-009	1.92010E-009	6.83800E-010
114	24	14	1	1.31000E-002	2.40000E-003	2.00000E-003	3.54990E-009	1.90000E-009	1.03030E-009	3.47600E+000	7.73354E+002	7.75207E+002	1.85280E+000	5.44973E-001	7.96800E-001	1.66020E-009	1.85920E-009	6.46300E-010
118	22	14	1	1.32000E-002	2.40000E-003	2.10000E-003	4.34600E-009	2.00000E-009	1.96700E-009	3.47530E+000	7.74016E+002	7.75439E+002	1.42260E+000	5.69018E-001	7.97000E-001	1.61340E-009	2.10040E-009	4.87100E-010
122	20	14	1	1.32000E-002	2.40000E-003	2.00000E-003	5.87980E-009	2.20000E-009	3.55900E-010	3.47330E+000	7.59094E+002	7.60619E+002	1.52510E+000	5.73148E-001	7.96400E-001	1.72340E-009	2.02780E-009	1.33000E-009
126	18	14	1	1.32000E-002	2.40000E-003	2.10000E-003	6.71340E-009	1.80000E-009	2.09810E-009	3.48480E+000	7.62017E+002	7.63711E+002	1.69470E+000	5.76355E-001	7.97200E-001	1.75620E-009	2.10980E-009	1.42370E-009
130	16	14	1	1.32000E-002	2.40000E-003	2.00000E-003	6.68760E-009	2.20000E-009	2.60390E-009	3.46270E+000	7.60174E+002	7.61632E+002	1.45760E+000	5.78223E-001	7.95800E-001	1.72340E-009	1.88970E-009	2.05130E-009
134	14	14	1	1.32000E-002	2.40000E-003	2.10000E-003	6.63610E-009	1.80000E-009	8.05500E-010	3.43640E+000	7.61996E+002	7.63884E+002	1.88830E+000	5.81813E-001	7.95100E-001	1.64850E-009	2.19170E-009	0.00000E+000
138	12	14	1	1.31000E-002	2.40000E-003	2.10000E-003	6.40200E-009	2.00000E-009	5.32950E-009	3.48090E+000	7.59364E+002	7.60916E+002	1.55260E+000	5.77899E-001	7.96000E-001	1.82880E-009	2.32990E-009	2.59450E-009
142	10	14	1	1.32000E-002	2.50000E-003	2.10000E-003	4.99700E-009	1.90000E-009	2.01380E-009	3.47170E+000	7.60527E+002	7.62051E+002	1.52410E+000	5.75200E-001	7.96000E-001	1.63440E-009	1.99740E-009	2.01380E-009
146	8	14	1	1.32000E-002	2.50000E-003	2.10000E-003	4.11420E-009	1.70000E-009	1.31100E-010	3.48160E+000	7.80148E+002	7.81793E+002	1.64450E+000	5.68949E-001	7.96600E-001	1.38160E-009	2.21050E-009	1.60170E-009
149	6	14	1	1.35000E-002	2.30000E-003	1.90000E-003	4.47010E-009	1.70000E-009	6.01330E-009	3.53450E+000	7.31738E+002	7.35181E+002	3.44320E+000	5.73676E-001	7.99300E-001	1.67190E-009	1.66490E-009	2.26670E-009
152	6	16	1	1.32000E-002	2.40000E-003	2.00000E-003	4.34600E-009	1.60000E-009	5.62000E-011	3.50360E+000	7.69441E+002	7.70989E+002	1.54820E+000	5.64749E-001	7.97100E-001	1.49160E-009	2.23160E-009	6.36900E-010
156	8	16	1	1.32000E-002	2.40000E-003	2.10000E-003	3.87300E-009	1.90000E-009	8.89800E-010	3.47740E+000	7.72247E+002	7.73942E+002	1.69510E+000	5.77537E-001	7.96900E-001	1.60400E-009	1.99740E-009	7.96100E-010
160	10	16	1	1.31000E-002	2.50000E-003	2.00000E-003	5.53090E-009	1.70000E-009	4.21500E-010	3.47890E+000	7.54582E+002	7.56212E+002	1.63040E+000	5.81821E-001	7.97100E-001	1.39090E-009	2.10750E-009	5.24500E-010
164	12	16	1	1.32000E-002	2.40000E-003	2.00000E-003	6.65720E-009	1.90000E-009	3.50310E-009	3.47030E+000	7.60701E+002	7.62213E+002	1.51290E+000	5.76879E-001	7.96300E-001	1.85690E-009	2.35100E-009	1.45180E-009
168	14	16	1	1.32000E-002	2.50000E-003	2.10000E-003	6.53310E-009	1.60000E-009	9.64700E-010	3.44750E+000	7.58895E+002	7.60602E+002	1.70710E+000	5.73911E-001	7.94800E-001	1.48690E-009	1.85460E-009	9.08500E-010
172	16	16	1	1.32000E-002	2.50000E-003	2.10000E-003	6.60800E-009	2.00000E-009	8.52300E-010	3.44680E+000	7.57977E+002	7.59633E+002	1.65620E+000	5.70989E-001	7.94800E-001	1.70470E-009	2.11450E-009	3.84000E-010
176	18	16	1	1.32000E-002	2.50000E-003	2.10000E-003	6.73920E-009	1.90000E-009	8.43000E-010	3.46750E+000	7.66312E+002	7.67932E+002	1.61960E+000	5.70535E-001	7.97100E-001	1.51030E-009	1.76790E-009	4.02800E-010
180	20	16	1	1.32000E-002	2.50000E-003	2.10000E-003	6.31770E-009	2.00000E-009	1.34880E-009	3.47940E+000	7.60601E+002	7.62703E+002	2.10250E+000	5.75502E-001	7.96800E-001	1.56890E-009	2.09340E-009	8.24200E-010
184	22	16	1	1.32000E-002	2.50000E-003	2.10000E-003	4.68090E-009	2.00000E-009	5.62000E-010	3.46880E+000	7.73353E+002	7.74846E+002	1.49300E+000	5.76652E-001	7.96600E-001	1.57120E-009	1.93420E-009	2.24800E-010
188	24	16	1	1.32000E-002	2.50000E-003	2.10000E-003	3.66700E-009	1.80000E-009	1.41430E-009	3.46990E+000	7.81606E+002	7.83366E+002	1.76000E+000	5.52144E-001	7.96600E-001	1.53140E-009	2.06300E-009	6.46300E-010
192	24	18	1	1.32000E-002	2.40000E-003	2.10000E-003	3.81920E-009	1.80000E-009	7.11900E-010	3.45120E+000	7.82899E+002	7.84865E+002	1.96620E+000	5.54895E-001	7.96800E-001	1.51030E-009	2.10980E-009	8.52300E-010
196	22	18	1	1.32000E-002	2.40000E-003	2.10000E-003	4.78160E-009	1.60000E-009	1.65790E-009	3.46080E+000	7.74317E+002	7.75701E+002	1.38390E+000	5.77633E-001	7.96900E-001	1.39330E-009	2.08640E-009	4.49600E-010
200	20	18	1	1.33000E-002	2.40000E-003	2.10000E-003	6.04600E-009	1.80000E-009	1.96700E-009	3.47790E+000	7.67588E+002	7.69570E+002	1.98190E+000	5.75771E-001	7.97100E-001	1.59230E-009	1.95290E-009	2.81000E-010
204	18	18	1	1.32000E-002	2.50000E-003	2.10000E-003	6.56590E-009	2.00000E-009	3.25020E-009	3.46670E+000	7.65757E+002	7.67442E+002	1.68460E+000	5.70807E-001	7.96600E-001	1.85920E-009	2.05590E-009	2.19170E-009
208	16	18	1	1.33000E-002	2.50000E-003	2.10000E-003	6.02500E-009	1.80000E-009	8.71100E-010	3.43900E+000	7.60313E+002	7.62257E+002	1.94390E+000	5.58040E-001	7.94500E-001	1.43070E-009	2.03950E-009	1.54550E-009
212	14	18	1	1.32000E-002	2.50000E-003	2.00000E-003	6.66190E-009	1.80000E-009	1.07710E-009	3.44490E+000	7.56604E+002	7.58263E+002	1.65870E+000	5.73623E-001	7.95100E-001	1.44710E-009	2.16600E-009	2.81000E-011
216	12	18	1	1.32000E-002	2.50000E-003	2.10000E-003	7.09740E-009	1.80000E-009	2.38840E-009	3.47360E+000	7.62500E+002	7.63856E+002	1.35620E+000	5.76938E-001	7.96900E-001	1.46350E-009	1.92950E-009	1.58290E-009
220	10	18	1	1.32000E-002	2.50000E-003	2.10000E-003	5.64560E-009	2.00000E-009	9.74100E-010	3.48120E+000	7.54186E+002	7.55942E+002	1.75610E+000	5.81271E-001	7.97200E-001	1.68830E-009	2.01380E-009	8.24200E-010
224	8	18	1	1.31000E-002	2.50000E-003	2.00000E-003	4.13290E-009	2.10000E-009	1.29260E-009	3.47310E+000	7.70449E+002	7.72202E+002	1.75340E+000	5.78867E-001	7.96800E-001	1.83580E-009	2.01610E-009	1.36750E-009
227	6	18	1	1.34000E-002	2.40000E-003	2.00000E-003	3.48430E-009	2.20000E-009	1.47990E-009	3.51100E+000	7.71403E+002	7.73342E+002	1.93850E+000	5.64437E-001	7.97900E-001	1.86630E-009	2.23390E-009	2.34200E-010
229	6	20	1	1.35000E-002	2.30000E-003	1.90000E-003	3.29460E-009	1.50000E-009	6.55700E-010	3.53410E+000	7.52882E+002	7.55373E+002	2.49090E+000	5.73111E-001	7.98600E-001	1.81940E-009	1.76320E-009	3.93400E-010
232	8	20	1	1.32000E-002	2.40000E-003	2.00000E-003	3.69270E-009	1.80000E-009	1.31130E-009	3.47610E+000	7.74448E+002	7.75714E+002	1.26650E+000	5.74986E-001	7.97100E-001	1.75150E-009	1.91310E-009	6.08800E-010
236	10	20	1	1.32000E-002	2.60000E-003	2.10000E-003	5.99690E-009	1.90000E-009	1.08650E-009	3.47910E+000	7.56865E+002	7.58626E+002	1.76120E+000	5.83798E-001	7.97300E-001	1.57590E-009	1.88730E-009	1.24570E-009
240	12	20	1	1.32000E-002	2.40000E-003	2.10000E-003	7.00380E-009	2.00000E-009	3.75590E-009	3.47400E+000	7.58291E+002	7.59814E+002	1.52250E+000	5.81580E-001	7.97400E-001	1.47990E-009	2.14020E-009	1.00220E-009
244	14	20	1	1.31000E-002	2.50000E-003	2.00000E-003	6.80710E-009	2.10000E-009	9.08500E-010	3.44840E+000	7.60562E+002	7.61901E+002	1.33920E+000	5.77303E-001	7.94700E-001	2.03490E-009	1.81010E-009	1.29260E-009
248	16	20	1	1.32000E-002	2.50000E-003	2.20000E-003	6.54950E-009	2.00000E-009	2.15430E-009	3.44600E+000	7.58555E+002	7.60068E+002	1.51360E+000	5.73567E-001	7.94900E-001	1.69300E-009	2.23860E-009	1.89200E-009
252	18	20	1	1.32000E-002	2.40000E-003	2.10000E-003	6.69470E-009	2.00000E-009	8.71100E-010	3.47240E+000	7.66012E+002	7.67416E+002	1.40430E+000	5.73603E-001	7.96700E-001	1.79840E-009	2.06760E-009	1.91080E-009
256	20	20	1	1.32000E-002	2.50000E-003	2.10000E-003	5.60820E-009	1.80000E-009	5.05800E-010	3.44820E+000	7.63929E+002	7.65834E+002	1.90450E+000	5.75050E-001	7.96800E-001	1.71870E-009	2.09110E-009	1.63910E-009
260	22	20	1	1.32000E-002	2.40000E-003	2.10000E-003	4.28750E-009	2.10000E-009	1.16140E-009	3.45430E+000	7.76181E+002	7.77503E+002	1.32110E+000	5.77200E-001	7.96900E-001	1.71170E-009	1.93180E-009	7.21200E-010
267	22	22	1	1.32000E-002	2.50000E-003	2.10000E-003	4.22430E-009	1.70000E-009	1.03030E-009	3.48110E+000	7.83081E+002	7.84364E+002	1.28310E+000	5.69382E-001	7.96800E-001	1.42840E-009	2.11450E-009	1.08650E-009
271	20	22	1	1.32000E-002	2.40000E-003	2.10000E-003	5.30140E-009	1.70000E-009	4.40200E-010	3.47590E+000	7.71440E+002	7.73048E+002	1.60820E+000	5.76990E-001	7.96900E-001	1.39560E-009	2.00210E-009	1.00220E-009
275	18	22	1	1.33000E-002	2.50000E-003	2.10000E-003	5.87980E-009	1.90000E-009	2.81000E-011	3.48130E+000	7.72102E+002	7.73867E+002	1.76480E+000	5.74350E-001	7.97300E-001	1.64150E-009	2.25730E-009	2.52900E-010
279	16	22	1	1.32000E-002	2.50000E-003	2.10000E-003	6.83750E-009	1.70000E-009	1.63910E-009	3.45470E+000	7.61286E+002	7.62775E+002	1.48890E+000	5.77017E-001	7.96400E-001	1.41200E-009	1.83350E-009	9.92800E-010
283	14	22	1	1.31000E-002	2.40000E-003	2.10000E-003	6.94990E-009	1.70000E-009	1.87000E-011	3.47220E+000	7.61610E+002	7.63056E+002	1.44650E+000	5.78705E-001	7.96900E-001	1.68830E-009	2.15190E-009	1.18020E-009
287	12	22	1	1.32000E-002	2.50000E-003	2.10000E-003	6.81640E-009	2.00000E-009	5.43300E-010	3.47140E+000	7.50881E+002	7.52326E+002	1.44480E+000	5.81866E-001	7.97100E-001	1.58760E-009	1.81940E-009	4.68300E-010
291	10	22	1	1.31000E-002	2.40000E-003	2.10000E-003	5.44660E-009	1.90000E-009	7.49000E-011	3.47820E+000	7.64604E+002	7.66166E+002	1.56210E+000	5.82983E-001	7.97200E-001	1.53840E-009	2.14020E-009	1.21800E-010
295	8	22	1	1.32000E-002	2.50000E-003	2.00000E-003	4.36240E-009	2.10000E-009	9.55400E-010	3.47380E+000	7.86287E+002	7.88171E+002	1.88440E+000	5.62895E-001	7.97100E-001	1.87560E-009	1.85690E-009	1.71410E-009
298	8	24	1	1.35000E-002	2.40000E-003	2.00000E-003	3.88010E-009	2.00000E-009	1.42370E-009	3.50220E+000	7.76127E+002	7.78321E+002	2.19440E+000	5.63332E-001	7.99100E-001	1.79840E-009	2.19170E-009	6.18200E-010
301	10	24	1	1.32000E-002	2.60000E-003	2.10000E-003	5.02280E-009	1.80000E-009	5.62000E-010	3.48110E+000	7.72473E+002	7.74018E+002	1.54530E+000	5.75332E-001	7.97900E-001	1.69530E-009	1.76320E-009	3.46600E-010
305	12	24	1	1.32000E-002	2.50000E-003	2.10000E-003	5.65730E-009	1.90000E-009	2.52900E-010	3.47300E+000	7.60700E+002	7.62264E+002	1.56410E+000	5.84237E-001	7.97300E-001	1.73750E-009	2.16830E-009	7.11900E-010
309	14	24	1	1.32000E-002	2.50000E-003	2.00000E-003	5.94070E-009	2.00000E-009	1.80770E-009	3.47190E+000	7.63359E+002	7.65459E+002	2.09930E+000	5.76162E-001	7.96800E-001	1.69060E-009	1.93420E-009	3.18500E-010
313	16	24	1	1.31000E-002	2.50000E-003	2.10000E-003	5.28740E-009	1.80000E-009	7.96100E-010	3.46210E+000	7.65989E+002	7.67605E+002	1.61620E+000	5.69729E-001	7.96300E-001	1.44010E-009	2.09340E-009	3.84000E-010
317	18	24	1	1.32000E-002	2.50000E-003	2.10000E-003	5.18670E-009	1.90000E-009	1.43310E-009	3.47620E+000	7.72507E+002	7.74018E+002	1.51080E+000	5.76931E-001	7.97800E-001	1.81480E-009	2.30180E-009	1.91080E-009
321	20	24	1	1.32000E-002	2.50000E-003	2.10000E-003	4.36710E-009	1.80000E-009	1.02090E-009	3.47810E+000	7.78459E+002	7.79990E+002	1.53190E+000	5.74726E-001	7.97600E-001	1.44710E-009	2.01380E-009	1.63910E-009
325	22	24	1	1.34000E-002	2.40000E-003	2.00000E-003	4.42330E-009	2.10000E-009	2.34200E-010	3.47450E+000	7.83041E+002	7.84851E+002	1.81000E+000	5.56619E-001	7.97100E-001	1.56420E-009	2.06530E-009	2.12620E-009
328	20	26	1	1.33000E-002	2.40000E-003	2.00000E-003	4.95490E-009	1.90000E-009	7.21200E-010	3.46230E+000	7.83391E+002	7.85442E+002	2.05080E+000	5.57972E-001	7.96700E-001	1.60170E-009	2.07230E-009	4.68300E-010
331	18	26	1	1.32000E-002	2.50000E-003	2.10000E-003	3.88470E-009	1.90000E-009	1.45180E-009	3.47840E+000	7.84410E+002	7.85770E+002	1.35940E+000	5.67144E-001	7.97400E-001	1.38620E-009	2.20810E-009	7.21200E-010
335	16	26	1	1.32000E-002	2.50000E-003	2.10000E-003	4.29450E-009	1.70000E-009	3.18500E-010	3.47390E+000	7.80462E+002	7.82200E+002	1.73850E+000	5.68541E-001	7.98000E-001	1.56890E-009	1.97870E-009	7.58700E-010
339	14	26	1	1.32000E-002	2.40000E-003	2.00000E-003	4.46550E-009	2.00000E-009	1.00220E-009	3.46760E+000	7.75300E+002	7.77325E+002	2.02520E+000	5.72232E-001	7.97400E-001	1.56650E-009	1.92010E-009	2.81000E-010
343	12	26	1	1.32000E-002	2.50000E-003	2.10000E-003	4.99930E-009	1.90000E-009	1.02090E-009	3.47510E+000	7.77174E+002	7.78845E+002	1.67040E+000	5.71312E-001	7.97600E-001	1.58760E-009	1.78200E-009	1.65790E-009
347	10	26	1	1.33000E-002	2.40000E-003	2.00000E-003	4.28980E-009	1.80000E-009	1.40500E-010	3.47210E+000	7.79317E+002	7.81238E+002	1.92140E+000	5.60907E-001	7.98800E-001	2.25030E-009	1.92710E-009	1.45180E-009
349	12	28	1	1.46000E-002	2.30000E-003	1.90000E-003	4.43740E-009	1.20000E-009	1.42370E-009	3.49070E+000	7.68492E+002	7.71022E+002	2.52920E+000	5.66315E-001	7.98000E-001	2.09810E-009	1.19660E-009	4.68000E-011
351	14	28	1	1.34000E-002	2.30000E-003	2.00000E-003	3.87770E-009	1.60000E-009	4.49600E-010	3.47380E+000	7.80101E+002	7.81922E+002	1.82100E+000	5.58361E-001	7.98400E-001	1.88500E-009	1.68360E-009	1.59200E-010
353	16	28	1	1.35000E-002	2.40000E-003	1.90000E-003	4.22190E-009	1.80000E-009	5.71400E-010	3.47460E+000	7.81683E+002	7.83547E+002	1.86370E+000	5.57401E-001	7.97900E-001	2.08640E-009	2.03250E-009	5.62000E-011

1	15	5	3	1.28000E-002	-5.00000E-004	-8.00000E-004	1.39320E-005
2	19	7	1	1.28000E-002	-5.00000E-004	-8.00000E-004	4.15550E-009	1.20000E-009	1.34920E-009	3.49350E+000	7.59049E+002	7.61530E+002	2.48110E+000	5.68990E-001	8.00800E-001	2.54390E-009	1.32820E-009	1.65850E-009
5	17	7	1	1.32000E-002	-3.00000E-004	-6.00000E-004	3.61440E-009	1.60000E-009	2.78280E-009	3.46330E+000	7.74397E+002	7.76401E+002	2.00410E+000	5.63651E-001	8.00100E-001	1.54130E-009	1.93490E-009	2.99800E-010
9	15	7	1	1.32000E-002	-3.00000E-004	-6.00000E-004	3.75260E-009	1.50000E-009	4.15080E-009	3.46090E+000	7.78972E+002	7.81572E+002	2.59950E+000	5.59065E-001	7.99700E-001	1.48750E-009	1.86930E-009	1.18060E-009
13	13	7	1	1.32000E-002	-3.00000E-004	-5.00000E-004	3.35200E-009	1.70000E-009	1.60220E-009	3.47850E+000	7.77870E+002	7.80539E+002	2.66970E+000	5.57379E-001	8.00900E-001	1.43360E-009	1.84350E-009	1.15250E-009
16	11	7	1	1.36000E-002	-3.00000E-004	-6.00000E-004	3.12250E-009	1.50000E-009	8.37660E-009	3.50360E+000	7.50030E+002	7.54245E+002	4.21550E+000	5.63029E-001	8.01500E-001	2.01920E-009	1.94190E-009	3.74800E-010
22	9	9	1	1.31000E-002	-2.00000E-004	-5.00000E-004	3.15060E-009	1.40000E-009	8.47970E-009	3.48850E+000	7.66266E+002	7.69148E+002	2.88190E+000	5.54665E-001	7.98600E-001	1.84820E-009	1.70300E-009	1.21800E-010
26	11	9	1	1.33000E-002	-3.00000E-004	-6.00000E-004	3.58630E-009	1.60000E-009	3.29820E-009	3.47510E+000	7.86959E+002	7.89101E+002	2.14220E+000	5.55102E-001	7.98900E-001	1.62800E-009	1.76850E-009	6.27800E-010
30	13	9	1	1.33000E-002	-3.00000E-004	-6.00000E-004	4.04310E-009	1.70000E-009	4.89100E-009	3.46980E+000	7.75665E+002	7.77457E+002	1.79260E+000	5.76451E-001	7.98700E-001	1.68890E-009	1.94190E-009	3.37300E-010
34	15	9	1	1.31000E-002	-2.00000E-004	-6.00000E-004	4.37330E-009	1.90000E-009	4.73170E-009	3.46020E+000	7.64152E+002	7.65903E+002	1.75070E+000	5.83839E-001	7.99700E-001	1.57180E-009	2.17380E-009	2.71700E-010
38	17	9	1	1.31000E-002	-3.00000E-004	-6.00000E-004	4.44600E-009	1.50000E-009	2.55800E-009	3.44570E+000	7.66746E+002	7.68250E+002	1.50380E+000	5.79041E-001	8.00100E-001	1.38910E-009	1.80130E-009	8.62000E-010
42	19	9	1	1.31000E-002	-2.00000E-004	-6.00000E-004	4.17420E-009	1.70000E-009	1.26490E-009	3.45850E+000	7.75390E+002	7.76857E+002	1.46650E+000	5.70441E-001	7.99900E-001	1.60930E-009	1.82240E-009	5.90300E-010
44	21	9	1	1.28000E-002	-4.00000E-004	-7.00000E-004	4.61230E-009	1.10000E-009	1.29300E-009	3.46480E+000	7.73288E+002	7.75125E+002	1.83660E+000	5.54811E-001	7.99100E-001	2.53450E-009	1.41250E-009	1.93020E-009
47	21	11	1	1.31000E-002	-2.00000E-004	-5.00000E-004	4.03600E-009	1.60000E-009	5.71600E-010	3.46460E+000	7.75835E+002	7.77144E+002	1.30940E+000	5.67460E-001	7.99500E-001	1.65610E-009	1.89970E-009	1.18060E-009
51	19	11	1	1.32000E-002	-2.00000E-004	-5.00000E-004	4.99180E-009	1.70000E-009	1.22740E-009	3.46230E+000	7.60209E+002	7.61989E+002	1.78000E+000	5.82530E-001	7.99400E-001	1.49450E-009	2.05430E-009	1.24620E-009
55	17	11	1	1.32000E-002	-2.00000E-004	-5.00000E-004	5.68510E-009	1.60000E-009	2.74530E-009	3.47000E+000	7.55523E+002	7.56889E+002	1.36600E+000	5.82405E-001	7.99300E-001	1.41480E-009	1.82710E-009	1.90210E-009
59	15	11	1	1.32000E-002	-2.00000E-004	-5.00000E-004	5.56100E-009	1.60000E-009	5.89360E-009	3.45320E+000	7.58379E+002	7.60024E+002	1.64500E+000	5.82219E-001	7.98100E-001	1.46640E-009	1.89040E-009	2.81000E-011
63	13	11	1	1.31000E-002	-2.00000E-004	-5.00000E-004	5.03630E-009	1.70000E-009	5.48130E-009	3.47470E+000	7.65605E+002	7.67285E+002	1.67950E+000	5.80101E-001	7.99300E-001	1.71700E-009	2.01220E-009	8.62000E-010
67	11	11	1	1.32000E-002	-2.00000E-004	-5.00000E-004	4.24220E-009	1.50000E-009	8.15170E-009	3.47600E+000	7.78606E+002	7.80045E+002	1.43950E+000	5.75860E-001	7.98500E-001	1.26730E-009	1.83180E-009	8.71400E-010
71	9	11	1	1.32000E-002	-3.00000E-004	-5.00000E-004	3.75490E-009	1.70000E-009	3.71040E-009	3.47350E+000	7.85601E+002	7.87568E+002	1.96620E+000	5.56790E-001	7.99400E-001	1.57880E-009	1.92080E-009	1.33050E-009
75	7	11	1	1.32000E-002	-3.00000E-004	-6.00000E-004	4.08290E-009	1.70000E-009	2.08853E-008	3.51160E+000	7.06101E+002	7.11345E+002	5.24380E+000	5.72291E-001	8.01600E-001	1.77090E-009	1.73340E-009	5.15300E-010
81	7	13	1	1.31000E-002	-3.00000E-004	-5.00000E-004	3.47150E-009	1.70000E-009	6.71810E-009	3.48560E+000	7.74196E+002	7.76070E+002	1.87430E+000	5.60088E-001	7.99000E-001	1.53900E-009	1.96300E-009	2.34200E-010
85	9	13	1	1.32000E-002	-3.00000E-004	-5.00000E-004	3.78540E-009	1.50000E-009	2.40800E-009	3.47420E+000	7.69486E+002	7.71274E+002	1.78810E+000	5.71171E-001	7.98500E-001	1.50150E-009	2.14100E-009	9.55700E-010
89	11	13	1	1.32000E-002	-2.00000E-004	-5.00000E-004	5.13460E-009	1.40000E-009	2.97960E-009	3.48100E+000	7.66460E+002	7.67922E+002	1.46240E+000	5.75416E-001	7.98400E-001	1.26490E-009	1.88570E-009	7.77700E-010
93	13	13	1	1.32000E-002	-2.00000E-004	-5.00000E-004	6.33870E-009	1.60000E-009	6.17470E-009	3.48840E+000	7.58653E+002	7.60145E+002	1.49200E+000	5.84206E-001	7.99000E-001	1.60930E-009	1.59520E-009	9.37000E-011
97	15	13	1	1.31000E-002	-2.00000E-004	-5.00000E-004	6.20750E-009	1.50000E-009	3.64480E-009	3.46840E+000	7.58026E+002	7.59497E+002	1.47090E+000	5.85434E-001	7.98400E-001	1.65140E-009	1.67720E-009	1.58350E-009
101	17	13	1	1.32000E-002	-3.00000E-004	-5.00000E-004	6.48860E-009	1.90000E-009	6.91490E-009	3.47530E+000	7.57799E+002	7.59179E+002	1.37960E+000	5.81791E-001	7.99200E-001	1.48980E-009	1.84580E-009	5.62000E-011
105	19	13	1	1.33000E-002	-2.00000E-004	-6.00000E-004	6.13490E-009	1.60000E-009	2.27690E-009	3.47510E+000	7.56256E+002	7.57516E+002	1.26040E+000	5.76468E-001	7.99400E-001	1.68420E-009	1.69360E-009	6.93400E-010
109	21	13	1	1.33000E-002	-2.00000E-004	-6.00000E-004	4.27500E-009	1.60000E-009	3.27900E-010	3.46790E+000	7.67958E+002	7.69341E+002	1.38280E+000	5.69562E-001	7.98700E-001	1.72870E-009	1.90440E-009	7.68300E-010
112	23	13	1	1.31000E-002	-4.00000E-004	-8.00000E-004	3.98220E-009	1.40000E-009	3.46700E-010	3.47630E+000	7.81531E+002	7.83503E+002	1.97210E+000	5.46409E-001	7.98900E-001	1.80130E-009	1.83410E-009	1.05880E-009
115	23	15	1	1.31000E-002	-3.00000E-004	-6.00000E-004	3.75960E-009	1.70000E-009	5.34100E-010	3.48450E+000	7.86002E+002	7.87365E+002	1.36320E+000	5.58660E-001	7.99600E-001	1.65850E-009	1.70530E-009	9.08900E-010
119	21	15	1	1.32000E-002	-2.00000E-004	-6.00000E-004	4.86990E-009	1.90000E-009	1.16190E-009	3.47680E+000	7.66399E+002	7.67886E+002	1.48730E+000	5.75272E-001	7.98900E-001	1.59050E-009	1.83180E-009	1.22740E-009
123	19	15	1	1.32000E-002	-2.00000E-004	-5.00000E-004	6.47220E-009	2.00000E-009	2.04260E-009	3.48650E+000	7.61403E+002	7.63583E+002	2.17920E+000	5.76891E-001	7.99300E-001	1.69120E-009	1.88570E-009	1.52730E-009
127	17	15	1	1.32000E-002	-3.00000E-004	-6.00000E-004	6.37380E-009	1.80000E-009	4.78800E-009	3.45490E+000	7.55513E+002	7.57040E+002	1.52730E+000	5.75540E-001	7.98900E-001	1.66310E-009	1.88570E-009	1.02130E-009
131	15	15	1	1.32000E-002	-1.00000E-004	-5.00000E-004	6.30590E-009	2.00000E-009	4.76920E-009	3.44390E+000	7.55384E+002	7.56890E+002	1.50610E+000	5.76053E-001	7.97600E-001	1.63500E-009	1.84820E-009	7.40200E-010
135	13	15	1	1.32000E-002	-2.00000E-004	-6.00000E-004	6.04120E-009	1.80000E-009	5.79990E-009	3.45720E+000	7.62854E+002	7.64562E+002	1.70880E+000	5.75737E-001	7.97700E-001	1.57180E-009	1.87160E-009	3.93500E-010
139	11	15	1	1.31000E-002	-2.00000E-004	-5.00000E-004	5.01050E-009	1.70000E-009	1.24620E-009	3.48460E+000	7.71663E+002	7.73623E+002	1.95990E+000	5.68140E-001	7.98700E-001	1.64670E-009	2.10820E-009	1.28370E-009
143	9	15	1	1.32000E-002	-2.00000E-004	-5.00000E-004	4.14380E-009	1.70000E-009	4.77900E-010	3.47000E+000	7.71022E+002	7.72893E+002	1.87060E+000	5.78146E-001	7.99000E-001	1.56940E-009	1.91140E-009	2.34200E-010
147	7	15	1	1.32000E-002	-3.00000E-004	-5.00000E-004	3.80410E-009	1.60000E-009	9.27600E-010	3.46930E+000	7.81999E+002	7.84213E+002	2.21460E+000	5.60092E-001	7.99500E-001	1.34220E-009	2.06600E-009	1.42420E-009
153	5	17	3	1.32000E-002	-2.00000E-004	-6.00000E-004	1.39640E-005
157	7	17	1	1.32000E-002	-3.00000E-004	-6.00000E-004	3.37780E-009	1.70000E-009	8.15200E-010	3.48130E+000	7.85844E+002	7.87964E+002	2.12040E+000	5.62301E-001	7.99400E-001	1.44060E-009	1.90210E-009	1.23680E-009
161	9	17	1	1.31000E-002	-2.00000E-004	-5.00000E-004	4.25150E-009	1.60000E-009	5.24700E-010	3.47560E+000	7.62635E+002	7.64369E+002	1.73450E+000	5.83890E-001	7.99700E-001	1.46170E-009	2.01680E-009	9.55700E-010
165	11	17	1	1.32000E-002	-2.00000E-004	-5.00000E-004	5.61720E-009	1.60000E-009	8.15200E-010	3.49980E+000	7.72753E+002	7.74691E+002	1.93820E+000	5.74122E-001	7.99900E-001	1.66550E-009	2.13870E-009	1.96800E-010
169	13	17	1	1.32000E-002	-2.00000E-004	-5.00000E-004	6.35970E-009	1.40000E-009	3.12950E-009	3.45800E+000	7.61549E+002	7.63535E+002	1.98670E+000	5.71163E-001	7.98200E-001	1.37500E-009	1.83180E-009	6.65300E-010
173	15	17	1	1.32000E-002	-2.00000E-004	-5.00000E-004	6.68070E-009	1.60000E-009	2.94210E-009	3.43610E+000	7.45712E+002	7.47728E+002	2.01640E+000	5.57924E-001	7.97300E-001	1.70760E-009	1.95130E-009	1.05880E-009
177	17	17	1	1.32000E-002	-2.00000E-004	-5.00000E-004	6.35270E-009	1.80000E-009	2.95150E-009	3.44070E+000	7.58360E+002	7.59781E+002	1.42130E+000	5.70203E-001	7.98400E-001	1.53900E-009	1.62100E-009	6.46500E-010
181	19	17	1	1.32000E-002	-2.00000E-004	-5.00000E-004	6.57760E-009	1.80000E-009	1.17120E-009	3.46590E+000	7.61413E+002	7.62930E+002	1.51700E+000	5.77370E-001	7.99600E-001	1.65850E-009	1.90210E-009	1.92080E-009
185	21	17	1	1.32000E-002	-2.00000E-004	-5.00000E-004	4.94020E-009	1.80000E-009	8.90100E-010	3.47440E+000	7.67555E+002	7.69282E+002	1.72730E+000	5.77193E-001	7.98800E-001	1.55540E-009	1.90210E-009	8.80800E-010
189	23	17	1	1.32000E-002	-3.00000E-004	-5.00000E-004	3.74790E-009	1.70000E-009	4.68500E-010	3.46800E+000	7.86474E+002	7.88089E+002	1.61480E+000	5.65016E-001	7.99200E-001	1.48510E-009	2.04730E-009	2.53000E-010
193	23	19	1	1.32000E-002	-2.00000E-004	-6.00000E-004	3.62850E-009	1.50000E-009	7.87100E-010	3.47760E+000	7.87552E+002	7.89150E+002	1.59750E+000	5.65123E-001	7.99600E-001	1.41250E-009	1.94660E-009	1.59290E-009
197	21	19	1	1.32000E-002	-2.00000E-004	-5.00000E-004	5.05270E-009	1.50000E-009	9.93200E-010	3.46690E+000	7.65799E+002	7.67523E+002	1.72440E+000	5.78065E-001	7.99000E-001	1.44530E-009	1.97470E-009	5.99700E-010
201	19	19	1	1.33000E-002	-2.00000E-004	-5.00000E-004	6.10210E-009	1.60000E-009	1.59290E-009	3.44810E+000	7.63190E+002	7.64576E+002	1.38610E+000	5.78022E-001	7.99100E-001	1.46870E-009	1.80130E-009	7.87100E-010
205	17	19	1	1.32000E-002	-1.00000E-004	-5.00000E-004	6.07400E-009	1.80000E-009	1.10938E-008	3.44020E+000	7.55496E+002	7.56952E+002	1.45550E+000	5.72738E-001	7.97600E-001	1.72170E-009	2.00050E-009	3.18600E-010
209	15	19	1	1.33000E-002	-2.00000E-004	-5.00000E-004	5.90530E-009	1.70000E-009	1.02130E-009	3.44610E+000	7.55085E+002	7.56981E+002	1.89550E+000	5.73327E-001	7.97300E-001	1.46400E-009	1.95590E-009	9.18200E-010
213	13	19	1	1.32000E-002	-2.00000E-004	-4.00000E-004	6.40430E-009	1.60000E-009	9.34170E-009	3.46190E+000	7.64303E+002	7.65797E+002	1.49380E+000	5.73394E-001	7.98800E-001	1.41720E-009	1.96530E-009	2.53000E-010
217	11	19	1	1.32000E-002	-2.00000E-004	-5.00000E-004	5.87950E-009	1.80000E-009	1.91140E-009	3.49650E+000	7.71409E+002	7.73365E+002	1.95620E+000	5.74326E-001	7.99500E-001	1.51320E-009	1.91610E-009	1.29300E-009
221	9	19	1	1.32000E-002	-2.00000E-004	-5.00000E-004	4.26560E-009	1.60000E-009	7.21500E-010	3.47660E+000	7.61327E+002	7.62749E+002	1.42160E+000	5.83899E-001	7.99700E-001	1.50390E-009	1.90210E-009	1.22740E-009
225	7	19	1	1.31000E-002	-2.00000E-004	-5.00000E-004	3.63550E-009	1.90000E-009	8.24500E-010	3.46910E+000	7.81772E+002	7.83798E+002	2.02620E+000	5.64258E-001	7.99900E-001	1.75680E-009	1.98170E-009	8.80800E-010
233	7	21	1	1.32000E-002	-3.00000E-004	-6.00000E-004	2.77350E-009	1.50000E-009	8.05800E-010	3.48850E+000	7.77849E+002	7.79963E+002	2.11410E+000	5.63144E-001	8.00400E-001	1.65380E-009	1.82710E-009	1.44290E-009
237	9	21	1	1.32000E-002	-3.00000E-004	-5.00000E-004	4.61460E-009	1.70000E-009	7.30800E-010	3.47490E+000	7.66686E+002	7.68153E+002	1.46690E+000	5.81873E-001	7.99500E-001	1.56010E-009	1.83410E-009	1.46170E-009
241	11	21	1	1.32000E-002	-2.00000E-004	-5.00000E-004	6.13720E-009	1.80000E-009	1.82710E-009	3.48640E+000	7.63100E+002	7.65009E+002	1.90920E+000	5.76236E-001	8.00000E-001	1.59520E-009	1.96060E-009	1.91140E-009
245	13	21	1	1.31000E-002	-2.00000E-004	-5.00000E-004	6.92660E-009	1.80000E-009	4.34760E-009	3.47290E+000	7.62518E+002	7.64089E+002	1.57100E+000	5.80359E-001	7.99700E-001	1.84580E-009	1.83410E-009	1.96800E-010
249	15	21	1	1.32000E-002	-2.00000E-004	-5.00000E-004	6.62910E-009	1.90000E-009	2.91400E-009	3.46010E+000	7.61783E+002	7.63310E+002	1.52690E+000	5.76708E-001	7.97000E-001	1.62800E-009	1.93020E-009	7.68300E-010
253	17	21	1	1.32000E-002	-2.00000E-004	-5.00000E-004	6.48860E-009	1.80000E-009	4.55370E-009	3.46180E+000	7.60125E+002	7.61702E+002	1.57690E+000	5.75604E-001	7.99300E-001	1.74980E-009	2.05430E-009	7.59000E-010
257	19	21	1	1.32000E-002	-2.00000E-004	-5.00000E-004	5.97090E-009	1.70000E-009	2.51110E-009	3.45770E+000	7.61921E+002	7.63475E+002	1.55380E+000	5.78117E-001	7.99700E-001	1.70530E-009	1.80370E-009	6.55900E-010
261	21	21	1	1.32000E-002	-2.00000E-004	-5.00000E-004	4.48580E-009	1.80000E-009	3.18600E-010	3.47290E+000	7.73349E+002	7.74851E+002	1.50140E+000	5.77664E-001	7.99100E-001	1.59050E-009	1.96300E-009	6.37100E-010
264	23	21	1	1.31000E-002	-4.00000E-004	-7.00000E-004	3.62140E-009	1.60000E-009	1.40500E-010	3.47040E+000	7.88867E+002	7.90814E+002	1.94780E+000	5.56406E-001	7.99600E-001	1.70300E-009	1.83650E-009	1.45230E-009
268	21	23	1	1.32000E-002	-3.00000E-004	-5.00000E-004	4.05710E-009	1.50000E-009	2.71700E-010	3.46570E+000	7.80110E+002	7.81597E+002	1.48650E+000	5.73985E-001	7.99600E-001	1.41720E-009	1.93490E-009	1.19930E-009
272	19	23	1	1.32000E-002	-2.00000E-004	-5.00000E-004	5.20020E-009	1.70000E-009	5.99700E-010	3.46610E+000	7.66064E+002	7.67925E+002	1.86130E+000	5.79693E-001	7.99900E-001	1.28370E-009	1.89270E-009	1.69590E-009
276	17	23	1	1.33000E-002	-2.00000E-004	-5.00000E-004	5.60080E-009	1.70000E-009	1.91140E-009	3.46040E+000	7.61108E+002	7.62571E+002	1.46280E+000	5.75374E-001	7.99000E-001	1.49210E-009	1.98410E-009	1.52730E-009
280	15	23	1	1.32000E-002	-2.00000E-004	-5.00000E-004	6.31520E-009	1.70000E-009	1.95830E-009	3.46500E+000	7.59851E+002	7.61481E+002	1.62980E+000	5.76080E-001	7.99300E-001	1.56010E-009	1.66780E-009	1.77090E-009
284	13	23	1	1.31000E-002	-2.00000E-004	-5.00000E-004	6.50500E-009	1.50000E-009	2.90500E-010	3.47260E+000	7.61168E+002	7.62719E+002	1.55060E+000	5.78190E-001	8.00000E-001	1.44290E-009	1.92310E-009	1.18060E-009
288	11	23	1	1.32000E-002	-2.00000E-004	-6.00000E-004	5.59840E-009	1.80000E-009	1.12440E-009	3.48320E+000	7.66781E+002	7.68333E+002	1.55150E+000	5.81477E-001	7.99500E-001	1.80840E-009	1.70060E-009	8.43300E-010
292	9	23	1	1.31000E-002	-2.00000E-004	-5.00000E-004	4.32880E-009	1.80000E-009	1.31200E-010	3.47900E+000	7.78792E+002	7.80498E+002	1.70650E+000	5.70080E-001	7.99500E-001	1.42890E-009	1.91380E-009	1.11500E-009
296	7	23	1	1.32000E-002	-3.00000E-004	-6.00000E-004	3.38250E-009	2.00000E-009	2.23940E-009	3.51480E+000	7.54780E+002	7.57800E+002	3.02060E+000	5.72133E-001	8.01500E-001	1.83410E-009	1.90910E-009	1.04000E-009
302	9	25	1	1.32000E-002	-3.00000E-004	-6.00000E-004	4.08290E-009	1.60000E-009	1.68660E-009	3.48920E+000	7.78549E+002	7.81071E+002	2.52130E+000	5.59351E-001	8.01100E-001	1.94420E-009	1.67480E-009	8.62000E-010
306	11	25	1	1.32000E-002	-2.00000E-004	-6.00000E-004	4.45060E-009	1.80000E-009	2.34240E-009	3.47740E+000	7.80648E+002	7.82179E+002	1.53120E+000	5.70912E-001	7.99600E-001	1.68420E-009	1.86460E-009	1.12400E-010
310	13	25	1	1.32000E-002	-2.00000E-004	-5.00000E-004	4.95190E-009	1.80000E-009	1.31180E-009	3.47440E+000	7.68530E+002	7.70175E+002	1.64490E+000	5.80538E-001	7.99900E-001	1.61860E-009	1.93720E-009	5.62000E-011
314	15	25	1	1.31000E-002	-2.00000E-004	-5.00000E-004	4.75520E-009	1.70000E-009	1.46170E-009	3.46120E+000	7.63320E+002	7.64974E+002	1.65430E+000	5.71472E-001	7.99300E-001	1.51790E-009	1.98170E-009	1.22740E-009
318	17	25	1	1.32000E-002	-2.00000E-004	-6.00000E-004	4.62160E-009	1.70000E-009	3.37300E-010	3.46310E+000	7.68584E+002	7.70131E+002	1.54640E+000	5.77911E-001	8.00000E-001	1.78260E-009	2.05200E-009	8.90100E-010
322	19	25	1	1.32000E-002	-2.00000E-004	-5.00000E-004	4.36870E-009	1.60000E-009	8.33900E-010	3.46920E+000	7.75364E+002	7.77280E+002	1.91610E+000	5.75119E-001	7.99200E-001	1.47810E-009	1.98870E-009	6.93400E-010
326	21	25	1	1.34000E-002	-3.00000E-004	-6.00000E-004	4.29370E-009	1.80000E-009	3.75000E-011	3.47680E+000	7.83675E+002	7.85768E+002	2.09310E+000	5.57917E-001	7.99100E-001	1.54840E-009	1.96300E-009	1.04000E-009
329	19	27	1	1.33000E-002	-3.00000E-004	-6.00000E-004	4.29370E-009	1.60000E-009	1.63030E-009	3.47630E+000	7.81211E+002	7.83754E+002	2.54200E+000	5.56590E-001	7.99000E-001	1.56940E-009	1.98410E-009	1.38670E-009
332	17	27	1	1.32000E-002	-2.00000E-004	-5.00000E-004	3.45750E-009	1.70000E-009	1.39610E-009	3.47840E+000	7.82564E+002	7.84649E+002	2.08540E+000	5.66954E-001	8.00200E-001	1.50620E-009	1.97940E-009	2.00510E-009
336	15	27	1	1.32000E-002	-1.00000E-004	-5.00000E-004	3.88380E-009	1.70000E-009	1.55540E-009	3.46910E+000	7.81706E+002	7.83298E+002	1.59160E+000	5.65012E-001	8.00100E-001	1.55770E-009	1.91850E-009	8.15200E-010
340	13	27	1	1.32000E-002	-2.00000E-004	-5.00000E-004	3.91660E-009	1.70000E-009	1.62100E-009	3.47490E+000	7.84683E+002	7.87172E+002	2.48900E+000	5.61978E-001	8.00500E-001	1.39140E-009	1.74280E-009	8.62000E-010
344	11	27	1	1.32000E-002	-2.00000E-004	-6.00000E-004	4.06410E-009	1.80000E-009	1.78960E-009	3.48790E+000	7.78771E+002	7.80881E+002	2.10940E+000	5.60275E-001	8.01000E-001	1.61160E-009	1.70300E-009	9.93200E-010

6	18	7	1	1.32000E-002	-2.80000E-003	-3.00000E-003	3.65110E-009	1.60000E-009	3.56000E-010	3.49470E+000	7.73626E+002	7.75189E+002	1.56310E+000	5.61870E-001	8.03100E-001	1.76580E-009	1.83140E-009	2.46370E-009
10	16	7	1	1.32000E-002	-2.70000E-003	-3.00000E-003	3.96720E-009	1.50000E-009	1.57380E-009	3.46280E+000	7.79242E+002	7.81669E+002	2.42610E+000	5.59078E-001	8.02100E-001	1.39110E-009	1.69090E-009	1.18970E-009
14	14	7	1	1.32000E-002	-2.80000E-003	-3.00000E-003	4.02110E-009	1.80000E-009	2.89460E-009	3.47320E+000	7.79084E+002	7.81845E+002	2.76060E+000	5.58749E-001	8.02200E-001	1.64640E-009	1.84080E-009	1.38640E-009
17	12	7	1	1.36000E-002	-2.80000E-003	-3.00000E-003	3.47780E-009	1.60000E-009	3.92510E-009	3.48660E+000	7.73965E+002	7.75791E+002	1.82650E+000	5.58945E-001	8.02700E-001	1.99060E-009	1.91570E-009	2.99800E-010
18	10	7	5	1.02000E-002	-3.00000E-003	-3.30000E-003	3.89000E-009	7.00000E-010	1.41140E-005
19	8	9	5	1.01000E-002	-3.00000E-003	-3.30000E-003	4.03980E-009	6.00000E-010	1.41140E-005
23	10	9	1	1.31000E-002	-2.80000E-003	-3.00000E-003	3.66980E-009	1.30000E-009	6.06090E-009	3.46640E+000	7.79821E+002	7.81756E+002	1.93570E+000	5.52859E-001	8.00700E-001	2.01410E-009	1.71200E-009	1.68620E-009
27	12	9	1	1.33000E-002	-2.80000E-003	-3.00000E-003	3.98360E-009	1.60000E-009	6.20150E-009	3.45660E+000	7.76787E+002	7.78523E+002	1.73540E+000	5.71009E-001	8.00700E-001	1.66040E-009	1.57140E-009	1.90170E-009
31	14	9	1	1.33000E-002	-2.70000E-003	-3.00000E-003	4.37470E-009	1.70000E-009	7.92418E-008	3.46080E+000	7.71219E+002	7.73224E+002	2.00510E+000	5.79503E-001	8.02000E-001	1.79630E-009	1.87820E-009	3.50350E-009
35	16	9	1	1.31000E-002	-2.70000E-003	-3.00000E-003	4.81270E-009	1.90000E-009	7.96300E-010	3.46080E+000	7.67851E+002	7.69522E+002	1.67100E+000	5.80972E-001	8.02500E-001	1.68850E-009	2.02580E-009	1.68620E-009
39	18	9	1	1.31000E-002	-2.70000E-003	-3.00000E-003	4.50820E-009	1.40000E-009	3.21310E-009	3.43520E+000	7.75204E+002	7.76663E+002	1.45950E+000	5.73324E-001	8.01900E-001	1.38880E-009	1.62300E-009	4.68000E-011
43	20	9	1	1.31000E-002	-2.70000E-003	-3.00000E-003	4.21780E-009	1.80000E-009	2.81000E-010	3.45020E+000	7.81506E+002	7.83255E+002	1.74830E+000	5.58771E-001	8.01500E-001	1.80100E-009	1.82910E-009	1.93910E-009
48	22	11	1	1.31000E-002	-2.70000E-003	-3.00000E-003	4.01880E-009	1.60000E-009	1.33020E-009	3.45800E+000	7.79266E+002	7.81051E+002	1.78520E+000	5.52479E-001	8.01300E-001	1.85010E-009	1.84540E-009	1.73300E-009
52	20	11	1	1.32000E-002	-2.70000E-003	-3.00000E-003	4.78690E-009	1.70000E-009	2.90400E-010	3.46570E+000	7.70270E+002	7.71763E+002	1.49240E+000	5.77735E-001	8.01700E-001	1.67210E-009	1.94150E-009	7.40100E-010
56	18	11	1	1.32000E-002	-2.70000E-003	-3.00000E-003	5.51530E-009	1.50000E-009	2.35130E-009	3.47660E+000	7.61937E+002	7.63476E+002	1.53870E+000	5.81921E-001	8.02600E-001	1.44730E-009	1.70020E-009	5.90200E-010
60	16	11	1	1.32000E-002	-2.60000E-003	-2.90000E-003	5.84550E-009	1.60000E-009	2.60420E-009	3.46170E+000	7.62188E+002	7.63553E+002	1.36420E+000	5.78348E-001	8.01400E-001	1.64170E-009	1.89460E-009	7.96300E-010
64	14	11	1	1.31000E-002	-2.70000E-003	-3.00000E-003	5.99070E-009	1.60000E-009	4.81409E-008	3.45850E+000	7.58435E+002	7.60048E+002	1.61240E+000	5.81859E-001	8.01000E-001	1.72600E-009	1.86650E-009	5.23660E-009
68	12	11	1	1.32000E-002	-2.70000E-003	-3.00000E-003	5.15460E-009	1.40000E-009	5.68620E-009	3.46750E+000	7.66168E+002	7.67541E+002	1.37310E+000	5.82516E-001	8.01100E-001	1.33720E-009	1.65340E-009	1.92980E-009
72	10	11	1	1.32000E-002	-2.70000E-003	-3.00000E-003	4.28570E-009	1.70000E-009	6.32320E-009	3.46720E+000	7.77159E+002	7.78723E+002	1.56420E+000	5.70750E-001	8.01400E-001	1.73770E-009	1.85950E-009	7.68200E-010
76	8	11	1	1.32000E-002	-2.70000E-003	-3.00000E-003	3.77050E-009	1.70000E-009	3.97190E-009	3.48510E+000	7.75788E+002	7.77972E+002	2.18370E+000	5.56731E-001	8.00400E-001	1.89230E-009	1.71900E-009	1.33960E-009
78	6	13	5	1.35000E-002	-2.90000E-003	-3.20000E-003	4.57850E-009	4.00000E-010	1.41140E-005
82	8	13	1	1.31000E-002	-2.80000E-003	-3.00000E-003	4.21780E-009	1.80000E-009	3.53160E-009	3.48120E+000	7.85780E+002	7.87780E+002	2.00020E+000	5.60044E-001	8.01900E-001	1.67920E-009	1.73300E-009	4.40300E-010
86	10	13	1	1.32000E-002	-2.70000E-003	-3.00000E-003	4.45200E-009	1.50000E-009	4.89930E-009	3.47830E+000	7.64677E+002	7.66292E+002	1.61550E+000	5.73328E-001	8.01100E-001	1.53160E-009	2.02580E-009	8.61800E-010
90	12	13	1	1.32000E-002	-2.70000E-003	-3.00000E-003	6.10540E-009	1.40000E-009	6.95090E-009	3.48770E+000	7.56644E+002	7.58181E+002	1.53630E+000	5.79557E-001	8.01000E-001	1.39350E-009	1.83840E-009	1.59250E-009
94	14	13	1	1.32000E-002	-2.70000E-003	-3.00000E-003	6.81270E-009	1.60000E-009	2.90400E-009	3.46810E+000	7.58738E+002	7.60009E+002	1.27070E+000	5.86599E-001	8.00200E-001	1.71200E-009	1.44030E-009	3.93400E-010
98	16	13	1	1.31000E-002	-2.60000E-003	-3.00000E-003	6.47080E-009	1.50000E-009	2.37660E-008	3.47060E+000	7.60445E+002	7.62020E+002	1.57460E+000	5.83184E-001	8.01300E-001	1.71200E-009	1.65580E-009	9.74200E-010
102	18	13	1	1.32000E-002	-2.70000E-003	-3.00000E-003	6.37240E-009	1.80000E-009	6.65100E-010	3.49960E+000	7.69397E+002	7.71125E+002	1.72710E+000	5.75199E-001	8.02300E-001	1.54800E-009	1.70730E-009	1.27400E-009
106	20	13	1	1.33000E-002	-2.70000E-003	-3.00000E-003	5.37710E-009	1.60000E-009	3.84100E-010	3.47920E+000	7.63838E+002	7.65483E+002	1.64440E+000	5.73491E-001	8.01500E-001	1.81500E-009	1.67450E-009	1.60190E-009
110	22	13	1	1.33000E-002	-2.70000E-003	-3.00000E-003	4.02810E-009	1.70000E-009	1.77990E-009	3.47520E+000	7.77412E+002	7.78828E+002	1.41530E+000	5.62187E-001	8.01800E-001	1.83840E-009	1.70490E-009	9.18000E-010
116	24	15	1	1.31000E-002	-2.70000E-003	-3.00000E-003	3.50820E-009	1.70000E-009	9.18000E-010	3.48830E+000	7.78127E+002	7.80029E+002	1.90230E+000	5.48651E-001	8.02000E-001	1.71900E-009	1.59720E-009	5.34000E-010
120	22	15	1	1.32000E-002	-2.70000E-003	-3.00000E-003	4.19910E-009	1.90000E-009	1.14290E-009	3.47520E+000	7.73557E+002	7.74833E+002	1.27560E+000	5.74315E-001	8.01800E-001	1.75180E-009	1.78220E-009	1.01170E-009
124	20	15	1	1.32000E-002	-2.70000E-003	-3.00000E-003	5.93210E-009	2.00000E-009	1.53630E-009	3.47030E+000	7.55932E+002	7.57972E+002	2.03950E+000	5.73365E-001	8.01800E-001	1.69090E-009	1.65110E-009	6.56000E-011
128	18	15	1	1.32000E-002	-2.70000E-003	-3.00000E-003	6.98130E-009	1.70000E-009	2.37940E-009	3.47570E+000	7.62405E+002	7.63870E+002	1.46510E+000	5.71830E-001	8.02000E-001	1.84080E-009	1.87590E-009	1.07730E-009
132	16	15	1	1.32000E-002	-2.70000E-003	-3.00000E-003	6.75420E-009	1.90000E-009	2.12650E-009	3.45210E+000	7.57826E+002	7.59376E+002	1.54930E+000	5.73765E-001	8.00600E-001	1.71200E-009	1.61830E-009	1.81730E-009
136	14	15	1	1.32000E-002	-2.70000E-003	-3.00000E-003	6.32790E-009	1.70000E-009	3.56000E-010	3.44110E+000	7.59848E+002	7.61255E+002	1.40650E+000	5.75489E-001	7.99800E-001	1.67450E-009	1.74710E-009	1.32090E-009
140	12	15	1	1.31000E-002	-2.70000E-003	-3.00000E-003	6.30920E-009	1.80000E-009	4.70260E-009	3.47700E+000	7.63436E+002	7.65166E+002	1.72920E+000	5.78365E-001	8.00800E-001	1.80100E-009	1.94620E-009	2.09840E-009
144	10	15	1	1.32000E-002	-2.70000E-003	-3.00000E-003	5.34200E-009	1.70000E-009	5.52700E-010	3.47790E+000	7.57855E+002	7.59567E+002	1.71270E+000	5.78319E-001	8.01800E-001	1.62300E-009	1.74010E-009	1.94850E-009
148	8	15	1	1.32000E-002	-2.70000E-003	-3.00000E-003	3.95550E-009	1.70000E-009	4.68400E-010	3.48060E+000	7.76129E+002	7.78111E+002	1.98240E+000	5.73563E-001	8.01500E-001	1.51290E-009	1.99770E-009	1.31150E-009
150	6	15	1	1.35000E-002	-2.90000E-003	-3.10000E-003	3.85010E-009	1.40000E-009	4.76820E-009	3.51470E+000	7.59258E+002	7.61613E+002	2.35450E+000	5.66197E-001	8.03100E-001	1.79630E-009	1.32790E-009	2.59490E-009
154	6	17	1	1.32000E-002	-2.80000E-003	-3.10000E-003	4.46140E-009	1.50000E-009	4.96500E-010	3.50880E+000	7.71891E+002	7.73851E+002	1.96030E+000	5.64430E-001	8.02900E-001	1.55270E-009	1.80330E-009	1.55500E-009
158	8	17	1	1.32000E-002	-2.70000E-003	-3.00000E-003	3.77050E-009	1.70000E-009	1.63940E-009	3.47670E+000	7.70294E+002	7.72076E+002	1.78210E+000	5.78777E-001	8.02100E-001	1.59490E-009	1.75880E-009	1.34900E-009
162	10	17	1	1.31000E-002	-2.70000E-003	-2.90000E-003	5.69330E-009	1.60000E-009	6.27600E-010	3.47380E+000	7.53625E+002	7.55237E+002	1.61240E+000	5.81741E-001	8.01900E-001	1.49180E-009	1.94150E-009	1.03050E-009
166	12	17	1	1.32000E-002	-2.70000E-003	-3.00000E-003	6.65110E-009	1.80000E-009	3.88760E-009	3.46480E+000	7.63116E+002	7.64576E+002	1.46050E+000	5.74780E-001	8.01700E-001	1.88760E-009	1.99300E-009	1.40520E-009
170	14	17	1	1.32000E-002	-2.70000E-003	-3.00000E-003	6.47550E-009	1.30000E-009	2.47310E-009	3.44640E+000	7.58154E+002	7.59949E+002	1.79530E+000	5.70728E-001	8.00000E-001	1.44730E-009	1.65810E-009	1.53630E-009
174	16	17	1	1.32000E-002	-2.70000E-003	-3.00000E-003	6.34200E-009	1.70000E-009	7.58800E-010	3.43980E+000	7.62662E+002	7.64496E+002	1.83450E+000	5.55025E-001	8.00300E-001	1.72600E-009	1.81030E-009	7.02600E-010
178	18	17	1	1.32000E-002	-2.60000E-003	-3.00000E-003	6.81740E-009	1.70000E-009	5.71400E-010	3.46260E+000	7.63595E+002	7.65311E+002	1.71580E+000	5.69817E-001	8.02400E-001	1.52230E-009	1.42860E-009	1.40500E-010
182	20	17	1	1.32000E-002	-2.70000E-003	-3.00000E-003	5.98830E-009	1.80000E-009	3.09100E-010	3.47690E+000	7.65723E+002	7.67712E+002	1.98930E+000	5.76146E-001	8.01700E-001	1.65810E-009	1.87360E-009	9.37000E-011
186	22	17	1	1.32000E-002	-2.80000E-003	-2.90000E-003	4.51760E-009	1.80000E-009	1.08670E-009	3.46520E+000	7.72846E+002	7.74309E+002	1.46360E+000	5.77472E-001	8.01400E-001	1.63230E-009	1.66510E-009	1.03000E-010
190	24	17	1	1.32000E-002	-2.70000E-003	-3.00000E-003	3.54340E-009	1.60000E-009	2.09840E-009	3.47060E+000	7.82515E+002	7.84336E+002	1.82010E+000	5.52866E-001	8.02000E-001	1.56440E-009	1.95790E-009	1.09600E-009
194	24	19	1	1.32000E-002	-2.70000E-003	-3.00000E-003	3.69790E-009	1.60000E-009	1.03050E-009	3.46070E+000	7.82018E+002	7.83977E+002	1.95900E+000	5.56644E-001	8.02300E-001	1.55740E-009	1.80330E-009	1.08670E-009
198	22	19	1	1.32000E-002	-2.70000E-003	-3.00000E-003	4.56680E-009	1.50000E-009	1.16160E-009	3.46040E+000	7.74473E+002	7.75980E+002	1.50700E+000	5.77524E-001	8.01900E-001	1.49180E-009	1.78690E-009	5.90200E-010
202	20	19	1	1.33000E-002	-2.70000E-003	-3.00000E-003	5.88760E-009	1.60000E-009	8.24400E-010	3.46340E+000	7.61325E+002	7.63263E+002	1.93790E+000	5.77762E-001	8.01700E-001	1.65580E-009	1.75650E-009	1.96700E-010
206	18	19	1	1.32000E-002	-2.70000E-003	-3.00000E-003	6.60190E-009	1.80000E-009	5.67690E-009	3.46270E+000	7.61892E+002	7.63433E+002	1.54090E+000	5.73584E-001	8.01800E-001	1.86890E-009	1.83610E-009	2.31380E-009
210	16	19	1	1.33000E-002	-2.60000E-003	-2.90000E-003	6.04450E-009	1.60000E-009	2.43560E-009	3.44950E+000	7.55845E+002	7.57488E+002	1.64260E+000	5.72109E-001	7.99600E-001	1.51290E-009	1.86890E-009	1.83610E-009
214	14	19	1	1.32000E-002	-2.70000E-003	-3.00000E-003	6.48480E-009	1.70000E-009	8.43100E-010	3.45080E+000	7.60770E+002	7.62712E+002	1.94210E+000	5.71422E-001	7.99700E-001	1.49880E-009	1.82670E-009	1.40500E-010
218	12	19	1	1.32000E-002	-2.60000E-003	-3.00000E-003	6.97200E-009	1.70000E-009	6.39820E-009	3.47850E+000	7.59882E+002	7.61373E+002	1.49070E+000	5.78419E-001	8.01500E-001	1.58550E-009	1.68850E-009	2.00470E-009
222	10	19	1	1.32000E-002	-2.70000E-003	-3.00000E-003	5.86420E-009	1.60000E-009	1.00230E-009	3.48710E+000	7.51909E+002	7.53437E+002	1.52810E+000	5.82375E-001	8.02300E-001	1.60660E-009	1.82200E-009	1.05860E-009
226	8	19	1	1.31000E-002	-2.70000E-003	-3.00000E-003	4.09610E-009	1.90000E-009	6.27600E-010	3.47700E+000	7.69436E+002	7.71034E+002	1.59770E+000	5.78356E-001	8.02100E-001	1.87120E-009	1.73770E-009	1.63000E-009
228	6	19	1	1.34000E-002	-2.90000E-003	-3.20000E-003	3.54570E-009	1.80000E-009	7.86900E-010	3.51540E+000	7.65145E+002	7.66671E+002	1.52590E+000	5.67632E-001	8.02900E-001	1.92740E-009	1.82200E-009	5.71400E-010
230	6	21	1	1.35000E-002	-2.90000E-003	-3.20000E-003	3.23660E-009	1.20000E-009	4.98360E-009	3.54740E+000	7.25221E+002	7.28417E+002	3.19560E+000	5.80652E-001	8.04500E-001	1.88060E-009	1.40980E-009	9.08700E-010
234	8	21	1	1.32000E-002	-2.70000E-003	-3.00000E-003	3.43330E-009	1.50000E-009	6.65100E-010	3.47700E+000	7.76181E+002	7.78043E+002	1.86200E+000	5.70659E-001	8.02200E-001	1.71430E-009	1.75410E-009	9.08700E-010
238	10	21	1	1.32000E-002	-2.80000E-003	-3.00000E-003	5.66050E-009	1.60000E-009	2.24800E-010	3.48280E+000	7.62129E+002	7.63689E+002	1.56030E+000	5.82655E-001	8.02800E-001	1.61590E-009	1.61130E-009	1.07730E-009
242	12	21	1	1.32000E-002	-2.70000E-003	-3.00000E-003	7.04460E-009	1.80000E-009	3.27870E-009	3.48540E+000	7.56305E+002	7.58127E+002	1.82230E+000	5.81137E-001	8.02500E-001	1.63470E-009	1.84310E-009	3.46600E-010
246	14	21	1	1.31000E-002	-2.70000E-003	-2.90000E-003	7.15230E-009	1.80000E-009	1.38830E-008	3.45660E+000	7.62221E+002	7.64466E+002	2.24510E+000	5.76539E-001	8.00700E-001	1.94620E-009	1.61360E-009	3.68150E-009
250	16	21	1	1.32000E-002	-2.70000E-003	-2.90000E-003	6.63000E-009	1.80000E-009	1.33584E-008	3.45570E+000	7.62906E+002	7.64371E+002	1.46470E+000	5.73825E-001	7.99800E-001	1.73300E-009	1.85480E-009	3.35370E-009
254	18	21	1	1.32000E-002	-2.70000E-003	-3.00000E-003	6.48720E-009	1.70000E-009	1.37050E-008	3.48140E+000	7.65276E+002	7.66853E+002	1.57730E+000	5.76354E-001	8.02400E-001	1.74470E-009	1.87120E-009	8.80600E-010
258	20	21	1	1.32000E-002	-2.70000E-003	-3.00000E-003	5.56210E-009	1.70000E-009	1.51760E-009	3.47700E+000	7.64897E+002	7.66493E+002	1.59620E+000	5.74916E-001	8.01900E-001	1.81970E-009	1.76580E-009	1.84540E-009
262	22	21	1	1.32000E-002	-2.70000E-003	-3.00000E-003	4.10310E-009	1.80000E-009	1.88290E-009	3.47450E+000	7.78204E+002	7.79621E+002	1.41700E+000	5.74190E-001	8.02100E-001	1.71900E-009	1.72840E-009	1.33960E-009
269	22	23	1	1.32000E-002	-2.80000E-003	-3.00000E-003	3.90400E-009	1.50000E-009	1.13350E-009	3.47370E+000	7.85935E+002	7.88019E+002	2.08490E+000	5.61937E-001	8.01900E-001	1.62060E-009	1.84310E-009	1.43330E-009
273	20	23	1	1.32000E-002	-2.70000E-003	-3.00000E-003	5.03280E-009	1.50000E-009	1.52690E-009	3.47030E+000	7.73517E+002	7.75256E+002	1.73910E+000	5.76807E-001	8.02100E-001	1.33020E-009	1.73300E-009	8.05600E-010
277	18	23	1	1.33000E-002	-2.60000E-003	-3.00000E-003	5.38880E-009	1.80000E-009	1.27400E-009	3.47560E+000	7.66299E+002	7.68128E+002	1.82800E+000	5.74812E-001	8.02300E-001	1.70730E-009	1.89230E-009	1.68620E-009
281	16	23	1	1.32000E-002	-2.60000E-003	-3.00000E-003	6.17340E-009	1.60000E-009	1.30210E-009	3.46240E+000	7.61926E+002	7.63291E+002	1.36440E+000	5.73596E-001	8.01400E-001	1.58780E-009	1.51520E-009	4.87100E-010
285	14	23	1	1.31000E-002	-2.70000E-003	-3.00000E-003	6.74010E-009	1.50000E-009	6.08900E-010	3.46650E+000	7.61537E+002	7.63609E+002	2.07210E+000	5.75309E-001	8.02200E-001	1.68150E-009	1.83610E-009	1.36770E-009
289	12	23	1	1.32000E-002	-2.70000E-003	-3.00000E-003	6.58080E-009	1.70000E-009	2.81000E-011	3.46790E+000	7.57042E+002	7.58482E+002	1.44000E+000	5.81875E-001	8.02200E-001	1.71200E-009	1.47540E-009	4.96500E-010
293	10	23	1	1.31000E-002	-2.70000E-003	-3.00000E-003	5.36070E-009	1.80000E-009	1.91100E-009	3.47410E+000	7.68429E+002	7.69908E+002	1.47870E+000	5.79862E-001	8.02200E-001	1.61590E-009	1.82200E-009	2.06100E-010
297	8	23	1	1.32000E-002	-2.70000E-003	-3.00000E-003	4.34900E-009	1.80000E-009	2.47310E-009	3.47500E+000	7.81751E+002	7.84156E+002	2.40570E+000	5.60700E-001	8.02500E-001	1.90170E-009	1.68150E-009	1.85480E-009
299	8	25	1	1.35000E-002	-2.90000E-003	-3.20000E-003	4.44500E-009	1.60000E-009	3.75000E-011	3.51630E+000	7.51434E+002	7.54714E+002	3.27960E+000	5.73126E-001	8.04600E-001	1.87590E-009	1.69560E-009	6.74500E-010
303	10	25	1	1.32000E-002	-2.80000E-003	-3.00000E-003	4.51060E-009	1.60000E-009	2.73540E-009	3.47060E+000	7.83725E+002	7.86125E+002	2.40040E+000	5.63386E-001	8.02800E-001	1.85720E-009	1.52690E-009	8.89900E-010
307	12	25	1	1.32000E-002	-2.70000E-003	-3.00000E-003	5.00000E-009	1.80000E-009	5.62000E-011	3.47310E+000	7.67307E+002	7.68722E+002	1.41560E+000	5.80762E-001	8.02500E-001	1.82200E-009	1.87590E-009	7.96300E-010
311	14	25	1	1.32000E-002	-2.70000E-003	-3.00000E-003	5.18270E-009	1.80000E-009	2.52930E-009	3.46980E+000	7.67427E+002	7.69060E+002	1.63290E+000	5.78542E-001	8.02400E-001	1.68620E-009	1.74470E-009	5.71400E-010
315	16	25	1	1.31000E-002	-2.70000E-003	-3.00000E-003	4.55040E-009	1.60000E-009	3.75000E-011	3.46650E+000	7.71825E+002	7.73604E+002	1.77850E+000	5.70262E-001	8.02100E-001	1.57610E-009	1.88530E-009	6.74500E-010
319	18	25	1	1.32000E-002	-2.70000E-003	-3.00000E-003	4.75880E-009	1.70000E-009	1.84540E-009	3.48010E+000	7.76939E+002	7.79130E+002	2.19110E+000	5.75473E-001	8.02800E-001	1.81730E-009	1.90400E-009	1.45200E-009
323	20	25	1	1.32000E-002	-2.70000E-003	-3.00000E-003	4.36770E-009	1.50000E-009	7.77500E-010	3.47040E+000	7.83977E+002	7.85829E+002	1.85230E+000	5.66869E-001	8.01700E-001	1.55740E-009	1.90630E-009	1.91100E-009
333	18	27	1	1.32000E-002	-2.70000E-003	-3.00000E-003	3.89930E-009	1.80000E-009	9.93000E-010	3.48640E+000	7.85739E+002	7.88085E+002	2.34590E+000	5.57121E-001	8.02600E-001	1.51520E-009	1.84080E-009	1.59300E-010
337	16	27	1	1.32000E-002	-2.70000E-003	-3.00000E-003	3.93910E-009	1.50000E-009	1.96700E-010	3.47490E+000	7.84373E+002	7.86068E+002	1.69490E+000	5.62959E-001	8.03000E-001	1.62760E-009	1.74240E-009	9.08700E-010
341	14	27	1	1.32000E-002	-2.70000E-003	-3.00000E-003	3.87360E-009	1.80000E-009	3.56000E-010	3.47070E+000	7.82020E+002	7.83707E+002	1.68780E+000	5.65764E-001	8.02800E-001	1.57140E-009	1.70020E-009	2.52900E-010
345	12	27	1	1.32000E-002	-2.80000E-003	-3.00000E-003	4.76350E-009	1.70000E-009	2.30450E-009	3.47820E+000	7.81558E+002	7.83900E+002	2.34230E+000	5.59995E-001	8.02800E-001	1.66510E-009	1.53160E-009	1.36770E-009
348	10	27	1	1.33000E-002	-2.80000E-003	-3.10000E-003	3.76350E-009	1.60000E-009	2.56680E-009	3.49590E+000	7.60441E+002	7.63178E+002	2.73660E+000	5.71640E-001	8.04200E-001	2.13120E-009	1.54100E-009	1.77050E-009

