Program name	H0192AB_E4_CP1.dll
Lot number	C146419.00-CPTSTE07-250312-170641@CP
Wafer number	09
Date	2025/03/12
Time	17:09:38

No.U	X	Y	Bin	CONT@D	CONT@G	CONT@S	IGSS1	IGSSR1	IDSS1	VTH	BVDSS1	BVDSS2	BV2-BV1	RDSON1	VFSDS	IGSS2	IGSSR2	IDSS3
LimitU				0.5V	0.5V	0.5V	80nA	3uA	200nA	4V	900V	900V	50V	640mohm	1V	80nA	80nA	150nA
LimitL				-0.5V	-0.5V	-0.5V	0nA	0uA	0nA	3V	700V	700V	-10V	0mohm	0V	0nA	0nA	0nA
Bias 1				 	 	 	 	 	 	100uA	250uA	1mA	 	1A	 	 	 	 
Bias 2				 	 	 	 	 	 	 	 	 	 	 	2A	 	 	 
Bias 3				2V	 	 	 	 	700V	 	 	 	 	 	 	 	 	600V
Bias 4				 	2V	 	30V	-30V	 	 	 	 	 	10V	0V	20V	-20V	 
Bias 5				1000uS	8000uS	8000uS	12000uS	12000uS	10000uS	2000uS	10000uS	8000uS	1000uS	50000uS	5000uS	12000uS	12000uS	10000uS
Bias 6				 	 	 	 	 	 	 	 	 	 	 	 	 	 	 
3	17	6	1	1.32000E-002	1.20000E-003	9.00000E-004	2.81730E-009	1.60000E-009	6.94140E-009	3.49690E+000	7.34984E+002	7.38177E+002	3.19310E+000	5.80511E-001	7.99000E-001	1.01870E-009	1.92970E-009	2.20140E-009
7	15	6	1	1.32000E-002	1.20000E-003	9.00000E-004	3.33250E-009	1.70000E-009	5.42390E-009	3.50010E+000	7.50987E+002	7.53945E+002	2.95770E+000	5.76154E-001	7.98600E-001	1.11240E-009	2.03510E-009	2.66980E-009
11	13	6	1	1.31000E-002	1.20000E-003	9.00000E-004	3.59480E-009	1.50000E-009	5.26460E-009	3.51260E+000	7.37444E+002	7.41325E+002	3.88090E+000	5.71629E-001	8.00300E-001	1.12880E-009	1.94380E-009	1.77050E-009
20	9	8	5	1.32000E-002	1.20000E-003	9.00000E-004	3.16860E-009	1.60000E-009	1.38140E-005
24	11	8	1	1.32000E-002	1.20000E-003	9.00000E-004	3.39810E-009	1.60000E-009	5.18970E-009	3.48100E+000	7.79656E+002	7.81497E+002	1.84100E+000	5.51609E-001	7.98600E-001	1.23890E-009	1.66280E-009	2.24820E-009
28	13	8	1	1.33000E-002	1.20000E-003	9.00000E-004	3.44960E-009	1.60000E-009	1.12410E-009	3.46690E+000	7.81767E+002	7.83854E+002	2.08700E+000	5.63818E-001	7.98300E-001	1.22480E-009	1.76580E-009	6.83800E-010
32	15	8	1	1.33000E-002	1.20000E-003	9.00000E-004	4.23420E-009	1.60000E-009	2.73530E-009	3.46160E+000	7.70324E+002	7.71942E+002	1.61750E+000	5.77657E-001	7.98600E-001	1.23180E-009	2.21080E-009	2.51990E-009
36	17	8	1	1.32000E-002	1.30000E-003	9.00000E-004	3.91330E-009	1.70000E-009	5.18970E-009	3.45780E+000	7.72542E+002	7.74260E+002	1.71820E+000	5.72066E-001	7.99000E-001	1.49880E-009	2.05620E-009	1.87000E-011
40	19	8	1	1.32000E-002	1.40000E-003	1.00000E-003	3.81030E-009	1.20000E-009	4.34660E-009	3.44970E+000	7.76378E+002	7.79261E+002	2.88300E+000	5.63680E-001	7.97800E-001	1.02580E-009	1.93910E-009	1.76110E-009
45	21	10	1	1.32000E-002	1.20000E-003	1.00000E-003	3.50110E-009	1.70000E-009	8.55260E-009	3.45820E+000	7.79275E+002	7.81759E+002	2.48400E+000	5.58483E-001	7.96900E-001	1.26460E-009	1.90870E-009	1.33960E-009
49	19	10	1	1.31000E-002	1.30000E-003	9.00000E-004	4.12880E-009	1.70000E-009	8.81490E-009	3.46040E+000	7.64316E+002	7.65864E+002	1.54870E+000	5.80530E-001	7.97600E-001	1.10300E-009	1.64640E-009	2.11710E-009
53	17	10	1	1.32000E-002	1.30000E-003	9.00000E-004	4.58310E-009	1.80000E-009	4.96480E-009	3.46160E+000	7.57677E+002	7.59690E+002	2.01310E+000	5.84857E-001	7.97700E-001	1.06560E-009	1.81970E-009	2.96020E-009
57	15	10	1	1.32000E-002	1.30000E-003	9.00000E-004	4.99530E-009	1.60000E-009	3.54002E-008	3.46200E+000	7.55324E+002	7.57075E+002	1.75100E+000	5.87087E-001	7.98700E-001	1.20370E-009	1.77750E-009	1.09600E-009
61	13	10	1	1.33000E-002	1.30000E-003	9.00000E-004	4.82900E-009	1.50000E-009	3.98120E-009	3.47700E+000	7.62249E+002	7.64016E+002	1.76710E+000	5.82625E-001	7.98700E-001	1.12880E-009	1.84070E-009	1.89230E-009
65	11	10	1	1.31000E-002	1.30000E-003	1.00000E-003	4.17330E-009	1.70000E-009	1.39580E-009	3.48060E+000	7.80673E+002	7.82306E+002	1.63320E+000	5.70963E-001	7.98700E-001	7.49400E-010	1.75170E-009	2.84780E-009
69	9	10	1	1.32000E-002	1.30000E-003	9.00000E-004	3.42850E-009	1.60000E-009	6.97890E-009	3.47740E+000	7.78338E+002	7.80449E+002	2.11080E+000	5.54656E-001	7.97900E-001	9.93000E-010	1.91570E-009	1.91100E-009
73	7	10	2	1.32000E-002	4.09300E+000
79	7	12	1	1.33000E-002	1.30000E-003	9.00000E-004	3.17330E-009	1.50000E-009	8.40280E-009	3.49130E+000	7.56460E+002	7.59281E+002	2.82120E+000	5.66773E-001	7.98100E-001	1.37940E-009	1.94140E-009	3.65300E-010
83	9	12	1	1.32000E-002	1.20000E-003	9.00000E-004	3.57840E-009	1.60000E-009	1.93910E-009	3.47510E+000	7.79224E+002	7.80799E+002	1.57500E+000	5.68602E-001	7.97900E-001	1.30910E-009	1.77280E-009	1.73300E-009
87	11	12	1	1.32000E-002	1.30000E-003	1.00000E-003	4.55730E-009	1.60000E-009	2.48240E-009	3.48360E+000	7.66264E+002	7.67744E+002	1.48020E+000	5.79090E-001	7.98400E-001	1.33720E-009	1.83840E-009	2.96020E-009
91	13	12	1	1.32000E-002	1.30000E-003	9.00000E-004	5.63230E-009	1.80000E-009	4.58080E-009	3.47320E+000	7.49704E+002	7.51708E+002	2.00420E+000	5.83431E-001	7.98400E-001	1.05850E-009	1.80330E-009	1.70490E-009
95	15	12	5	1.31000E-002	1.20000E-003	9.00000E-004	5.71420E-009	1.70000E-009	2.21497E-007
99	17	12	1	1.33000E-002	1.30000E-003	1.00000E-003	5.40750E-009	1.60000E-009	5.17090E-009	3.46010E+000	7.52786E+002	7.54510E+002	1.72430E+000	5.82996E-001	7.97900E-001	9.22700E-010	1.99300E-009	3.46600E-010
103	19	12	1	1.32000E-002	1.40000E-003	1.00000E-003	4.96950E-009	1.70000E-009	2.59480E-009	3.45890E+000	7.58007E+002	7.59631E+002	1.62440E+000	5.80801E-001	7.97900E-001	1.28800E-009	1.90160E-009	1.51760E-009
107	21	12	1	1.32000E-002	1.30000E-003	1.00000E-003	3.94380E-009	1.50000E-009	4.98360E-009	3.45300E+000	7.70768E+002	7.72340E+002	1.57290E+000	5.73457E-001	7.97500E-001	9.71900E-010	2.10770E-009	2.20140E-009
111	23	12	1	1.31000E-002	1.20000E-003	9.00000E-004	3.51050E-009	1.70000E-009	6.82900E-009	3.47500E+000	7.75894E+002	7.77804E+002	1.90980E+000	5.45774E-001	7.97700E-001	1.58780E-009	1.86420E-009	2.06100E-010
113	23	14	1	1.32000E-002	1.30000E-003	9.00000E-004	3.35830E-009	1.60000E-009	2.06100E-010	3.47750E+000	7.83128E+002	7.84977E+002	1.84970E+000	5.52616E-001	7.97500E-001	1.03280E-009	1.73300E-009	3.43790E-009
117	21	14	1	1.32000E-002	1.30000E-003	9.00000E-004	4.22950E-009	1.90000E-009	2.45430E-009	3.46240E+000	7.61978E+002	7.63424E+002	1.44630E+000	5.72155E-001	7.97500E-001	1.13110E-009	1.86880E-009	3.17560E-009
121	19	14	1	1.32000E-002	1.30000E-003	9.00000E-004	5.75640E-009	1.70000E-009	2.20140E-009	3.46730E+000	7.55507E+002	7.57127E+002	1.62000E+000	5.78101E-001	7.97900E-001	8.22000E-010	1.97420E-009	2.69790E-009
125	17	14	1	1.32000E-002	1.30000E-003	9.00000E-004	6.05620E-009	1.50000E-009	5.77050E-009	3.45730E+000	7.62070E+002	7.63647E+002	1.57640E+000	5.77824E-001	7.97300E-001	1.22720E-009	1.95310E-009	4.49600E-010
129	15	14	1	1.32000E-002	1.30000E-003	9.00000E-004	6.01170E-009	1.30000E-009	6.90390E-009	3.41220E+000	7.58881E+002	7.60355E+002	1.47380E+000	5.79770E-001	7.96600E-001	1.00000E-009	1.94140E-009	9.18000E-010
133	13	14	1	1.32000E-002	1.30000E-003	1.00000E-003	6.20600E-009	1.60000E-009	5.65800E-009	3.46990E+000	7.53686E+002	7.55838E+002	2.15110E+000	5.81827E-001	7.98600E-001	9.88300E-010	1.97420E-009	2.60420E-009
137	11	14	1	1.32000E-002	1.30000E-003	9.00000E-004	5.44960E-009	1.50000E-009	3.46600E-009	3.48130E+000	7.60726E+002	7.62516E+002	1.79060E+000	5.72993E-001	7.98200E-001	9.18000E-010	1.84310E-009	2.43560E-009
141	9	14	1	1.32000E-002	1.40000E-003	1.00000E-003	4.26460E-009	1.70000E-009	9.27400E-010	3.47960E+000	7.65690E+002	7.67038E+002	1.34810E+000	5.75794E-001	7.98000E-001	1.05620E-009	1.89460E-009	3.16630E-009
145	7	14	1	1.32000E-002	1.30000E-003	9.00000E-004	3.74240E-009	1.70000E-009	2.04210E-009	3.47380E+000	7.78983E+002	7.81032E+002	2.04890E+000	5.58186E-001	7.98200E-001	1.17560E-009	1.84070E-009	1.44260E-009
151	5	16	2	1.33000E-002	4.09300E+000
155	7	16	1	1.32000E-002	1.30000E-003	9.00000E-004	3.48480E-009	1.70000E-009	1.94850E-009	3.47260E+000	7.83161E+002	7.85152E+002	1.99160E+000	5.62609E-001	7.98400E-001	1.20370E-009	1.85710E-009	2.14520E-009
159	9	16	1	1.32000E-002	1.40000E-003	9.00000E-004	4.34190E-009	1.40000E-009	1.77980E-009	3.48130E+000	7.61943E+002	7.63434E+002	1.49060E+000	5.81987E-001	7.98700E-001	1.09840E-009	1.72130E-009	1.05850E-009
163	11	16	1	1.32000E-002	1.40000E-003	9.00000E-004	5.47540E-009	1.60000E-009	2.04210E-009	3.49270E+000	7.68009E+002	7.70168E+002	2.15940E+000	5.72838E-001	7.98100E-001	1.46840E-009	1.79620E-009	2.16390E-009
167	13	16	1	1.32000E-002	1.30000E-003	9.00000E-004	6.23180E-009	1.70000E-009	4.30910E-009	3.45300E+000	7.60606E+002	7.62168E+002	1.56150E+000	5.72447E-001	7.98400E-001	1.13350E-009	2.03980E-009	1.12400E-010
171	15	16	1	1.31000E-002	1.30000E-003	9.00000E-004	6.14750E-009	1.40000E-009	2.62290E-009	3.42770E+000	7.56267E+002	7.57849E+002	1.58180E+000	5.67769E-001	7.96400E-001	8.64200E-010	1.79160E-009	1.62060E-009
175	17	16	1	1.31000E-002	1.20000E-003	9.00000E-004	5.90160E-009	1.60000E-009	3.10070E-009	3.44960E+000	7.63599E+002	7.65134E+002	1.53580E+000	5.69435E-001	7.97100E-001	1.11940E-009	1.74000E-009	2.30440E-009
179	19	16	1	1.33000E-002	1.30000E-003	9.00000E-004	5.84770E-009	1.50000E-009	2.28570E-009	3.46090E+000	7.57820E+002	7.59379E+002	1.55870E+000	5.78354E-001	7.98000E-001	1.24120E-009	1.71430E-009	1.18970E-009
183	21	16	1	1.32000E-002	1.30000E-003	9.00000E-004	4.99530E-009	1.20000E-009	6.37000E-010	3.47580E+000	7.63720E+002	7.65548E+002	1.82730E+000	5.77344E-001	7.98100E-001	1.05390E-009	1.74710E-009	2.91330E-009
187	23	16	1	1.32000E-002	1.30000E-003	1.00000E-003	3.60650E-009	1.40000E-009	6.27600E-010	3.47630E+000	7.86629E+002	7.88338E+002	1.70830E+000	5.62181E-001	7.97900E-001	1.16160E-009	1.90160E-009	2.86650E-009
191	23	18	1	1.31000E-002	1.30000E-003	9.00000E-004	3.62760E-009	1.60000E-009	2.15460E-009	3.47280E+000	7.85655E+002	7.87115E+002	1.45910E+000	5.66372E-001	7.98000E-001	1.09600E-009	1.68150E-009	7.02600E-010
195	21	18	1	1.33000E-002	1.30000E-003	1.00000E-003	4.46130E-009	1.40000E-009	1.13350E-009	3.46570E+000	7.67927E+002	7.69960E+002	2.03340E+000	5.75352E-001	7.97700E-001	9.85900E-010	1.79620E-009	2.23890E-009
199	19	18	1	1.32000E-002	1.30000E-003	1.00000E-003	5.56670E-009	1.40000E-009	2.24820E-009	3.44990E+000	7.65193E+002	7.66593E+002	1.39960E+000	5.77367E-001	7.98400E-001	1.26230E-009	1.90870E-009	2.45430E-009
203	17	18	1	1.31000E-002	1.30000E-003	1.00000E-003	5.98360E-009	1.60000E-009	5.92030E-009	3.44140E+000	7.66562E+002	7.67891E+002	1.32940E+000	5.66522E-001	7.96800E-001	1.07030E-009	1.70720E-009	1.17100E-009
207	15	18	1	1.32000E-002	1.30000E-003	9.00000E-004	6.10070E-009	1.30000E-009	1.83610E-009	3.44300E+000	7.54447E+002	7.56217E+002	1.77020E+000	5.60545E-001	7.96100E-001	9.48500E-010	2.03980E-009	2.11710E-009
211	13	18	1	1.32000E-002	1.30000E-003	9.00000E-004	6.13110E-009	1.50000E-009	5.57370E-009	3.46010E+000	7.60341E+002	7.61932E+002	1.59050E+000	5.70706E-001	7.96900E-001	9.34400E-010	1.92970E-009	1.65810E-009
215	11	18	1	1.32000E-002	1.30000E-003	9.00000E-004	5.50580E-009	1.60000E-009	1.59250E-009	3.48960E+000	7.70492E+002	7.72411E+002	1.91930E+000	5.74542E-001	7.98700E-001	1.19200E-009	1.65570E-009	1.09600E-009
219	9	18	1	1.32000E-002	1.30000E-003	1.00000E-003	4.12640E-009	1.50000E-009	2.60420E-009	3.47640E+000	7.57968E+002	7.59435E+002	1.46670E+000	5.83622E-001	7.98200E-001	9.04000E-010	1.78690E-009	3.37230E-009
223	7	18	1	1.32000E-002	1.30000E-003	9.00000E-004	3.33250E-009	1.50000E-009	1.29270E-009	3.47900E+000	7.83725E+002	7.85732E+002	2.00700E+000	5.61041E-001	7.98400E-001	1.22950E-009	1.78450E-009	2.52930E-009
231	7	20	1	1.32000E-002	1.30000E-003	9.00000E-004	3.06560E-009	1.10000E-009	2.88520E-009	3.46870E+000	7.79561E+002	7.81586E+002	2.02530E+000	5.63073E-001	7.98700E-001	8.64200E-010	1.61590E-009	1.67680E-009
235	9	20	1	1.31000E-002	1.40000E-003	9.00000E-004	4.49880E-009	1.50000E-009	2.53860E-009	3.47260E+000	7.63034E+002	7.64526E+002	1.49130E+000	5.82041E-001	7.98000E-001	1.23180E-009	1.81500E-009	1.25530E-009
239	11	20	1	1.32000E-002	1.40000E-003	9.00000E-004	5.79860E-009	1.40000E-009	2.97890E-009	3.48830E+000	7.62320E+002	7.64564E+002	2.24380E+000	5.75931E-001	7.98300E-001	1.09840E-009	1.76350E-009	5.62000E-011
243	13	20	1	1.32000E-002	1.30000E-003	9.00000E-004	6.11940E-009	1.30000E-009	4.58077E-008	3.45580E+000	7.64062E+002	7.65810E+002	1.74790E+000	5.75670E-001	7.97900E-001	1.02340E-009	1.81730E-009	1.78000E-010
247	15	20	1	1.33000E-002	1.20000E-003	1.00000E-003	6.11470E-009	1.40000E-009	1.84540E-009	3.43670E+000	7.61306E+002	7.62718E+002	1.41200E+000	5.75339E-001	7.95800E-001	9.78900E-010	2.14990E-009	2.29510E-009
251	17	20	1	1.32000E-002	1.30000E-003	1.00000E-003	6.04450E-009	1.30000E-009	1.04917E-008	3.43490E+000	7.64695E+002	7.66146E+002	1.45080E+000	5.71637E-001	7.97200E-001	7.77500E-010	1.73770E-009	9.27400E-010
255	19	20	1	1.31000E-002	1.40000E-003	9.00000E-004	5.88290E-009	1.50000E-009	1.53630E-009	3.45770E+000	7.66060E+002	7.67697E+002	1.63670E+000	5.77833E-001	7.98000E-001	1.16860E-009	1.93680E-009	2.09830E-009
259	21	20	1	1.32000E-002	1.40000E-003	1.00000E-003	5.02340E-009	1.50000E-009	2.98830E-009	3.46840E+000	7.72977E+002	7.74602E+002	1.62540E+000	5.76525E-001	7.98200E-001	9.71900E-010	1.67210E-009	2.31380E-009
263	23	20	1	1.31000E-002	1.30000E-003	9.00000E-004	3.67910E-009	1.70000E-009	5.52700E-010	3.47010E+000	7.89836E+002	7.91463E+002	1.62770E+000	5.61752E-001	7.98400E-001	1.43090E-009	1.94850E-009	3.00700E-009
265	23	22	1	1.33000E-002	1.20000E-003	8.00000E-004	4.07020E-009	1.30000E-009	2.16390E-009	3.45250E+000	7.85931E+002	7.87776E+002	1.84460E+000	5.52476E-001	7.97800E-001	1.80330E-009	1.45430E-009	1.47070E-009
266	21	22	1	1.33000E-002	1.30000E-003	1.00000E-003	3.92030E-009	1.60000E-009	1.98590E-009	3.46560E+000	7.78367E+002	7.79711E+002	1.34400E+000	5.75766E-001	7.97800E-001	1.42150E-009	2.00000E-009	2.52900E-010
270	19	22	1	1.31000E-002	1.30000E-003	1.00000E-003	5.28330E-009	1.40000E-009	3.56000E-010	3.46690E+000	7.62310E+002	7.63728E+002	1.41790E+000	5.76213E-001	7.98200E-001	9.18000E-010	1.70490E-009	1.42390E-009
274	17	22	1	1.33000E-002	1.30000E-003	1.00000E-003	5.85940E-009	1.50000E-009	3.13820E-009	3.46500E+000	7.66606E+002	7.68109E+002	1.50350E+000	5.76989E-001	7.98100E-001	1.25530E-009	1.87350E-009	2.52900E-010
278	15	22	1	1.32000E-002	1.30000E-003	9.00000E-004	6.07490E-009	1.40000E-009	3.70960E-009	3.46140E+000	7.60892E+002	7.62424E+002	1.53180E+000	5.77471E-001	7.98000E-001	9.53200E-010	1.81970E-009	1.40510E-009
282	13	22	1	1.32000E-002	1.30000E-003	9.00000E-004	6.33490E-009	1.40000E-009	3.55970E-009	3.47660E+000	7.56348E+002	7.57874E+002	1.52580E+000	5.82442E-001	7.98700E-001	1.01400E-009	1.92270E-009	1.15220E-009
286	11	22	1	1.32000E-002	1.30000E-003	9.00000E-004	5.57140E-009	1.40000E-009	2.59480E-009	3.48550E+000	7.61557E+002	7.63833E+002	2.27590E+000	5.79909E-001	7.98600E-001	8.59500E-010	1.80560E-009	1.16160E-009
290	9	22	1	1.32000E-002	1.30000E-003	9.00000E-004	3.84070E-009	1.30000E-009	1.89230E-009	3.47240E+000	7.69472E+002	7.70941E+002	1.46950E+000	5.79188E-001	7.98200E-001	1.15220E-009	1.85240E-009	1.60190E-009
294	7	22	1	1.31000E-002	1.30000E-003	9.00000E-004	2.95780E-009	1.40000E-009	3.14750E-009	3.49670E+000	7.72369E+002	7.74336E+002	1.96630E+000	5.66195E-001	7.99000E-001	1.02110E-009	1.58550E-009	1.14280E-009
300	9	24	1	1.32000E-002	1.20000E-003	9.00000E-004	4.06550E-009	1.50000E-009	3.45670E-009	3.46990E+000	7.83828E+002	7.86515E+002	2.68770E+000	5.61822E-001	7.98300E-001	1.05150E-009	1.62760E-009	2.37940E-009
304	11	24	1	1.32000E-002	1.30000E-003	9.00000E-004	4.88290E-009	1.50000E-009	3.98120E-009	3.47160E+000	7.70460E+002	7.71946E+002	1.48670E+000	5.79315E-001	7.98500E-001	1.07730E-009	1.84070E-009	1.07730E-009
308	13	24	1	1.32000E-002	1.20000E-003	1.00000E-003	5.37470E-009	1.50000E-009	3.05380E-009	3.47670E+000	7.63587E+002	7.65461E+002	1.87390E+000	5.80569E-001	7.98200E-001	1.26930E-009	1.56910E-009	8.43100E-010
312	15	24	1	1.32000E-002	1.30000E-003	9.00000E-004	5.36060E-009	1.50000E-009	4.20610E-009	3.46180E+000	7.61101E+002	7.62729E+002	1.62860E+000	5.71613E-001	7.98000E-001	1.47770E-009	1.79860E-009	1.63930E-009
316	17	24	1	1.32000E-002	1.40000E-003	9.00000E-004	4.60650E-009	1.70000E-009	7.77500E-010	3.46940E+000	7.68088E+002	7.69748E+002	1.66020E+000	5.75921E-001	7.98100E-001	1.21080E-009	1.72360E-009	1.61120E-009
320	19	24	1	1.32000E-002	1.30000E-003	9.00000E-004	4.29970E-009	1.30000E-009	2.32320E-009	3.47270E+000	7.71746E+002	7.73262E+002	1.51590E+000	5.79613E-001	7.99200E-001	1.10300E-009	1.96720E-009	1.22720E-009
324	21	24	1	1.34000E-002	1.30000E-003	9.00000E-004	3.78920E-009	1.60000E-009	1.03000E-010	3.46950E+000	7.86917E+002	7.88338E+002	1.42040E+000	5.64562E-001	7.98500E-001	1.25060E-009	1.86420E-009	2.22010E-009
327	19	26	1	1.34000E-002	1.30000E-003	9.00000E-004	3.89220E-009	1.70000E-009	2.39810E-009	3.46340E+000	7.86434E+002	7.89234E+002	2.79970E+000	5.64823E-001	7.98100E-001	1.29980E-009	1.82430E-009	2.91330E-009
330	17	26	1	1.32000E-002	1.30000E-003	9.00000E-004	3.92500E-009	1.60000E-009	2.65100E-009	3.46040E+000	7.75051E+002	7.76543E+002	1.49220E+000	5.74573E-001	7.98700E-001	1.19910E-009	1.94850E-009	1.79860E-009
334	15	26	1	1.32000E-002	1.30000E-003	9.00000E-004	4.23420E-009	1.40000E-009	5.58310E-009	3.45090E+000	7.67793E+002	7.69768E+002	1.97530E+000	5.73892E-001	7.98300E-001	1.11470E-009	1.60420E-009	2.01400E-009
338	13	26	1	1.32000E-002	1.30000E-003	9.00000E-004	4.33020E-009	1.60000E-009	3.24120E-009	3.46700E+000	7.73872E+002	7.75491E+002	1.61860E+000	5.75066E-001	7.98800E-001	1.12650E-009	1.84310E-009	2.13580E-009
342	11	26	1	1.33000E-002	1.30000E-003	1.00000E-003	4.18970E-009	1.50000E-009	2.59480E-009	3.46760E+000	7.85351E+002	7.87681E+002	2.32990E+000	5.60508E-001	7.98700E-001	1.25760E-009	2.00230E-009	5.52700E-010
346	9	26	1	1.31000E-002	1.30000E-003	9.00000E-004	3.50110E-009	1.50000E-009	7.90630E-009	3.49910E+000	7.60417E+002	7.63342E+002	2.92510E+000	5.70635E-001	7.99000E-001	1.27400E-009	2.08660E-009	1.87000E-011
350	13	28	1	1.34000E-002	1.30000E-003	9.00000E-004	3.64400E-009	1.60000E-009	2.27630E-009	3.46960E+000	7.76865E+002	7.78830E+002	1.96510E+000	5.60305E-001	7.98600E-001	1.49650E-009	1.86880E-009	1.87350E-009
352	15	28	1	1.34000E-002	1.30000E-003	9.00000E-004	3.20140E-009	1.30000E-009	2.95080E-009	3.46170E+000	7.79046E+002	7.81008E+002	1.96210E+000	5.59874E-001	7.98800E-001	1.46370E-009	1.57840E-009	1.18970E-009
354	17	28	1	1.32000E-002	1.30000E-003	9.00000E-004	4.43560E-009	1.30000E-009	3.69080E-009	3.47100E+000	7.78260E+002	7.80680E+002	2.42040E+000	5.58882E-001	7.99000E-001	1.85240E-009	1.59020E-009	1.80800E-009

4	18	6	1	1.32000E-002	2.50000E-003	2.10000E-003	2.92940E-009	1.50000E-009	1.30943E-008	3.52690E+000	7.11343E+002	7.15759E+002	4.41580E+000	5.84416E-001	7.99300E-001	1.38390E-009	2.10280E-009	1.73280E-009
8	16	6	1	1.32000E-002	2.40000E-003	2.00000E-003	3.58500E-009	2.00000E-009	1.03030E-009	3.49970E+000	7.50356E+002	7.53308E+002	2.95240E+000	5.76290E-001	7.97800E-001	1.51970E-009	2.34400E-009	1.78900E-009
12	14	6	1	1.31000E-002	2.40000E-003	2.00000E-003	3.70210E-009	1.80000E-009	3.76530E-009	3.50190E+000	7.49830E+002	7.52389E+002	2.55890E+000	5.76021E-001	7.98500E-001	1.46580E-009	2.17770E-009	1.83580E-009
15	12	6	5	1.35000E-002	2.40000E-003	1.90000E-003	4.05800E-009	1.90000E-009	1.37850E-005
21	10	8	1	1.32000E-002	2.50000E-003	2.00000E-003	3.49130E-009	1.80000E-009	6.35050E-009	3.50860E+000	7.64282E+002	7.66995E+002	2.71350E+000	5.59075E-001	7.97400E-001	1.87330E-009	2.37910E-009	1.63910E-009
25	12	8	1	1.32000E-002	2.50000E-003	2.00000E-003	4.35770E-009	1.70000E-009	2.01380E-009	3.46200E+000	7.80011E+002	7.83072E+002	3.06110E+000	5.59532E-001	7.96700E-001	1.64150E-009	1.81470E-009	1.65790E-009
29	14	8	1	1.33000E-002	2.40000E-003	2.10000E-003	3.92220E-009	1.80000E-009	6.27600E-010	3.46930E+000	7.73277E+002	7.75106E+002	1.82920E+000	5.73314E-001	7.97600E-001	1.60870E-009	1.82410E-009	8.99200E-010
33	16	8	1	1.33000E-002	2.50000E-003	2.00000E-003	4.68560E-009	2.20000E-009	2.19170E-009	3.45960E+000	7.71995E+002	7.73871E+002	1.87630E+000	5.76014E-001	7.97200E-001	1.66720E-009	2.29240E-009	4.12100E-010
37	18	8	1	1.32000E-002	2.50000E-003	2.10000E-003	4.06970E-009	2.00000E-009	1.40500E-010	3.46990E+000	7.81739E+002	7.83520E+002	1.78110E+000	5.62719E-001	7.98000E-001	1.77260E-009	2.33460E-009	1.08650E-009
41	20	8	1	1.32000E-002	2.60000E-003	2.10000E-003	3.29230E-009	1.70000E-009	7.42760E-009	3.47510E+000	7.70093E+002	7.71850E+002	1.75690E+000	5.63604E-001	7.96100E-001	1.50800E-009	2.06760E-009	2.22920E-009
46	22	10	1	1.32000E-002	2.40000E-003	2.10000E-003	3.47500E-009	1.90000E-009	2.77250E-009	3.47570E+000	7.68680E+002	7.70459E+002	1.77890E+000	5.55923E-001	7.95200E-001	1.72110E-009	2.08640E-009	1.29260E-009
50	20	10	1	1.31000E-002	2.40000E-003	2.00000E-003	4.09550E-009	2.10000E-009	2.11680E-009	3.45930E+000	7.71043E+002	7.72493E+002	1.45010E+000	5.73624E-001	7.96700E-001	1.56420E-009	1.92480E-009	2.19170E-009
54	18	10	1	1.32000E-002	2.40000E-003	2.10000E-003	4.59190E-009	2.00000E-009	2.40720E-009	3.47000E+000	7.64081E+002	7.65871E+002	1.79020E+000	5.80964E-001	7.96900E-001	1.55720E-009	1.89670E-009	5.43300E-010
58	16	10	1	1.32000E-002	2.50000E-003	2.10000E-003	5.42790E-009	1.80000E-009	2.88490E-009	3.46150E+000	7.60554E+002	7.62461E+002	1.90680E+000	5.82469E-001	7.96300E-001	1.54550E-009	2.00680E-009	2.13560E-009
62	14	10	1	1.33000E-002	2.50000E-003	2.00000E-003	5.11170E-009	2.00000E-009	7.31520E-009	3.46470E+000	7.56410E+002	7.58137E+002	1.72710E+000	5.85816E-001	7.96600E-001	1.56420E-009	2.09570E-009	3.65300E-010
66	12	10	1	1.31000E-002	2.40000E-003	2.10000E-003	4.95720E-009	1.90000E-009	3.60610E-009	3.47160E+000	7.66862E+002	7.68355E+002	1.49280E+000	5.81086E-001	7.96900E-001	1.15680E-009	1.93650E-009	1.34880E-009
70	10	10	1	1.32000E-002	2.60000E-003	2.00000E-003	3.90350E-009	1.80000E-009	1.13330E-009	3.47190E+000	7.84238E+002	7.87088E+002	2.85010E+000	5.59304E-001	7.97000E-001	1.32070E-009	2.19640E-009	1.66720E-009
74	8	10	1	1.32000E-002	2.40000E-003	2.10000E-003	3.44920E-009	1.80000E-009	7.43700E-009	3.50990E+000	7.54134E+002	7.57387E+002	3.25330E+000	5.63799E-001	7.97600E-001	1.94590E-009	2.28310E-009	9.36600E-010
77	6	12	2	1.35000E-002	4.09090E+000
80	8	12	1	1.33000E-002	2.40000E-003	2.10000E-003	3.81450E-009	1.70000E-009	3.28760E-009	3.47130E+000	7.81886E+002	7.83864E+002	1.97840E+000	5.55342E-001	7.97100E-001	1.67430E-009	2.17540E-009	1.35810E-009
84	10	12	1	1.32000E-002	2.40000E-003	2.00000E-003	4.58250E-009	1.80000E-009	2.73500E-009	3.47400E+000	7.68715E+002	7.70133E+002	1.41850E+000	5.76671E-001	7.96400E-001	1.92010E-009	1.91310E-009	1.68600E-009
88	12	12	1	1.32000E-002	2.50000E-003	2.10000E-003	5.35290E-009	1.90000E-009	2.64130E-009	3.47550E+000	7.51496E+002	7.52950E+002	1.45380E+000	5.84177E-001	7.96900E-001	1.67190E-009	2.13090E-009	1.64850E-009
92	14	12	1	1.32000E-002	2.40000E-003	2.00000E-003	6.26150E-009	2.20000E-009	3.98070E-009	3.46890E+000	7.49999E+002	7.51947E+002	1.94810E+000	5.85848E-001	7.97200E-001	1.57360E-009	1.99740E-009	1.49860E-009
96	16	12	1	1.31000E-002	2.50000E-003	2.10000E-003	6.00390E-009	1.90000E-009	3.34380E-009	3.46170E+000	7.56451E+002	7.58049E+002	1.59840E+000	5.87386E-001	7.96900E-001	1.96460E-009	2.19410E-009	1.45180E-009
100	18	12	1	1.33000E-002	2.50000E-003	2.00000E-003	5.49810E-009	2.00000E-009	4.57080E-009	3.47280E+000	7.59157E+002	7.60812E+002	1.65540E+000	5.79292E-001	7.96600E-001	1.38860E-009	2.13320E-009	1.92010E-009
104	20	12	1	1.32000E-002	2.60000E-003	2.00000E-003	4.80970E-009	1.90000E-009	3.75000E-011	3.45830E+000	7.63587E+002	7.65248E+002	1.66080E+000	5.78254E-001	7.96900E-001	1.70700E-009	2.18710E-009	2.37910E-009
108	22	12	1	1.32000E-002	2.50000E-003	2.10000E-003	3.88240E-009	1.80000E-009	1.08650E-009	3.46170E+000	7.82593E+002	7.84434E+002	1.84060E+000	5.58370E-001	7.96600E-001	1.36980E-009	2.22690E-009	1.54550E-009
114	24	14	1	1.32000E-002	2.50000E-003	2.00000E-003	2.90360E-009	1.80000E-009	3.49370E-009	3.46570E+000	7.72317E+002	7.74079E+002	1.76130E+000	5.47805E-001	7.96000E-001	1.44950E-009	1.86860E-009	8.99200E-010
118	22	14	1	1.32000E-002	2.50000E-003	2.10000E-003	3.85430E-009	2.10000E-009	1.80770E-009	3.47070E+000	7.73131E+002	7.74593E+002	1.46210E+000	5.70698E-001	7.96800E-001	1.59230E-009	2.16600E-009	1.30190E-009
122	20	14	1	1.32000E-002	2.40000E-003	2.10000E-003	5.38100E-009	1.90000E-009	1.59200E-010	3.47400E+000	7.59355E+002	7.61301E+002	1.94550E+000	5.72725E-001	7.96400E-001	1.22470E-009	2.07700E-009	8.61700E-010
126	18	14	1	1.32000E-002	2.40000E-003	2.10000E-003	6.47460E-009	1.90000E-009	5.33900E-010	3.47780E+000	7.65302E+002	7.67559E+002	2.25650E+000	5.75388E-001	7.97100E-001	1.68830E-009	2.28310E-009	1.99510E-009
130	16	14	1	1.32000E-002	2.40000E-003	2.10000E-003	6.33410E-009	1.60000E-009	1.25510E-009	3.45610E+000	7.62908E+002	7.64421E+002	1.51250E+000	5.77469E-001	7.96100E-001	1.48930E-009	2.12380E-009	2.20110E-009
134	14	14	1	1.32000E-002	2.50000E-003	2.00000E-003	6.55420E-009	1.80000E-009	1.37690E-009	3.45280E+000	7.57881E+002	7.59372E+002	1.49090E+000	5.82152E-001	7.95900E-001	1.29260E-009	2.23390E-009	1.67660E-009
138	12	14	1	1.32000E-002	2.40000E-003	2.10000E-003	6.46050E-009	1.80000E-009	2.42590E-009	3.47090E+000	7.49900E+002	7.51362E+002	1.46260E+000	5.80556E-001	7.96700E-001	1.46350E-009	2.02320E-009	1.43310E-009
142	10	14	1	1.32000E-002	2.60000E-003	2.00000E-003	5.29200E-009	2.00000E-009	1.60170E-009	3.47300E+000	7.53204E+002	7.54859E+002	1.65560E+000	5.75539E-001	7.96400E-001	1.60400E-009	1.98570E-009	5.33900E-010
146	8	14	1	1.32000E-002	2.50000E-003	2.10000E-003	4.19620E-009	2.10000E-009	1.70470E-009	3.48300E+000	7.75946E+002	7.77609E+002	1.66310E+000	5.71528E-001	7.96800E-001	1.51740E-009	2.06060E-009	1.61100E-009
149	6	14	1	1.35000E-002	2.30000E-003	1.90000E-003	4.07670E-009	1.80000E-009	5.76040E-009	3.53340E+000	7.35929E+002	7.40127E+002	4.19780E+000	5.71912E-001	7.99200E-001	1.66250E-009	2.15660E-009	4.68000E-011
152	6	16	1	1.33000E-002	2.40000E-003	2.00000E-003	4.16570E-009	1.70000E-009	1.94820E-009	3.51430E+000	7.68321E+002	7.69819E+002	1.49750E+000	5.65219E-001	7.98300E-001	1.67890E-009	2.17300E-009	8.43000E-010
156	8	16	1	1.32000E-002	2.50000E-003	2.10000E-003	4.03230E-009	2.00000E-009	1.16140E-009	3.48030E+000	7.68969E+002	7.70580E+002	1.61070E+000	5.78350E-001	7.97000E-001	1.57120E-009	2.07940E-009	1.58290E-009
160	10	16	1	1.32000E-002	2.50000E-003	2.10000E-003	5.42080E-009	1.70000E-009	1.59200E-010	3.48150E+000	7.50597E+002	7.52391E+002	1.79400E+000	5.81923E-001	7.97700E-001	1.48690E-009	1.89670E-009	1.68600E-010
164	12	16	1	1.32000E-002	2.50000E-003	2.10000E-003	6.28720E-009	1.80000E-009	3.93400E-010	3.46870E+000	7.56730E+002	7.58131E+002	1.40130E+000	5.77827E-001	7.96900E-001	1.86390E-009	2.03490E-009	2.07000E-009
168	14	16	1	1.32000E-002	2.50000E-003	2.10000E-003	6.39730E-009	2.00000E-009	1.49900E-010	3.42320E+000	7.58615E+002	7.60140E+002	1.52520E+000	5.72793E-001	7.94800E-001	1.57820E-009	2.32760E-009	9.55400E-010
172	16	16	1	1.31000E-002	2.50000E-003	2.10000E-003	6.52840E-009	1.60000E-009	1.79840E-009	3.44900E+000	7.64455E+002	7.66354E+002	1.89870E+000	5.66644E-001	7.94900E-001	1.31830E-009	1.90370E-009	1.18020E-009
176	18	16	1	1.31000E-002	2.50000E-003	2.10000E-003	6.19360E-009	1.90000E-009	6.56000E-011	3.45760E+000	7.65661E+002	7.67473E+002	1.81290E+000	5.71442E-001	7.97100E-001	1.54310E-009	1.99270E-009	1.46120E-009
180	20	16	1	1.33000E-002	2.40000E-003	2.10000E-003	5.58710E-009	2.00000E-009	1.34880E-009	3.47240E+000	7.56701E+002	7.58540E+002	1.83940E+000	5.77772E-001	7.96900E-001	1.72110E-009	2.16600E-009	1.06780E-009
184	22	16	1	1.32000E-002	2.50000E-003	2.00000E-003	4.21020E-009	1.70000E-009	3.18500E-010	3.47100E+000	7.73064E+002	7.74516E+002	1.45210E+000	5.76356E-001	7.96800E-001	1.53140E-009	1.91080E-009	5.43300E-010
188	24	16	1	1.32000E-002	2.50000E-003	2.10000E-003	3.48900E-009	1.90000E-009	4.49600E-010	3.46280E+000	7.80635E+002	7.82554E+002	1.91880E+000	5.53396E-001	7.96600E-001	1.67430E-009	1.98570E-009	7.58700E-010
192	24	18	1	1.31000E-002	2.50000E-003	2.00000E-003	3.76060E-009	2.10000E-009	9.92800E-010	3.44580E+000	7.82117E+002	7.83959E+002	1.84280E+000	5.55737E-001	7.96600E-001	1.57120E-009	1.83110E-009	1.06780E-009
196	22	18	1	1.33000E-002	2.60000E-003	2.00000E-003	4.16570E-009	1.80000E-009	5.52600E-010	3.45700E+000	7.75997E+002	7.77511E+002	1.51420E+000	5.76439E-001	7.97100E-001	1.42840E-009	1.98100E-009	1.33000E-009
200	20	18	1	1.32000E-002	2.60000E-003	2.00000E-003	5.43960E-009	1.70000E-009	1.87330E-009	3.46890E+000	7.64229E+002	7.66061E+002	1.83260E+000	5.78037E-001	7.97000E-001	1.68360E-009	2.09110E-009	1.28320E-009
204	18	18	1	1.31000E-002	2.50000E-003	2.10000E-003	6.25210E-009	1.80000E-009	1.87000E-011	3.45400E+000	7.66507E+002	7.68022E+002	1.51490E+000	5.70304E-001	7.97000E-001	1.61100E-009	2.03950E-009	1.81710E-009
208	16	18	1	1.32000E-002	2.60000E-003	2.10000E-003	5.97350E-009	1.60000E-009	1.77030E-009	3.44430E+000	7.65663E+002	7.67435E+002	1.77280E+000	5.55994E-001	7.94500E-001	1.28790E-009	2.29010E-009	2.26670E-009
212	14	18	1	1.32000E-002	2.50000E-003	2.00000E-003	6.56350E-009	1.70000E-009	1.83580E-009	3.44470E+000	7.60662E+002	7.62326E+002	1.66410E+000	5.70952E-001	7.94700E-001	1.39090E-009	2.12850E-009	4.30900E-010
216	12	18	1	1.32000E-002	2.60000E-003	2.10000E-003	6.60800E-009	1.80000E-009	1.21800E-010	3.47120E+000	7.59752E+002	7.61180E+002	1.42850E+000	5.77328E-001	7.97300E-001	1.68360E-009	1.83820E-009	8.80400E-010
220	10	18	1	1.32000E-002	2.60000E-003	2.10000E-003	5.50980E-009	1.70000E-009	6.56000E-011	3.48070E+000	7.50871E+002	7.52701E+002	1.83020E+000	5.83264E-001	7.97300E-001	1.27850E-009	2.02550E-009	8.05500E-010
224	8	18	1	1.32000E-002	2.50000E-003	2.10000E-003	4.05100E-009	1.90000E-009	2.38840E-009	3.47640E+000	7.68774E+002	7.70880E+002	2.10630E+000	5.78407E-001	7.97000E-001	1.58290E-009	2.06530E-009	1.17080E-009
227	6	18	1	1.35000E-002	2.40000E-003	2.00000E-003	3.25950E-009	1.90000E-009	9.64700E-010	3.51840E+000	7.70245E+002	7.72232E+002	1.98630E+000	5.64373E-001	7.99100E-001	1.82650E-009	2.07230E-009	6.46300E-010
229	6	20	1	1.35000E-002	2.40000E-003	1.90000E-003	3.46790E-009	1.80000E-009	2.62300E-010	3.53420E+000	7.54114E+002	7.57779E+002	3.66440E+000	5.71791E-001	7.98800E-001	1.56190E-009	2.01140E-009	3.09100E-010
232	8	20	1	1.32000E-002	2.50000E-003	2.10000E-003	3.78400E-009	1.60000E-009	1.70470E-009	3.47540E+000	7.71665E+002	7.73413E+002	1.74850E+000	5.76692E-001	7.97300E-001	1.18490E-009	1.77490E-009	1.31100E-010
236	10	20	1	1.31000E-002	2.60000E-003	2.10000E-003	5.70180E-009	1.90000E-009	4.59000E-010	3.47930E+000	7.51703E+002	7.53133E+002	1.43010E+000	5.84879E-001	7.97300E-001	1.74920E-009	1.91540E-009	3.75000E-011
240	12	20	1	1.32000E-002	2.60000E-003	2.00000E-003	7.03190E-009	1.90000E-009	1.27380E-009	3.47380E+000	7.55724E+002	7.57230E+002	1.50590E+000	5.82770E-001	7.97200E-001	1.63440E-009	1.91780E-009	4.21500E-010
244	14	20	1	1.32000E-002	2.50000E-003	2.10000E-003	6.39730E-009	1.70000E-009	1.53610E-009	3.44660E+000	7.62191E+002	7.63478E+002	1.28650E+000	5.76967E-001	7.94800E-001	1.46580E-009	2.02780E-009	6.36900E-010
248	16	20	1	1.33000E-002	2.50000E-003	2.10000E-003	6.45580E-009	1.90000E-009	4.59000E-010	3.43720E+000	7.63289E+002	7.64728E+002	1.43920E+000	5.72553E-001	7.94600E-001	1.46120E-009	2.51960E-009	1.49860E-009
252	18	20	1	1.32000E-002	2.60000E-003	2.10000E-003	6.06240E-009	1.50000E-009	1.05840E-009	3.46690E+000	7.67486E+002	7.69136E+002	1.65020E+000	5.73897E-001	7.97200E-001	1.27850E-009	1.95760E-009	5.80700E-010
256	20	20	1	1.31000E-002	2.60000E-003	2.10000E-003	5.45600E-009	1.70000E-009	1.18950E-009	3.46230E+000	7.66570E+002	7.68381E+002	1.81090E+000	5.74062E-001	7.96800E-001	1.60400E-009	2.13560E-009	6.46300E-010
260	22	20	1	1.32000E-002	2.50000E-003	2.10000E-003	4.54980E-009	1.70000E-009	1.31130E-009	3.44920E+000	7.78993E+002	7.80351E+002	1.35790E+000	5.76404E-001	7.96700E-001	1.44240E-009	1.87090E-009	1.16140E-009
267	22	22	1	1.33000E-002	2.50000E-003	2.00000E-003	4.03930E-009	1.70000E-009	8.89800E-010	3.47300E+000	7.83960E+002	7.85464E+002	1.50330E+000	5.68661E-001	7.97000E-001	1.68130E-009	2.27600E-009	6.36900E-010
271	20	22	1	1.31000E-002	2.60000E-003	2.10000E-003	4.90330E-009	1.70000E-009	1.21800E-010	3.47200E+000	7.70081E+002	7.71657E+002	1.57640E+000	5.77634E-001	7.97100E-001	1.35350E-009	1.89200E-009	1.00220E-009
275	18	22	1	1.33000E-002	2.50000E-003	2.10000E-003	5.78850E-009	1.70000E-009	1.69530E-009	3.48230E+000	7.75299E+002	7.77284E+002	1.98460E+000	5.72134E-001	7.97400E-001	1.66960E-009	2.15430E-009	3.65300E-010
279	16	22	1	1.32000E-002	2.50000E-003	2.10000E-003	6.30830E-009	1.60000E-009	0.00000E+000	3.45730E+000	7.64866E+002	7.66430E+002	1.56440E+000	5.75729E-001	7.96500E-001	1.40500E-009	2.02320E-009	2.13560E-009
283	14	22	1	1.32000E-002	2.50000E-003	2.00000E-003	6.48860E-009	1.80000E-009	8.24200E-010	3.46730E+000	7.59693E+002	7.60960E+002	1.26740E+000	5.80412E-001	7.97100E-001	1.41670E-009	2.13790E-009	1.74220E-009
287	12	22	1	1.32000E-002	2.50000E-003	2.00000E-003	6.45350E-009	1.70000E-009	5.90100E-010	3.46850E+000	7.48694E+002	7.50198E+002	1.50450E+000	5.82076E-001	7.97000E-001	1.31600E-009	1.95060E-009	6.56000E-011
291	10	22	1	1.32000E-002	2.50000E-003	2.00000E-003	5.09300E-009	1.70000E-009	1.19890E-009	3.47860E+000	7.59983E+002	7.61614E+002	1.63110E+000	5.83846E-001	7.97200E-001	1.55720E-009	2.07230E-009	1.01160E-009
295	8	22	1	1.31000E-002	2.50000E-003	2.10000E-003	3.59910E-009	1.80000E-009	9.55400E-010	3.46780E+000	7.83498E+002	7.85382E+002	1.88350E+000	5.64758E-001	7.97200E-001	1.32540E-009	1.83110E-009	1.09590E-009
298	8	24	1	1.36000E-002	2.50000E-003	2.00000E-003	3.52650E-009	1.80000E-009	3.12840E-009	3.48940E+000	7.74956E+002	7.76938E+002	1.98140E+000	5.65288E-001	7.97800E-001	2.02780E-009	1.93890E-009	5.80700E-010
301	10	24	1	1.32000E-002	2.40000E-003	2.10000E-003	4.75580E-009	1.70000E-009	4.29920E-009	3.47530E+000	7.71072E+002	7.72830E+002	1.75790E+000	5.76405E-001	7.97300E-001	1.30190E-009	1.81470E-009	1.53610E-009
305	12	24	1	1.32000E-002	2.50000E-003	2.00000E-003	5.46770E-009	1.80000E-009	5.62000E-010	3.46930E+000	7.60383E+002	7.61824E+002	1.44180E+000	5.83325E-001	7.97000E-001	1.55720E-009	1.92710E-009	3.46600E-010
309	14	24	1	1.32000E-002	2.50000E-003	2.00000E-003	6.01560E-009	1.90000E-009	7.02500E-010	3.46780E+000	7.62897E+002	7.64551E+002	1.65400E+000	5.77002E-001	7.96700E-001	1.63680E-009	1.78430E-009	2.90400E-010
313	16	24	1	1.32000E-002	2.40000E-003	2.10000E-003	5.19600E-009	1.80000E-009	3.84000E-010	3.46070E+000	7.66665E+002	7.68750E+002	2.08470E+000	5.68842E-001	7.96500E-001	1.61810E-009	2.14490E-009	1.47990E-009
317	18	24	1	1.32000E-002	2.50000E-003	2.10000E-003	4.72770E-009	1.90000E-009	6.55700E-010	3.47960E+000	7.72701E+002	7.74334E+002	1.63320E+000	5.77041E-001	7.98300E-001	1.71170E-009	1.88500E-009	9.55400E-010
321	20	24	1	1.32000E-002	2.50000E-003	2.10000E-003	4.10950E-009	1.70000E-009	1.80770E-009	3.47170E+000	7.78655E+002	7.80075E+002	1.42060E+000	5.74680E-001	7.97600E-001	1.53610E-009	2.08870E-009	1.52670E-009
325	22	24	1	1.34000E-002	2.40000E-003	2.00000E-003	4.31090E-009	1.90000E-009	5.43300E-010	3.46640E+000	7.82697E+002	7.84544E+002	1.84770E+000	5.57032E-001	7.97200E-001	1.61340E-009	1.99040E-009	4.68300E-010
328	20	26	1	1.34000E-002	2.40000E-003	2.00000E-003	4.49590E-009	2.00000E-009	8.89800E-010	3.44640E+000	7.83334E+002	7.85300E+002	1.96570E+000	5.58237E-001	7.96800E-001	1.58760E-009	1.94350E-009	6.56000E-011
331	18	26	1	1.32000E-002	2.50000E-003	2.10000E-003	4.03460E-009	1.80000E-009	4.68300E-010	3.47230E+000	7.83474E+002	7.84916E+002	1.44180E+000	5.67915E-001	7.97800E-001	1.55950E-009	2.21050E-009	1.12400E-009
335	16	26	1	1.32000E-002	2.40000E-003	2.10000E-003	4.21260E-009	1.60000E-009	2.93170E-009	3.46430E+000	7.77995E+002	7.79828E+002	1.83230E+000	5.70443E-001	7.97600E-001	1.44240E-009	1.87330E-009	2.01380E-009
339	14	26	1	1.32000E-002	2.50000E-003	2.10000E-003	4.62470E-009	1.80000E-009	7.77400E-010	3.46000E+000	7.72431E+002	7.74202E+002	1.77160E+000	5.75151E-001	7.97400E-001	1.48220E-009	2.10510E-009	1.52670E-009
343	12	26	1	1.33000E-002	2.50000E-003	2.10000E-003	4.54980E-009	1.90000E-009	1.40500E-010	3.46140E+000	7.75726E+002	7.77594E+002	1.86730E+000	5.71828E-001	7.97500E-001	1.68830E-009	2.34860E-009	8.33600E-010
347	10	26	1	1.31000E-002	2.50000E-003	2.00000E-003	3.96440E-009	1.80000E-009	4.35540E-009	3.46800E+000	7.77932E+002	7.79875E+002	1.94320E+000	5.63291E-001	7.98500E-001	1.73510E-009	2.23390E-009	1.08650E-009
349	12	28	1	1.46000E-002	2.40000E-003	1.90000E-003	4.34370E-009	1.00000E-009	1.58290E-009	3.47480E+000	7.68574E+002	7.70678E+002	2.10430E+000	5.66928E-001	7.97700E-001	2.23620E-009	1.29490E-009	5.62000E-010
351	14	28	1	1.34000E-002	2.40000E-003	2.00000E-003	3.54290E-009	1.70000E-009	2.31350E-009	3.45780E+000	7.77993E+002	7.79979E+002	1.98630E+000	5.61370E-001	7.98200E-001	2.02320E-009	1.87330E-009	4.68000E-011
353	16	28	1	1.34000E-002	2.40000E-003	1.90000E-003	3.60370E-009	1.50000E-009	8.89800E-010	3.46580E+000	7.80383E+002	7.82223E+002	1.84040E+000	5.59598E-001	7.97800E-001	1.95520E-009	1.74450E-009	7.21200E-010

1	15	5	3	1.28000E-002	-3.00000E-004	-8.00000E-004	1.39320E-005
2	19	7	1	1.28000E-002	-5.00000E-004	-8.00000E-004	3.95870E-009	1.20000E-009	8.64830E-009	3.48710E+000	7.57466E+002	7.60083E+002	2.61690E+000	5.71906E-001	7.99600E-001	2.41740E-009	1.34460E-009	8.62000E-010
5	17	7	1	1.32000E-002	-2.00000E-004	-6.00000E-004	3.27010E-009	1.80000E-009	2.80160E-009	3.45990E+000	7.73700E+002	7.75366E+002	1.66630E+000	5.65465E-001	7.99400E-001	1.36560E-009	1.90680E-009	1.16190E-009
9	15	7	1	1.32000E-002	-2.00000E-004	-5.00000E-004	3.58860E-009	1.80000E-009	2.13630E-009	3.45500E+000	7.75536E+002	7.78348E+002	2.81220E+000	5.64064E-001	8.00200E-001	1.40310E-009	2.18780E-009	1.48040E-009
13	13	7	1	1.31000E-002	-2.00000E-004	-6.00000E-004	3.30290E-009	1.60000E-009	8.99500E-010	3.47450E+000	7.75626E+002	7.77867E+002	2.24060E+000	5.61115E-001	8.00600E-001	1.58820E-009	2.01680E-009	1.00260E-009
16	11	7	1	1.35000E-002	-3.00000E-004	-6.00000E-004	3.17400E-009	1.60000E-009	5.35950E-009	3.52010E+000	7.52604E+002	7.55409E+002	2.80500E+000	5.64719E-001	8.01400E-001	2.11760E-009	2.01920E-009	1.88330E-009
22	9	9	1	1.32000E-002	-3.00000E-004	-6.00000E-004	3.16700E-009	1.80000E-009	9.89450E-009	3.50240E+000	7.66125E+002	7.67797E+002	1.67220E+000	5.57289E-001	7.99900E-001	1.71000E-009	1.90680E-009	5.06000E-010
26	11	9	1	1.32000E-002	-1.00000E-004	-6.00000E-004	3.78770E-009	1.70000E-009	1.57410E-009	3.47320E+000	7.86136E+002	7.88329E+002	2.19280E+000	5.56099E-001	7.99400E-001	1.72170E-009	1.76390E-009	1.31180E-009
30	13	9	1	1.33000E-002	-2.00000E-004	-6.00000E-004	3.94470E-009	1.50000E-009	2.01544E-008	3.47410E+000	7.70577E+002	7.72760E+002	2.18340E+000	5.77083E-001	7.99000E-001	1.55070E-009	1.69590E-009	5.90300E-010
34	15	9	1	1.33000E-002	-2.00000E-004	-5.00000E-004	4.64040E-009	1.90000E-009	3.82290E-009	3.46040E+000	7.63624E+002	7.65339E+002	1.71570E+000	5.83665E-001	7.99500E-001	1.56480E-009	2.16210E-009	1.23680E-009
38	17	9	1	1.32000E-002	-2.00000E-004	-5.00000E-004	4.26790E-009	1.70000E-009	3.56050E-009	3.45230E+000	7.62677E+002	7.64192E+002	1.51510E+000	5.81898E-001	7.99700E-001	1.71700E-009	2.11760E-009	2.90500E-010
42	19	9	1	1.32000E-002	-2.00000E-004	-5.00000E-004	3.77840E-009	1.50000E-009	5.09720E-009	3.45160E+000	7.73890E+002	7.75629E+002	1.73850E+000	5.72117E-001	7.99200E-001	1.50620E-009	2.01680E-009	4.31000E-010
44	21	9	1	1.28000E-002	-4.00000E-004	-7.00000E-004	4.43660E-009	1.30000E-009	2.32370E-009	3.46510E+000	7.72272E+002	7.74135E+002	1.86260E+000	5.58403E-001	7.97300E-001	2.51810E-009	1.56010E-009	1.40550E-009
47	21	11	1	1.32000E-002	-2.00000E-004	-6.00000E-004	3.64250E-009	1.80000E-009	5.64060E-009	3.45940E+000	7.74950E+002	7.76333E+002	1.38270E+000	5.68618E-001	7.98400E-001	1.56240E-009	1.87630E-009	1.33990E-009
51	19	11	1	1.31000E-002	-2.00000E-004	-5.00000E-004	4.38040E-009	1.90000E-009	5.08780E-009	3.45890E+000	7.59544E+002	7.61112E+002	1.56790E+000	5.82868E-001	7.99200E-001	1.60930E-009	1.76390E-009	1.59290E-009
55	17	11	1	1.32000E-002	-2.00000E-004	-6.00000E-004	5.34550E-009	1.80000E-009	1.79619E-008	3.46140E+000	7.50548E+002	7.52061E+002	1.51220E+000	5.84431E-001	7.98800E-001	1.38200E-009	1.75680E-009	1.02130E-009
59	15	11	1	1.32000E-002	-2.00000E-004	-5.00000E-004	5.40170E-009	1.80000E-009	6.17470E-009	3.45810E+000	7.49699E+002	7.51254E+002	1.55430E+000	5.87245E-001	7.98500E-001	1.60690E-009	1.92780E-009	3.09200E-010
63	13	11	1	1.33000E-002	-2.00000E-004	-5.00000E-004	5.13000E-009	1.70000E-009	2.84840E-009	3.47560E+000	7.56960E+002	7.58842E+002	1.88170E+000	5.81715E-001	7.99800E-001	1.43830E-009	1.89970E-009	1.77090E-009
67	11	11	1	1.31000E-002	-1.00000E-004	-5.00000E-004	4.52560E-009	1.80000E-009	2.48300E-009	3.48410E+000	7.75084E+002	7.76828E+002	1.74420E+000	5.76143E-001	7.99300E-001	1.13610E-009	1.84580E-009	1.36800E-009
71	9	11	1	1.32000E-002	-2.00000E-004	-5.00000E-004	3.44810E-009	1.60000E-009	1.07750E-009	3.47470E+000	7.84730E+002	7.86652E+002	1.92190E+000	5.57307E-001	7.99900E-001	1.27190E-009	1.96770E-009	1.60220E-009
75	7	11	1	1.32000E-002	-3.00000E-004	-6.00000E-004	3.59570E-009	1.50000E-009	1.58537E-008	3.53080E+000	7.08200E+002	7.12757E+002	4.55730E+000	5.73842E-001	8.01700E-001	1.78260E-009	1.92780E-009	5.52800E-010
81	7	13	1	1.33000E-002	-3.00000E-004	-6.00000E-004	3.23490E-009	1.60000E-009	4.96600E-009	3.48460E+000	7.72846E+002	7.74660E+002	1.81430E+000	5.61549E-001	7.98900E-001	1.65850E-009	1.93950E-009	4.40400E-010
85	9	13	1	1.32000E-002	-3.00000E-004	-6.00000E-004	3.97750E-009	1.60000E-009	8.05800E-010	3.46860E+000	7.70578E+002	7.71878E+002	1.29990E+000	5.69339E-001	7.98900E-001	1.74980E-009	1.87160E-009	1.19000E-009
89	11	13	1	1.32000E-002	-3.00000E-004	-5.00000E-004	5.03860E-009	1.70000E-009	1.11500E-009	3.48650E+000	7.60674E+002	7.62112E+002	1.43790E+000	5.75033E-001	7.98900E-001	1.66080E-009	1.80370E-009	1.74280E-009
93	13	13	1	1.32000E-002	-3.00000E-004	-5.00000E-004	5.90060E-009	1.90000E-009	4.06650E-009	3.49170E+000	7.50623E+002	7.52096E+002	1.47310E+000	5.86065E-001	7.99800E-001	1.48040E-009	1.91850E-009	1.02130E-009
97	15	13	1	1.31000E-002	-2.00000E-004	-6.00000E-004	5.83740E-009	1.80000E-009	5.61250E-009	3.46640E+000	7.54855E+002	7.56332E+002	1.47720E+000	5.87373E-001	7.99300E-001	1.88800E-009	1.87400E-009	2.06100E-010
101	17	13	1	1.33000E-002	-2.00000E-004	-5.00000E-004	5.67570E-009	1.80000E-009	4.32880E-009	3.46950E+000	7.58354E+002	7.59940E+002	1.58560E+000	5.82616E-001	7.99300E-001	1.44290E-009	1.99110E-009	1.87400E-010
105	19	13	1	1.32000E-002	-1.00000E-004	-5.00000E-004	5.23300E-009	1.70000E-009	6.74600E-010	3.46820E+000	7.53816E+002	7.55326E+002	1.50960E+000	5.78306E-001	7.99300E-001	1.52260E-009	1.99340E-009	7.12100E-010
109	21	13	1	1.32000E-002	-2.00000E-004	-6.00000E-004	4.21170E-009	1.60000E-009	2.22060E-009	3.46390E+000	7.65901E+002	7.67531E+002	1.63030E+000	5.69549E-001	7.98400E-001	1.35390E-009	2.14800E-009	1.51790E-009
112	23	13	1	1.31000E-002	-4.00000E-004	-7.00000E-004	3.69870E-009	1.70000E-009	1.54600E-009	3.47290E+000	7.81706E+002	7.83574E+002	1.86790E+000	5.45789E-001	7.98700E-001	1.83880E-009	1.80130E-009	1.17120E-009
115	23	15	1	1.32000E-002	-2.00000E-004	-6.00000E-004	3.49730E-009	1.70000E-009	5.15300E-010	3.47670E+000	7.84917E+002	7.86176E+002	1.25900E+000	5.59685E-001	7.99300E-001	1.40780E-009	1.66780E-009	2.44550E-009
119	21	15	1	1.32000E-002	-2.00000E-004	-6.00000E-004	4.38510E-009	1.90000E-009	1.96800E-010	3.47100E+000	7.66538E+002	7.68467E+002	1.92850E+000	5.74318E-001	7.98700E-001	1.49920E-009	2.00050E-009	1.95830E-009
123	19	15	1	1.32000E-002	-2.00000E-004	-5.00000E-004	5.82570E-009	1.80000E-009	5.80900E-010	3.47230E+000	7.61624E+002	7.63139E+002	1.51500E+000	5.77307E-001	7.99000E-001	1.19930E-009	1.95590E-009	1.99580E-009
127	17	15	1	1.32000E-002	-1.00000E-004	-5.00000E-004	5.99670E-009	1.70000E-009	3.61670E-009	3.44810E+000	7.62500E+002	7.63954E+002	1.45340E+000	5.72430E-001	7.99100E-001	1.48750E-009	2.00510E-009	3.75000E-011
131	15	15	1	1.32000E-002	-2.00000E-004	-5.00000E-004	6.31760E-009	1.50000E-009	2.39870E-009	3.43220E+000	7.62382E+002	7.63990E+002	1.60800E+000	5.72271E-001	7.97800E-001	1.42190E-009	1.97000E-009	1.31200E-010
135	13	15	1	1.32000E-002	-2.00000E-004	-5.00000E-004	6.07160E-009	1.70000E-009	3.73850E-009	3.45540E+000	7.59970E+002	7.61535E+002	1.56500E+000	5.75029E-001	7.98900E-001	1.25320E-009	2.01920E-009	1.61160E-009
139	11	15	1	1.32000E-002	-2.00000E-004	-5.00000E-004	5.36890E-009	1.60000E-009	9.08900E-010	3.48120E+000	7.65303E+002	7.67248E+002	1.94450E+000	5.69508E-001	7.99300E-001	1.38440E-009	1.96530E-009	1.54600E-009
143	9	15	1	1.32000E-002	-2.00000E-004	-5.00000E-004	4.32650E-009	1.60000E-009	2.71700E-010	3.47970E+000	7.62471E+002	7.63916E+002	1.44440E+000	5.80932E-001	7.99500E-001	1.41020E-009	1.80600E-009	2.08950E-009
147	7	15	1	1.32000E-002	-2.00000E-004	-5.00000E-004	3.67530E-009	1.90000E-009	5.52800E-010	3.46630E+000	7.81516E+002	7.83305E+002	1.78940E+000	5.60104E-001	7.99500E-001	1.63740E-009	2.04960E-009	9.74500E-010
153	5	17	3	1.33000E-002	0.00000E+000	-5.00000E-004	1.39630E-005
157	7	17	1	1.32000E-002	-3.00000E-004	-6.00000E-004	3.51840E-009	1.70000E-009	2.99800E-010	3.47990E+000	7.84490E+002	7.86509E+002	2.01980E+000	5.62358E-001	7.99800E-001	1.55070E-009	1.87160E-009	1.27430E-009
161	9	17	1	1.32000E-002	-2.00000E-004	-6.00000E-004	4.32650E-009	1.50000E-009	3.09200E-010	3.47790E+000	7.58794E+002	7.60347E+002	1.55290E+000	5.83414E-001	7.99800E-001	1.51090E-009	1.79670E-009	1.31180E-009
165	11	17	1	1.32000E-002	-2.00000E-004	-5.00000E-004	5.41340E-009	1.50000E-009	4.96600E-010	3.49440E+000	7.71123E+002	7.73227E+002	2.10410E+000	5.73657E-001	8.00200E-001	1.74280E-009	1.72870E-009	1.17120E-009
169	13	17	1	1.32000E-002	-2.00000E-004	-6.00000E-004	6.23330E-009	1.60000E-009	2.27690E-009	3.45600E+000	7.61699E+002	7.63655E+002	1.95560E+000	5.69554E-001	7.98500E-001	1.47340E-009	2.10350E-009	7.50000E-011
173	15	17	1	1.31000E-002	-2.00000E-004	-5.00000E-004	6.52840E-009	1.50000E-009	3.18570E-009	3.44260E+000	7.50737E+002	7.52701E+002	1.96420E+000	5.58264E-001	7.97700E-001	1.32580E-009	1.79670E-009	9.83800E-010
177	17	17	1	1.31000E-002	-2.00000E-004	-5.00000E-004	6.01310E-009	1.60000E-009	1.93020E-009	3.44050E+000	7.65792E+002	7.67165E+002	1.37210E+000	5.66169E-001	7.98700E-001	1.52960E-009	1.74980E-009	1.26490E-009
181	19	17	1	1.33000E-002	-2.00000E-004	-5.00000E-004	5.85610E-009	1.70000E-009	7.12100E-010	3.45380E+000	7.59645E+002	7.61323E+002	1.67790E+000	5.79110E-001	7.99500E-001	1.52490E-009	2.04030E-009	7.49600E-010
185	21	17	1	1.32000E-002	-2.00000E-004	-6.00000E-004	4.83010E-009	1.50000E-009	4.21600E-010	3.46690E+000	7.64145E+002	7.65823E+002	1.67870E+000	5.77629E-001	7.98700E-001	1.59750E-009	1.85050E-009	2.06140E-009
189	23	17	1	1.32000E-002	-3.00000E-004	-5.00000E-004	3.70580E-009	1.60000E-009	1.03100E-010	3.46230E+000	7.85480E+002	7.86935E+002	1.45500E+000	5.65444E-001	7.99100E-001	1.47810E-009	1.87400E-009	2.03320E-009
193	23	19	1	1.31000E-002	-2.00000E-004	-6.00000E-004	3.62610E-009	1.80000E-009	4.12300E-010	3.46560E+000	7.88988E+002	7.90464E+002	1.47660E+000	5.64001E-001	7.99400E-001	1.56240E-009	1.77790E-009	4.68500E-010
197	21	19	1	1.33000E-002	-2.00000E-004	-5.00000E-004	4.32880E-009	1.70000E-009	4.68500E-010	3.46420E+000	7.67438E+002	7.69280E+002	1.84270E+000	5.76311E-001	7.99100E-001	1.45930E-009	1.89970E-009	1.56480E-009
201	19	19	1	1.32000E-002	-2.00000E-004	-5.00000E-004	5.35480E-009	1.60000E-009	6.46500E-010	3.45480E+000	7.64622E+002	7.66217E+002	1.59490E+000	5.77412E-001	7.99200E-001	1.56240E-009	1.86220E-009	1.86460E-009
205	17	19	1	1.31000E-002	-1.00000E-004	-5.00000E-004	5.83500E-009	1.70000E-009	7.29910E-009	3.43700E+000	7.61295E+002	7.62808E+002	1.51280E+000	5.70884E-001	7.97700E-001	1.43360E-009	2.01920E-009	1.78000E-010
209	15	19	1	1.32000E-002	-2.00000E-004	-6.00000E-004	6.12320E-009	1.50000E-009	4.21600E-010	3.44240E+000	7.58815E+002	7.60454E+002	1.63870E+000	5.72413E-001	7.96900E-001	1.31880E-009	2.11520E-009	1.13370E-009
213	13	19	1	1.32000E-002	-1.00000E-004	-5.00000E-004	6.05050E-009	1.50000E-009	1.48417E-008	3.45570E+000	7.62154E+002	7.63784E+002	1.63030E+000	5.74044E-001	7.98500E-001	1.27190E-009	1.96300E-009	1.03100E-010
217	11	19	1	1.32000E-002	-1.00000E-004	-5.00000E-004	5.40870E-009	1.70000E-009	3.09200E-010	3.49370E+000	7.68293E+002	7.70845E+002	2.55280E+000	5.75597E-001	7.99600E-001	1.61160E-009	1.73810E-009	9.93200E-010
221	9	19	1	1.32000E-002	-2.00000E-004	-5.00000E-004	4.24690E-009	1.70000E-009	1.00260E-009	3.47480E+000	7.60687E+002	7.62233E+002	1.54540E+000	5.82550E-001	7.99600E-001	1.33520E-009	1.84120E-009	2.04260E-009
225	7	19	1	1.32000E-002	-2.00000E-004	-5.00000E-004	3.36140E-009	1.70000E-009	3.56100E-010	3.47340E+000	7.80618E+002	7.82215E+002	1.59700E+000	5.65096E-001	7.99800E-001	1.51790E-009	1.82010E-009	1.78030E-009
233	7	21	1	1.32000E-002	-3.00000E-004	-5.00000E-004	3.05220E-009	1.50000E-009	2.34200E-010	3.49140E+000	7.77326E+002	7.79356E+002	2.02990E+000	5.62994E-001	8.00500E-001	1.39840E-009	1.78730E-009	1.07750E-009
237	9	21	1	1.31000E-002	-3.00000E-004	-5.00000E-004	4.28670E-009	1.50000E-009	9.18200E-010	3.47800E+000	7.65020E+002	7.66557E+002	1.53680E+000	5.81330E-001	7.99500E-001	1.63030E-009	1.72400E-009	1.05880E-009
241	11	21	1	1.32000E-002	-2.00000E-004	-6.00000E-004	5.85850E-009	1.70000E-009	1.85520E-009	3.48520E+000	7.58156E+002	7.60059E+002	1.90300E+000	5.76941E-001	7.99800E-001	1.53430E-009	1.88330E-009	1.40500E-010
245	13	21	1	1.32000E-002	-2.00000E-004	-6.00000E-004	6.28950E-009	1.50000E-009	2.85780E-009	3.47130E+000	7.58494E+002	7.60121E+002	1.62700E+000	5.82009E-001	8.00100E-001	1.40310E-009	1.79430E-009	1.21810E-009
249	15	21	1	1.33000E-002	-2.00000E-004	-5.00000E-004	6.17470E-009	1.70000E-009	1.08221E-008	3.45220E+000	7.61715E+002	7.63466E+002	1.75150E+000	5.77455E-001	7.98400E-001	1.33520E-009	2.19020E-009	0.00000E+000
253	17	21	1	1.32000E-002	-2.00000E-004	-5.00000E-004	6.07630E-009	1.40000E-009	1.11500E-009	3.45440E+000	7.65611E+002	7.67149E+002	1.53840E+000	5.74585E-001	7.99400E-001	1.22980E-009	1.89500E-009	1.08690E-009
257	19	21	1	1.31000E-002	-2.00000E-004	-6.00000E-004	5.62420E-009	1.50000E-009	2.06100E-010	3.46770E+000	7.62235E+002	7.63908E+002	1.67260E+000	5.78393E-001	8.00000E-001	1.50620E-009	1.94420E-009	1.65850E-009
261	21	21	1	1.32000E-002	-2.00000E-004	-5.00000E-004	4.51620E-009	1.60000E-009	9.18200E-010	3.46450E+000	7.78088E+002	7.79804E+002	1.71550E+000	5.75307E-001	7.99100E-001	1.50150E-009	1.86930E-009	1.33050E-009
264	23	21	1	1.31000E-002	-5.00000E-004	-7.00000E-004	3.60030E-009	1.50000E-009	8.05800E-010	3.45950E+000	7.89168E+002	7.91077E+002	1.90890E+000	5.56407E-001	7.99600E-001	1.73340E-009	1.75680E-009	2.18320E-009
268	21	23	1	1.33000E-002	-3.00000E-004	-6.00000E-004	3.72450E-009	1.60000E-009	3.65400E-010	3.46370E+000	7.80901E+002	7.82398E+002	1.49690E+000	5.73737E-001	7.99700E-001	1.73580E-009	2.08010E-009	3.37300E-010
272	19	23	1	1.31000E-002	-2.00000E-004	-6.00000E-004	4.94020E-009	1.50000E-009	8.52700E-010	3.46110E+000	7.69118E+002	7.71173E+002	2.05560E+000	5.77800E-001	8.00200E-001	1.28130E-009	1.76850E-009	1.04000E-009
276	17	23	1	1.33000E-002	-2.00000E-004	-5.00000E-004	5.52350E-009	1.50000E-009	9.65100E-010	3.46050E+000	7.64341E+002	7.65862E+002	1.52160E+000	5.74411E-001	7.99200E-001	1.51560E-009	2.00980E-009	5.06000E-010
280	15	23	1	1.32000E-002	-2.00000E-004	-5.00000E-004	5.88890E-009	1.50000E-009	1.93020E-009	3.46460E+000	7.59585E+002	7.61045E+002	1.46040E+000	5.76967E-001	7.99200E-001	1.38440E-009	1.90440E-009	4.49700E-010
284	13	23	1	1.32000E-002	-2.00000E-004	-5.00000E-004	5.78350E-009	1.60000E-009	1.44290E-009	3.46800E+000	7.58667E+002	7.60427E+002	1.75960E+000	5.79175E-001	8.00000E-001	1.30240E-009	1.91850E-009	7.49600E-010
288	11	23	1	1.32000E-002	-2.00000E-004	-5.00000E-004	5.35250E-009	1.50000E-009	1.26490E-009	3.47320E+000	7.64233E+002	7.65845E+002	1.61120E+000	5.81088E-001	7.99400E-001	1.22510E-009	1.88800E-009	1.08690E-009
292	9	23	1	1.32000E-002	-2.00000E-004	-5.00000E-004	3.72680E-009	1.40000E-009	4.59100E-010	3.46510E+000	7.76415E+002	7.77878E+002	1.46360E+000	5.71635E-001	7.99300E-001	1.45930E-009	1.92780E-009	1.04940E-009
296	7	23	1	1.31000E-002	-2.00000E-004	-6.00000E-004	2.97490E-009	1.70000E-009	5.15340E-009	3.50890E+000	7.56763E+002	7.59402E+002	2.63850E+000	5.71852E-001	8.00500E-001	1.41020E-009	1.75450E-009	4.02900E-010
302	9	25	1	1.32000E-002	-3.00000E-004	-6.00000E-004	3.74790E-009	1.70000E-009	5.81860E-009	3.47810E+000	7.78116E+002	7.80209E+002	2.09330E+000	5.60833E-001	7.99800E-001	1.49920E-009	1.77090E-009	7.40200E-010
306	11	25	1	1.32000E-002	-3.00000E-004	-6.00000E-004	4.40610E-009	1.50000E-009	5.28460E-009	3.46940E+000	7.82220E+002	7.83462E+002	1.24180E+000	5.71192E-001	7.99700E-001	1.39140E-009	1.74510E-009	4.77900E-010
310	13	25	1	1.32000E-002	-2.00000E-004	-5.00000E-004	5.06910E-009	1.70000E-009	1.63970E-009	3.46830E+000	7.66626E+002	7.68315E+002	1.68960E+000	5.80876E-001	8.00000E-001	1.78490E-009	1.64910E-009	7.87100E-010
314	15	25	1	1.32000E-002	-2.00000E-004	-6.00000E-004	4.76450E-009	1.60000E-009	2.32370E-009	3.45250E+000	7.62343E+002	7.63875E+002	1.53170E+000	5.72744E-001	7.99100E-001	1.82480E-009	1.87400E-009	9.27600E-010
318	17	25	1	1.32000E-002	-2.00000E-004	-5.00000E-004	4.07590E-009	1.60000E-009	4.68000E-011	3.45840E+000	7.69873E+002	7.71667E+002	1.79380E+000	5.77916E-001	7.99800E-001	1.63270E-009	1.77560E-009	1.14310E-009
322	19	25	1	1.32000E-002	-2.00000E-004	-6.00000E-004	3.95170E-009	1.60000E-009	3.84200E-010	3.46430E+000	7.76127E+002	7.77572E+002	1.44420E+000	5.75951E-001	7.99400E-001	1.56710E-009	2.02390E-009	3.74800E-010
326	21	25	1	1.34000E-002	-3.00000E-004	-7.00000E-004	3.96580E-009	1.60000E-009	5.80900E-010	3.46370E+000	7.83487E+002	7.85409E+002	1.92180E+000	5.57612E-001	7.99100E-001	1.62800E-009	1.92550E-009	1.38670E-009
329	19	27	1	1.34000E-002	-3.00000E-004	-6.00000E-004	3.74090E-009	1.70000E-009	7.30800E-010	3.47000E+000	7.78997E+002	7.81147E+002	2.15020E+000	5.60560E-001	7.99600E-001	1.70530E-009	1.88330E-009	2.23940E-009
332	17	27	1	1.32000E-002	-2.00000E-004	-6.00000E-004	3.46210E-009	1.60000E-009	1.55540E-009	3.46630E+000	7.83050E+002	7.84869E+002	1.81910E+000	5.66612E-001	8.00000E-001	1.57180E-009	1.90680E-009	1.28370E-009
336	15	27	1	1.32000E-002	-2.00000E-004	-6.00000E-004	3.77840E-009	1.60000E-009	2.21130E-009	3.45820E+000	7.77882E+002	7.79805E+002	1.92270E+000	5.67141E-001	8.00300E-001	1.48510E-009	1.75450E-009	1.35860E-009
340	13	27	1	1.32000E-002	-2.00000E-004	-5.00000E-004	3.97510E-009	1.70000E-009	9.46300E-010	3.46560E+000	7.84223E+002	7.86758E+002	2.53520E+000	5.61702E-001	8.00300E-001	1.43590E-009	1.78260E-009	1.33990E-009
344	11	27	1	1.33000E-002	-2.00000E-004	-5.00000E-004	3.50900E-009	1.70000E-009	2.35180E-009	3.48100E+000	7.78041E+002	7.80182E+002	2.14180E+000	5.61087E-001	8.00800E-001	1.58350E-009	2.13400E-009	3.09200E-010

6	18	7	1	1.32000E-002	-2.80000E-003	-3.10000E-003	3.19910E-009	1.80000E-009	3.08200E-009	3.48270E+000	7.71323E+002	7.73217E+002	1.89400E+000	5.65042E-001	8.02600E-001	1.48240E-009	1.87360E-009	1.20840E-009
10	16	7	1	1.32000E-002	-2.70000E-003	-3.00000E-003	4.20140E-009	1.80000E-009	2.97890E-009	3.45140E+000	7.76849E+002	7.78549E+002	1.70060E+000	5.63261E-001	8.02100E-001	1.60190E-009	2.06090E-009	1.44260E-009
14	14	7	1	1.31000E-002	-2.70000E-003	-3.00000E-003	3.95550E-009	1.60000E-009	7.15700E-009	3.46570E+000	7.76267E+002	7.78424E+002	2.15760E+000	5.62349E-001	8.02000E-001	1.60190E-009	1.98360E-009	1.50820E-009
17	12	7	1	1.35000E-002	-2.80000E-003	-3.10000E-003	3.48250E-009	1.70000E-009	3.56000E-010	3.48520E+000	7.70063E+002	7.71697E+002	1.63340E+000	5.62700E-001	8.03000E-001	2.24120E-009	1.90170E-009	6.46400E-010
18	10	7	5	1.01000E-002	-3.00000E-003	-3.30000E-003	4.15690E-009	4.00000E-010	1.41150E-005
19	8	9	5	1.02000E-002	-3.00000E-003	-3.30000E-003	3.91810E-009	7.00000E-010	1.41150E-005
23	10	9	1	1.32000E-002	-2.80000E-003	-3.00000E-003	3.58320E-009	1.80000E-009	5.67690E-009	3.46710E+000	7.79116E+002	7.81218E+002	2.10150E+000	5.53591E-001	8.02000E-001	1.89460E-009	1.95080E-009	1.92980E-009
27	12	9	1	1.32000E-002	-2.80000E-003	-3.10000E-003	4.21550E-009	1.60000E-009	4.29040E-009	3.46280E+000	7.74631E+002	7.76084E+002	1.45250E+000	5.72601E-001	8.01200E-001	1.72370E-009	1.60420E-009	1.48010E-009
31	14	9	1	1.33000E-002	-2.70000E-003	-3.00000E-003	4.39350E-009	1.60000E-009	4.29980E-009	3.46650E+000	7.62282E+002	7.63913E+002	1.63090E+000	5.83103E-001	8.02300E-001	1.69320E-009	1.66040E-009	8.05600E-010
35	16	9	5	1.33000E-002	-2.80000E-003	-3.00000E-003	4.90400E-009	1.90000E-009	4.45512E-007
39	18	9	1	1.32000E-002	-2.70000E-003	-3.00000E-003	4.39580E-009	1.80000E-009	3.13820E-009	3.46870E+000	7.70788E+002	7.72502E+002	1.71350E+000	5.76673E-001	8.01900E-001	1.83610E-009	1.96250E-009	1.51760E-009
43	20	9	1	1.32000E-002	-2.70000E-003	-3.00000E-003	3.70030E-009	1.40000E-009	4.81500E-009	3.45420E+000	7.79627E+002	7.82660E+002	3.03320E+000	5.59743E-001	8.01000E-001	1.55740E-009	1.88060E-009	5.80800E-010
48	22	11	1	1.32000E-002	-2.70000E-003	-3.10000E-003	3.65110E-009	1.80000E-009	2.96020E-009	3.45810E+000	7.79003E+002	7.81029E+002	2.02610E+000	5.53781E-001	8.01000E-001	1.73070E-009	1.84540E-009	2.15500E-010
52	20	11	1	1.31000E-002	-2.70000E-003	-3.00000E-003	4.39110E-009	1.80000E-009	4.31850E-009	3.45750E+000	7.68468E+002	7.70033E+002	1.56450E+000	5.78335E-001	8.01300E-001	1.60660E-009	1.61130E-009	1.40520E-009
56	18	11	1	1.32000E-002	-2.70000E-003	-3.00000E-003	5.16870E-009	1.90000E-009	2.98830E-009	3.47150E+000	7.64286E+002	7.65906E+002	1.62030E+000	5.79911E-001	8.02300E-001	1.54100E-009	1.69560E-009	1.49900E-010
60	16	11	1	1.32000E-002	-2.70000E-003	-3.00000E-003	5.69790E-009	1.60000E-009	2.88530E-009	3.46030E+000	7.54511E+002	7.55981E+002	1.47050E+000	5.83624E-001	8.01400E-001	1.65340E-009	1.70020E-009	1.72370E-009
64	14	11	1	1.33000E-002	-2.70000E-003	-3.00000E-003	5.65340E-009	1.80000E-009	1.35739E-007	3.46400E+000	7.50113E+002	7.51659E+002	1.54570E+000	5.84543E-001	8.01700E-001	1.65110E-009	1.80560E-009	5.90200E-010
68	12	11	1	1.31000E-002	-2.70000E-003	-3.00000E-003	5.29510E-009	1.80000E-009	4.19680E-009	3.46910E+000	7.58341E+002	7.59924E+002	1.58310E+000	5.84710E-001	8.01800E-001	1.19440E-009	1.73770E-009	1.03050E-009
72	10	11	1	1.32000E-002	-2.60000E-003	-3.00000E-003	4.09140E-009	1.60000E-009	2.82910E-009	3.47300E+000	7.73971E+002	7.75396E+002	1.42510E+000	5.72962E-001	8.01900E-001	1.49180E-009	1.83610E-009	3.18500E-010
76	8	11	1	1.32000E-002	-2.70000E-003	-3.10000E-003	3.61830E-009	1.60000E-009	5.77050E-009	3.48870E+000	7.76108E+002	7.77981E+002	1.87310E+000	5.56795E-001	8.01300E-001	1.96250E-009	1.85480E-009	1.03000E-010
78	6	13	5	1.35000E-002	-3.00000E-003	-3.30000E-003	3.78460E-009	5.00000E-010	1.41150E-005
82	8	13	1	1.33000E-002	-2.80000E-003	-3.00000E-003	3.71670E-009	1.60000E-009	1.43330E-009	3.48210E+000	7.85139E+002	7.87114E+002	1.97440E+000	5.60304E-001	8.01900E-001	1.78220E-009	1.82910E-009	1.02110E-009
86	10	13	1	1.32000E-002	-2.80000E-003	-3.00000E-003	4.84310E-009	1.80000E-009	2.57610E-009	3.48040E+000	7.61220E+002	7.63341E+002	2.12100E+000	5.73067E-001	8.01700E-001	1.88290E-009	1.68850E-009	5.71400E-010
90	12	13	1	1.32000E-002	-2.70000E-003	-3.00000E-003	5.67450E-009	1.70000E-009	4.42160E-009	3.48500E+000	7.46650E+002	7.48416E+002	1.76680E+000	5.81601E-001	8.01700E-001	1.75650E-009	1.79160E-009	6.08900E-010
94	14	13	1	1.32000E-002	-2.70000E-003	-3.00000E-003	6.29750E-009	1.90000E-009	5.36770E-009	3.46690E+000	7.53209E+002	7.54563E+002	1.35360E+000	5.86950E-001	8.01500E-001	1.54570E-009	1.73770E-009	1.88290E-009
98	16	13	1	1.31000E-002	-2.70000E-003	-3.00000E-003	5.98130E-009	1.80000E-009	7.82210E-009	3.46920E+000	7.60329E+002	7.62114E+002	1.78510E+000	5.84371E-001	8.02100E-001	2.06320E-009	1.79860E-009	2.23890E-009
102	18	13	1	1.33000E-002	-2.70000E-003	-3.00000E-003	5.74710E-009	1.80000E-009	2.32320E-009	3.49210E+000	7.68209E+002	7.70340E+002	2.13070E+000	5.76351E-001	8.02100E-001	1.46610E-009	1.96960E-009	1.83610E-009
106	20	13	1	1.32000E-002	-2.70000E-003	-3.00000E-003	4.80570E-009	1.80000E-009	1.26460E-009	3.47540E+000	7.60074E+002	7.61509E+002	1.43470E+000	5.74767E-001	8.01500E-001	1.78690E-009	1.91340E-009	1.67680E-009
110	22	13	1	1.32000E-002	-2.70000E-003	-3.00000E-003	4.07500E-009	1.60000E-009	1.66750E-009	3.46990E+000	7.76848E+002	7.78240E+002	1.39260E+000	5.63804E-001	8.01500E-001	1.47540E-009	2.01640E-009	2.90400E-010
116	24	15	1	1.32000E-002	-2.70000E-003	-3.00000E-003	3.15220E-009	1.70000E-009	1.43330E-009	3.47460E+000	7.76873E+002	7.78663E+002	1.79010E+000	5.51167E-001	8.01800E-001	1.49880E-009	1.65810E-009	1.78000E-010
120	22	15	1	1.32000E-002	-2.70000E-003	-3.00000E-003	3.97430E-009	2.00000E-009	9.83600E-010	3.46900E+000	7.74659E+002	7.76223E+002	1.56320E+000	5.73914E-001	8.01500E-001	1.68620E-009	1.85250E-009	2.90400E-010
124	20	15	1	1.32000E-002	-2.60000E-003	-3.00000E-003	5.33730E-009	1.70000E-009	1.55500E-009	3.46600E+000	7.54895E+002	7.56754E+002	1.85940E+000	5.73967E-001	8.01800E-001	1.27400E-009	1.91340E-009	3.74700E-010
128	18	15	1	1.32000E-002	-2.70000E-003	-3.00000E-003	6.46380E-009	1.80000E-009	1.12410E-009	3.46890E+000	7.62373E+002	7.64136E+002	1.76270E+000	5.73342E-001	8.02100E-001	1.68150E-009	1.90170E-009	2.29510E-009
132	16	15	1	1.32000E-002	-2.70000E-003	-3.00000E-003	6.53870E-009	1.40000E-009	6.37000E-010	3.45500E+000	7.63716E+002	7.65265E+002	1.54960E+000	5.71311E-001	8.00400E-001	1.48480E-009	1.86650E-009	2.49180E-009
136	14	15	1	1.32000E-002	-2.70000E-003	-3.00000E-003	6.58080E-009	1.70000E-009	6.93200E-010	3.42680E+000	7.60491E+002	7.61870E+002	1.37980E+000	5.74313E-001	8.00400E-001	1.44030E-009	1.92740E-009	8.89900E-010
140	12	15	1	1.32000E-002	-2.70000E-003	-3.00000E-003	6.42860E-009	1.50000E-009	1.92040E-009	3.47320E+000	7.56973E+002	7.58569E+002	1.59650E+000	5.79895E-001	8.01600E-001	1.43330E-009	1.75180E-009	1.04920E-009
144	10	15	1	1.32000E-002	-2.70000E-003	-3.00000E-003	5.48250E-009	1.70000E-009	9.64900E-010	3.47430E+000	7.50020E+002	7.51649E+002	1.62870E+000	5.79124E-001	8.02100E-001	1.62060E-009	1.76580E-009	9.37000E-011
148	8	15	1	1.32000E-002	-2.70000E-003	-3.00000E-003	4.11950E-009	1.90000E-009	7.02600E-010	3.48430E+000	7.73618E+002	7.75470E+002	1.85230E+000	5.74613E-001	8.02100E-001	1.62060E-009	1.91340E-009	1.62060E-009
150	6	15	1	1.35000E-002	-2.90000E-003	-3.10000E-003	3.59960E-009	1.40000E-009	4.19680E-009	3.51360E+000	7.58463E+002	7.60697E+002	2.23430E+000	5.67214E-001	8.03100E-001	1.63700E-009	1.84780E-009	4.49700E-010
154	6	17	1	1.33000E-002	-2.80000E-003	-3.10000E-003	4.61830E-009	1.70000E-009	1.56440E-009	3.51470E+000	7.72737E+002	7.74686E+002	1.94910E+000	5.61567E-001	8.03500E-001	1.67450E-009	1.80100E-009	1.60190E-009
158	8	17	1	1.32000E-002	-2.80000E-003	-3.00000E-003	4.00240E-009	1.80000E-009	4.59000E-010	3.47790E+000	7.67919E+002	7.69619E+002	1.69990E+000	5.79161E-001	8.02200E-001	1.66280E-009	1.79390E-009	1.29280E-009
162	10	17	1	1.32000E-002	-2.70000E-003	-3.00000E-003	5.57850E-009	1.50000E-009	1.75180E-009	3.47670E+000	7.50748E+002	7.52210E+002	1.46190E+000	5.83582E-001	8.01900E-001	1.59020E-009	1.60190E-009	1.30210E-009
166	12	17	1	1.32000E-002	-2.60000E-003	-3.00000E-003	6.30680E-009	1.60000E-009	1.09600E-009	3.46340E+000	7.59213E+002	7.60766E+002	1.55250E+000	5.75538E-001	8.02100E-001	1.84780E-009	1.71430E-009	1.47070E-009
170	14	17	1	1.32000E-002	-2.70000E-003	-3.10000E-003	6.58550E-009	1.80000E-009	3.84080E-009	3.44350E+000	7.59272E+002	7.60788E+002	1.51650E+000	5.70601E-001	7.99700E-001	1.61360E-009	1.97190E-009	1.70490E-009
174	16	17	1	1.31000E-002	-2.70000E-003	-3.00000E-003	6.24360E-009	1.40000E-009	1.92040E-009	3.44300E+000	7.67542E+002	7.69173E+002	1.63110E+000	5.53778E-001	8.00500E-001	1.38880E-009	1.68150E-009	1.46140E-009
178	18	17	1	1.31000E-002	-2.60000E-003	-3.00000E-003	6.14520E-009	1.60000E-009	2.02340E-009	3.45180E+000	7.65065E+002	7.66818E+002	1.75300E+000	5.68741E-001	8.02100E-001	1.61590E-009	1.73770E-009	1.16160E-009
182	20	17	1	1.33000E-002	-2.70000E-003	-3.00000E-003	5.63940E-009	1.70000E-009	7.49000E-011	3.46840E+000	7.64110E+002	7.66184E+002	2.07390E+000	5.77281E-001	8.01700E-001	1.70960E-009	1.84080E-009	1.45200E-009
186	22	17	1	1.32000E-002	-2.70000E-003	-3.00000E-003	4.18500E-009	1.40000E-009	5.15200E-010	3.46710E+000	7.73150E+002	7.74641E+002	1.49110E+000	5.76958E-001	8.01700E-001	1.53870E-009	1.66040E-009	4.02800E-010
190	24	17	1	1.32000E-002	-2.80000E-003	-3.00000E-003	3.72600E-009	1.60000E-009	1.07730E-009	3.46380E+000	7.81746E+002	7.83694E+002	1.94770E+000	5.53347E-001	8.01900E-001	1.64640E-009	1.80560E-009	3.65300E-010
194	24	19	1	1.31000E-002	-2.80000E-003	-3.00000E-003	3.63470E-009	1.90000E-009	9.83600E-010	3.44010E+000	7.81520E+002	7.83406E+002	1.88530E+000	5.57545E-001	8.02300E-001	1.60660E-009	1.59020E-009	1.67680E-009
198	22	19	1	1.33000E-002	-2.70000E-003	-3.00000E-003	3.93680E-009	1.60000E-009	1.22720E-009	3.44730E+000	7.77073E+002	7.78727E+002	1.65430E+000	5.76021E-001	8.01600E-001	1.49180E-009	1.75880E-009	5.71400E-010
202	20	19	1	1.32000E-002	-2.70000E-003	-3.00000E-003	5.24360E-009	1.70000E-009	2.24800E-010	3.45900E+000	7.63460E+002	7.65228E+002	1.76840E+000	5.76969E-001	8.01900E-001	1.74940E-009	1.83370E-009	8.99300E-010
206	18	19	1	1.31000E-002	-2.60000E-003	-3.00000E-003	6.17570E-009	1.60000E-009	3.46600E-010	3.46500E+000	7.66466E+002	7.68468E+002	2.00230E+000	5.71474E-001	8.02300E-001	1.60890E-009	1.81970E-009	2.06090E-009
210	16	19	1	1.32000E-002	-2.60000E-003	-3.00000E-003	5.96960E-009	1.40000E-009	1.27400E-009	3.43950E+000	7.64006E+002	7.65493E+002	1.48700E+000	5.69263E-001	7.99200E-001	1.38170E-009	1.98130E-009	1.29280E-009
214	14	19	1	1.32000E-002	-2.60000E-003	-3.00000E-003	6.35370E-009	1.50000E-009	1.90170E-009	3.44380E+000	7.61057E+002	7.62507E+002	1.45040E+000	5.72089E-001	7.99600E-001	1.44730E-009	1.87590E-009	7.30700E-010
218	12	19	1	1.32000E-002	-2.70000E-003	-3.00000E-003	6.45670E-009	1.60000E-009	6.37000E-010	3.47580E+000	7.56264E+002	7.57722E+002	1.45800E+000	5.80450E-001	8.02100E-001	1.74010E-009	1.53630E-009	3.84100E-010
222	10	19	1	1.32000E-002	-2.60000E-003	-3.00000E-003	5.62070E-009	1.60000E-009	2.34190E-009	3.48380E+000	7.46697E+002	7.48280E+002	1.58370E+000	5.85001E-001	8.02500E-001	1.38880E-009	1.74240E-009	5.24600E-010
226	8	19	1	1.32000E-002	-2.70000E-003	-3.00000E-003	3.87360E-009	1.80000E-009	1.96720E-009	3.47880E+000	7.66829E+002	7.68392E+002	1.56290E+000	5.79488E-001	8.02200E-001	1.72370E-009	1.68850E-009	3.74700E-010
228	6	19	1	1.35000E-002	-2.90000E-003	-3.20000E-003	3.17570E-009	1.60000E-009	4.40300E-010	3.52430E+000	7.62913E+002	7.64630E+002	1.71780E+000	5.68748E-001	8.03000E-001	1.93680E-009	1.61830E-009	1.12410E-009
230	6	21	1	1.35000E-002	-2.90000E-003	-3.20000E-003	2.96490E-009	1.50000E-009	3.69090E-009	3.56900E+000	7.29277E+002	7.32154E+002	2.87650E+000	5.80644E-001	8.05400E-001	1.62060E-009	1.63940E-009	1.18970E-009
234	8	21	1	1.32000E-002	-2.80000E-003	-3.00000E-003	3.61600E-009	1.40000E-009	1.16160E-009	3.47930E+000	7.76795E+002	7.78887E+002	2.09250E+000	5.69893E-001	8.02300E-001	1.30210E-009	1.65110E-009	1.06790E-009
238	10	21	1	1.31000E-002	-2.80000E-003	-3.00000E-003	5.52930E-009	1.60000E-009	5.34000E-010	3.48170E+000	7.58011E+002	7.59777E+002	1.76580E+000	5.82319E-001	8.03000E-001	1.75410E-009	1.66040E-009	6.93200E-010
242	12	21	1	1.32000E-002	-2.70000E-003	-3.00000E-003	6.98130E-009	1.70000E-009	2.86650E-009	3.47960E+000	7.50770E+002	7.52486E+002	1.71570E+000	5.83040E-001	8.02600E-001	1.63000E-009	1.67450E-009	3.09100E-010
246	14	21	1	1.32000E-002	-2.70000E-003	-3.00000E-003	6.32560E-009	1.50000E-009	1.04825E-008	3.45890E+000	7.63771E+002	7.65306E+002	1.53510E+000	5.75808E-001	8.01800E-001	1.51760E-009	1.76350E-009	1.96720E-009
250	16	21	1	1.33000E-002	-2.70000E-003	-3.00000E-003	6.46610E-009	1.70000E-009	5.89230E-009	3.44560E+000	7.65481E+002	7.67061E+002	1.57950E+000	5.73275E-001	8.01100E-001	1.55500E-009	2.13580E-009	1.63940E-009
254	18	21	1	1.32000E-002	-2.70000E-003	-3.00000E-003	6.06330E-009	1.30000E-009	6.08900E-010	3.47360E+000	7.66879E+002	7.68449E+002	1.57040E+000	5.75938E-001	8.02400E-001	1.32790E-009	1.72840E-009	9.74200E-010
258	20	21	1	1.31000E-002	-2.70000E-003	-3.00000E-003	5.36540E-009	1.60000E-009	7.68200E-010	3.46810E+000	7.67071E+002	7.68606E+002	1.53520E+000	5.74621E-001	8.02100E-001	1.68850E-009	1.88530E-009	1.11480E-009
262	22	21	1	1.32000E-002	-2.70000E-003	-3.00000E-003	4.11480E-009	1.50000E-009	7.49000E-011	3.46740E+000	7.82072E+002	7.83561E+002	1.48970E+000	5.73283E-001	8.02000E-001	1.56440E-009	1.72370E-009	1.23650E-009
269	22	23	1	1.33000E-002	-2.70000E-003	-3.10000E-003	3.84310E-009	1.60000E-009	1.28340E-009	3.46780E+000	7.85429E+002	7.87627E+002	2.19760E+000	5.61899E-001	8.02100E-001	1.77750E-009	1.92510E-009	1.78000E-010
273	20	23	1	1.31000E-002	-2.70000E-003	-3.00000E-003	4.66750E-009	1.40000E-009	6.55700E-010	3.46960E+000	7.76268E+002	7.77811E+002	1.54340E+000	5.76429E-001	8.01900E-001	1.41220E-009	1.67450E-009	1.30210E-009
277	18	23	1	1.33000E-002	-2.70000E-003	-3.00000E-003	5.16870E-009	1.50000E-009	2.81000E-011	3.46860E+000	7.68159E+002	7.69931E+002	1.77120E+000	5.73365E-001	8.02300E-001	1.72840E-009	1.86650E-009	7.49000E-011
281	16	23	1	1.32000E-002	-2.60000E-003	-3.00000E-003	5.78220E-009	1.50000E-009	8.71200E-010	3.46160E+000	7.62181E+002	7.63616E+002	1.43550E+000	5.73671E-001	8.01400E-001	1.41920E-009	1.77750E-009	2.25760E-009
285	14	23	1	1.32000E-002	-2.70000E-003	-3.00000E-003	6.01640E-009	1.70000E-009	2.85720E-009	3.46200E+000	7.57825E+002	7.59466E+002	1.64100E+000	5.78054E-001	8.01900E-001	1.48240E-009	1.85720E-009	1.99530E-009
289	12	23	1	1.32000E-002	-2.60000E-003	-3.00000E-003	6.30920E-009	1.50000E-009	1.23650E-009	3.46880E+000	7.56844E+002	7.58633E+002	1.78890E+000	5.82426E-001	8.02200E-001	1.33020E-009	1.74010E-009	1.40500E-010
293	10	23	1	1.32000E-002	-2.70000E-003	-3.00000E-003	4.96730E-009	1.50000E-009	5.62000E-011	3.46890E+000	7.65009E+002	7.66480E+002	1.47160E+000	5.80607E-001	8.02100E-001	1.63230E-009	1.80800E-009	1.54570E-009
297	8	23	1	1.31000E-002	-2.70000E-003	-3.00000E-003	3.41220E-009	1.60000E-009	4.54340E-009	3.46310E+000	7.80911E+002	7.83268E+002	2.35640E+000	5.60978E-001	8.01800E-001	1.44730E-009	1.53870E-009	1.65810E-009
299	8	25	1	1.36000E-002	-2.90000E-003	-3.20000E-003	3.82440E-009	1.50000E-009	8.08440E-009	3.52100E+000	7.48410E+002	7.52165E+002	3.75580E+000	5.74147E-001	8.03600E-001	2.14760E-009	1.60190E-009	5.71400E-010
303	10	25	1	1.32000E-002	-2.70000E-003	-3.00000E-003	4.55510E-009	1.50000E-009	6.53870E-009	3.46380E+000	7.82499E+002	7.85061E+002	2.56210E+000	5.63799E-001	8.02100E-001	1.41690E-009	1.58080E-009	1.66750E-009
307	12	25	1	1.32000E-002	-2.70000E-003	-3.00000E-003	4.87120E-009	1.60000E-009	2.00470E-009	3.46010E+000	7.64664E+002	7.66087E+002	1.42290E+000	5.82875E-001	8.02300E-001	1.56440E-009	1.76110E-009	1.31150E-009
311	14	25	1	1.32000E-002	-2.70000E-003	-3.00000E-003	5.43330E-009	1.70000E-009	3.39110E-009	3.46390E+000	7.65452E+002	7.67033E+002	1.58130E+000	5.79097E-001	8.02200E-001	1.68150E-009	1.50590E-009	1.96700E-010
315	16	25	1	1.32000E-002	-2.70000E-003	-3.00000E-003	4.55040E-009	1.70000E-009	2.71700E-010	3.45640E+000	7.70164E+002	7.71937E+002	1.77380E+000	5.71894E-001	8.01900E-001	1.78920E-009	1.75650E-009	1.63000E-009
319	18	25	1	1.32000E-002	-2.70000E-003	-3.00000E-003	4.29980E-009	1.70000E-009	1.01170E-009	3.47490E+000	7.79701E+002	7.81602E+002	1.90040E+000	5.74915E-001	8.02500E-001	1.76110E-009	1.64400E-009	1.59250E-009
323	20	25	1	1.32000E-002	-2.70000E-003	-3.00000E-003	3.92510E-009	1.50000E-009	6.46400E-010	3.45930E+000	7.83431E+002	7.84955E+002	1.52410E+000	5.67327E-001	8.01900E-001	1.58320E-009	1.99530E-009	2.07030E-009
333	18	27	1	1.32000E-002	-2.80000E-003	-3.00000E-003	3.67920E-009	1.70000E-009	2.71700E-010	3.47460E+000	7.84340E+002	7.86674E+002	2.33380E+000	5.60229E-001	8.02700E-001	1.66280E-009	1.87820E-009	1.32090E-009
337	16	27	1	1.32000E-002	-2.70000E-003	-3.00000E-003	3.88290E-009	1.50000E-009	1.87400E-010	3.46710E+000	7.83203E+002	7.85548E+002	2.34490E+000	5.63010E-001	8.03200E-001	1.55500E-009	1.54800E-009	1.27400E-009
341	14	27	1	1.32000E-002	-2.70000E-003	-3.00000E-003	4.12180E-009	1.70000E-009	9.18000E-010	3.45980E+000	7.82497E+002	7.84013E+002	1.51620E+000	5.66231E-001	8.02800E-001	1.56680E-009	1.78220E-009	1.58320E-009
345	12	27	1	1.33000E-002	-2.70000E-003	-3.00000E-003	4.42160E-009	1.80000E-009	9.18000E-010	3.45970E+000	7.81154E+002	7.83467E+002	2.31310E+000	5.60562E-001	8.02400E-001	1.73070E-009	1.96020E-009	9.55500E-010
348	10	27	1	1.31000E-002	-2.80000E-003	-3.10000E-003	3.54800E-009	1.50000E-009	5.49890E-009	3.49890E+000	7.57976E+002	7.61208E+002	3.23120E+000	5.72670E-001	8.04000E-001	1.77750E-009	1.88060E-009	7.49400E-010

