Program name	H0192AB_E4_CP1.dll
Lot number	C146419.00-CPTSTE07-250312-165428@CP
Wafer number	06
Date	2025/03/12
Time	16:57:26

No.U	X	Y	Bin	CONT@D	CONT@G	CONT@S	IGSS1	IGSSR1	IDSS1	VTH	BVDSS1	BVDSS2	BV2-BV1	RDSON1	VFSDS	IGSS2	IGSSR2	IDSS3
LimitU				0.5V	0.5V	0.5V	80nA	3uA	200nA	4V	900V	900V	50V	640mohm	1V	80nA	80nA	150nA
LimitL				-0.5V	-0.5V	-0.5V	0nA	0uA	0nA	3V	700V	700V	-10V	0mohm	0V	0nA	0nA	0nA
Bias 1				 	 	 	 	 	 	100uA	250uA	1mA	 	1A	 	 	 	 
Bias 2				 	 	 	 	 	 	 	 	 	 	 	2A	 	 	 
Bias 3				2V	 	 	 	 	700V	 	 	 	 	 	 	 	 	600V
Bias 4				 	2V	 	30V	-30V	 	 	 	 	 	10V	0V	20V	-20V	 
Bias 5				1000uS	8000uS	8000uS	12000uS	12000uS	10000uS	2000uS	10000uS	8000uS	1000uS	50000uS	5000uS	12000uS	12000uS	10000uS
Bias 6				 	 	 	 	 	 	 	 	 	 	 	 	 	 	 
3	17	6	1	1.32000E-002	1.20000E-003	9.00000E-004	3.45900E-009	1.50000E-009	7.63460E-009	3.49950E+000	7.35077E+002	7.38420E+002	3.34270E+000	5.82622E-001	7.98600E-001	1.01870E-009	1.94850E-009	2.46370E-009
7	15	6	1	1.32000E-002	1.20000E-003	9.00000E-004	3.70260E-009	1.30000E-009	5.82670E-009	3.49410E+000	7.52570E+002	7.55536E+002	2.96540E+000	5.79364E-001	7.98100E-001	1.28100E-009	1.81500E-009	2.54800E-009
11	13	6	1	1.31000E-002	1.20000E-003	9.00000E-004	3.71430E-009	1.40000E-009	8.17790E-009	3.51940E+000	7.40602E+002	7.44629E+002	4.02720E+000	5.72778E-001	7.99600E-001	9.83600E-010	2.22010E-009	1.47070E-009
20	9	8	5	1.31000E-002	1.20000E-003	9.00000E-004	3.66040E-009	1.50000E-009	1.38110E-005
24	11	8	1	1.32000E-002	1.20000E-003	9.00000E-004	3.33250E-009	1.60000E-009	6.14520E-009	3.48010E+000	7.79341E+002	7.81534E+002	2.19280E+000	5.55793E-001	7.96700E-001	1.12880E-009	2.07020E-009	1.38640E-009
28	13	8	1	1.32000E-002	1.30000E-003	9.00000E-004	3.83840E-009	1.70000E-009	3.24120E-009	3.45720E+000	7.83866E+002	7.87005E+002	3.13890E+000	5.66013E-001	7.96200E-001	1.28340E-009	1.79160E-009	2.06100E-010
32	15	8	1	1.33000E-002	1.30000E-003	9.00000E-004	4.16160E-009	1.30000E-009	2.70162E-008	3.45870E+000	7.73772E+002	7.75674E+002	1.90160E+000	5.77563E-001	7.97200E-001	8.68800E-010	1.85240E-009	8.43000E-011
36	17	8	1	1.33000E-002	1.30000E-003	9.00000E-004	4.48010E-009	1.60000E-009	8.57140E-009	3.45220E+000	7.80851E+002	7.82190E+002	1.33910E+000	5.71201E-001	7.98100E-001	1.35360E-009	2.07260E-009	1.12400E-010
40	19	8	1	1.31000E-002	1.30000E-003	9.00000E-004	4.50580E-009	1.70000E-009	3.33490E-009	3.45020E+000	7.79017E+002	7.81050E+002	2.03270E+000	5.64156E-001	7.97500E-001	1.40750E-009	1.81730E-009	1.33960E-009
45	21	10	1	1.32000E-002	1.20000E-003	9.00000E-004	4.14750E-009	1.70000E-009	4.99290E-009	3.45700E+000	7.83868E+002	7.85210E+002	1.34170E+000	5.57079E-001	7.96100E-001	1.30210E-009	1.84070E-009	1.39580E-009
49	19	10	1	1.32000E-002	1.30000E-003	1.00000E-003	4.47540E-009	1.50000E-009	5.77980E-009	3.46230E+000	7.68239E+002	7.69894E+002	1.65560E+000	5.81380E-001	7.97500E-001	1.01400E-009	1.87820E-009	1.03980E-009
53	17	10	1	1.32000E-002	1.30000E-003	9.00000E-004	5.30210E-009	1.40000E-009	6.10770E-009	3.46620E+000	7.62265E+002	7.64125E+002	1.86000E+000	5.88746E-001	7.97100E-001	1.17800E-009	1.93910E-009	2.71660E-009
57	15	10	1	1.32000E-002	1.30000E-003	9.00000E-004	5.64400E-009	1.30000E-009	4.44960E-009	3.45830E+000	7.60157E+002	7.61858E+002	1.70090E+000	5.91826E-001	7.97500E-001	1.22010E-009	1.61830E-009	2.41680E-009
61	13	10	1	1.33000E-002	1.30000E-003	1.00000E-003	4.72600E-009	1.90000E-009	3.40040E-009	3.47660E+000	7.66906E+002	7.68575E+002	1.66870E+000	5.87088E-001	7.97000E-001	1.33250E-009	1.74940E-009	1.44260E-009
65	11	10	1	1.32000E-002	1.20000E-003	9.00000E-004	3.96950E-009	1.60000E-009	1.35830E-009	3.47960E+000	7.83789E+002	7.85310E+002	1.52080E+000	5.72714E-001	7.96200E-001	1.42620E-009	1.93440E-009	9.37000E-011
69	9	10	1	1.32000E-002	1.30000E-003	1.00000E-003	4.09370E-009	1.20000E-009	1.92040E-009	3.47590E+000	7.79035E+002	7.81473E+002	2.43790E+000	5.58375E-001	7.96000E-001	9.81300E-010	1.73070E-009	2.12640E-009
73	7	10	3	1.32000E-002	1.20000E-003	9.00000E-004	1.38720E-005
79	7	12	1	1.33000E-002	1.30000E-003	9.00000E-004	3.51290E-009	1.40000E-009	3.72830E-009	3.50070E+000	7.56668E+002	7.59711E+002	3.04330E+000	5.69699E-001	7.96700E-001	1.14050E-009	1.72130E-009	1.98590E-009
83	9	12	1	1.33000E-002	1.30000E-003	9.00000E-004	4.07020E-009	1.70000E-009	1.96700E-010	3.47000E+000	7.78578E+002	7.80391E+002	1.81240E+000	5.72067E-001	7.95400E-001	1.26230E-009	1.89230E-009	2.74470E-009
87	11	12	1	1.32000E-002	1.30000E-003	9.00000E-004	5.26930E-009	1.80000E-009	3.54100E-009	3.48030E+000	7.68710E+002	7.70266E+002	1.55650E+000	5.83417E-001	7.95900E-001	1.28340E-009	1.59480E-009	1.67680E-009
91	13	12	1	1.32000E-002	1.30000E-003	1.00000E-003	5.98830E-009	1.60000E-009	1.77050E-009	3.47210E+000	7.60361E+002	7.61776E+002	1.41530E+000	5.85732E-001	7.96500E-001	1.03040E-009	1.62530E-009	1.92040E-009
95	15	12	1	1.33000E-002	1.30000E-003	9.00000E-004	6.20600E-009	1.70000E-009	2.19200E-009	3.46200E+000	7.54406E+002	7.55973E+002	1.56660E+000	5.91410E-001	7.96000E-001	1.14050E-009	1.90160E-009	1.47070E-009
99	17	12	1	1.32000E-002	1.30000E-003	1.00000E-003	6.43320E-009	1.70000E-009	6.73530E-009	3.45300E+000	7.54665E+002	7.56372E+002	1.70650E+000	5.83957E-001	7.96900E-001	1.14750E-009	1.73770E-009	2.64170E-009
103	19	12	1	1.33000E-002	1.30000E-003	1.00000E-003	5.73770E-009	1.50000E-009	5.20840E-009	3.45540E+000	7.60298E+002	7.62025E+002	1.72730E+000	5.83195E-001	7.97600E-001	1.20610E-009	1.90870E-009	1.38640E-009
107	21	12	1	1.32000E-002	1.30000E-003	1.00000E-003	4.76580E-009	1.70000E-009	4.40280E-009	3.35390E+000	7.76173E+002	7.77553E+002	1.37980E+000	5.72767E-001	7.96700E-001	1.17330E-009	2.00230E-009	1.21800E-010
111	23	12	1	1.31000E-002	1.20000E-003	9.00000E-004	3.93210E-009	1.50000E-009	5.97650E-009	3.47970E+000	7.77576E+002	7.79427E+002	1.85060E+000	5.45898E-001	7.97000E-001	1.44730E-009	1.84070E-009	2.48240E-009
113	23	14	1	1.32000E-002	1.30000E-003	1.00000E-003	3.72360E-009	1.50000E-009	2.72600E-009	3.46910E+000	7.86348E+002	7.88448E+002	2.10010E+000	5.49880E-001	7.96700E-001	1.17560E-009	2.00230E-009	1.51760E-009
117	21	14	1	1.31000E-002	1.30000E-003	1.00000E-003	4.89690E-009	1.50000E-009	1.31150E-009	3.46430E+000	7.69896E+002	7.71578E+002	1.68200E+000	5.70689E-001	7.97300E-001	1.19670E-009	1.73770E-009	2.00470E-009
121	19	14	1	1.32000E-002	1.30000E-003	9.00000E-004	6.09360E-009	1.80000E-009	5.46130E-009	3.46520E+000	7.56971E+002	7.58542E+002	1.57080E+000	5.78016E-001	7.97300E-001	1.28100E-009	1.93910E-009	2.09830E-009
125	17	14	1	1.32000E-002	1.30000E-003	1.00000E-003	6.56440E-009	1.70000E-009	1.98590E-009	3.45180E+000	7.61734E+002	7.63647E+002	1.91330E+000	5.81828E-001	7.95700E-001	1.25290E-009	1.95310E-009	3.03510E-009
129	15	14	1	1.32000E-002	1.20000E-003	9.00000E-004	6.44020E-009	1.50000E-009	2.56670E-009	3.44250E+000	7.59110E+002	7.60515E+002	1.40430E+000	5.85424E-001	7.96200E-001	1.07960E-009	1.90630E-009	7.11900E-010
133	13	14	1	1.33000E-002	1.30000E-003	9.00000E-004	7.11700E-009	1.40000E-009	2.33250E-009	3.45660E+000	7.55524E+002	7.57223E+002	1.69850E+000	5.88158E-001	7.96800E-001	1.14280E-009	2.01170E-009	2.45430E-009
137	11	14	1	1.32000E-002	1.30000E-003	9.00000E-004	5.84770E-009	1.60000E-009	5.25520E-009	3.47250E+000	7.63655E+002	7.65301E+002	1.64520E+000	5.74762E-001	7.95800E-001	8.85200E-010	1.74470E-009	2.66980E-009
141	9	14	1	1.33000E-002	1.30000E-003	9.00000E-004	4.43090E-009	1.70000E-009	2.77280E-009	3.47140E+000	7.70615E+002	7.72018E+002	1.40300E+000	5.78203E-001	7.95500E-001	1.20610E-009	2.03750E-009	2.36060E-009
145	7	14	1	1.32000E-002	1.30000E-003	9.00000E-004	4.08430E-009	1.40000E-009	3.32550E-009	3.47820E+000	7.79774E+002	7.81665E+002	1.89130E+000	5.63235E-001	7.95600E-001	9.67200E-010	1.86420E-009	3.06320E-009
151	5	16	3	1.32000E-002	1.40000E-003	9.00000E-004	1.38700E-005
155	7	16	1	1.32000E-002	1.20000E-003	1.00000E-003	4.39340E-009	1.70000E-009	1.34890E-009	3.47090E+000	7.85305E+002	7.87079E+002	1.77400E+000	5.66041E-001	7.96000E-001	1.25060E-009	2.06790E-009	1.92040E-009
159	9	16	1	1.32000E-002	1.20000E-003	1.00000E-003	4.66980E-009	1.20000E-009	3.72830E-009	3.48060E+000	7.67330E+002	7.69134E+002	1.80340E+000	5.84354E-001	7.97200E-001	1.15220E-009	2.02340E-009	1.89230E-009
163	11	16	1	1.32000E-002	1.30000E-003	9.00000E-004	5.90160E-009	1.30000E-009	5.60180E-009	3.48450E+000	7.69258E+002	7.71133E+002	1.87470E+000	5.74451E-001	7.96500E-001	1.43320E-009	1.85240E-009	2.45430E-009
167	13	16	1	1.32000E-002	1.30000E-003	9.00000E-004	6.25050E-009	1.70000E-009	3.46600E-009	3.44320E+000	7.62219E+002	7.63755E+002	1.53600E+000	5.77466E-001	7.97000E-001	1.46600E-009	1.66510E-009	1.87400E-010
171	15	16	1	1.32000E-002	1.20000E-003	1.00000E-003	6.30210E-009	1.60000E-009	2.80090E-009	3.42700E+000	7.55569E+002	7.57324E+002	1.75470E+000	5.72941E-001	7.96700E-001	1.26700E-009	1.83610E-009	9.74200E-010
175	17	16	1	1.31000E-002	1.20000E-003	1.00000E-003	6.31140E-009	1.70000E-009	3.16630E-009	3.43890E+000	7.59289E+002	7.60990E+002	1.70070E+000	5.74489E-001	7.95700E-001	1.24360E-009	1.80560E-009	1.84540E-009
179	19	16	1	1.32000E-002	1.30000E-003	1.00000E-003	6.17560E-009	1.50000E-009	1.06697E-008	3.45870E+000	7.61385E+002	7.63004E+002	1.61970E+000	5.77773E-001	7.97200E-001	1.21310E-009	1.90630E-009	3.93400E-010
183	21	16	1	1.32000E-002	1.30000E-003	1.00000E-003	5.07020E-009	1.60000E-009	1.92970E-009	3.46540E+000	7.70139E+002	7.72038E+002	1.89950E+000	5.76826E-001	7.97600E-001	1.25060E-009	1.94140E-009	1.12410E-009
187	23	16	1	1.33000E-002	1.30000E-003	1.00000E-003	3.50580E-009	1.60000E-009	1.15220E-009	3.47170E+000	7.88587E+002	7.90027E+002	1.44000E+000	5.63968E-001	7.97300E-001	1.09600E-009	1.96720E-009	1.92970E-009
191	23	18	1	1.32000E-002	1.30000E-003	1.00000E-003	3.84310E-009	1.50000E-009	3.37200E-010	3.47490E+000	7.91131E+002	7.92573E+002	1.44140E+000	5.65424E-001	7.97600E-001	1.18970E-009	1.95310E-009	1.35830E-009
195	21	18	1	1.32000E-002	1.40000E-003	9.00000E-004	5.28100E-009	1.30000E-009	2.54800E-009	3.46400E+000	7.68872E+002	7.70463E+002	1.59030E+000	5.77992E-001	7.97300E-001	8.64200E-010	1.82900E-009	2.78220E-009
199	19	18	1	1.32000E-002	1.30000E-003	1.00000E-003	6.31380E-009	1.70000E-009	5.58310E-009	3.44770E+000	7.68479E+002	7.70344E+002	1.86470E+000	5.76741E-001	7.97700E-001	1.28340E-009	1.91570E-009	2.50120E-009
203	17	18	1	1.32000E-002	1.30000E-003	1.00000E-003	6.34190E-009	1.50000E-009	5.83600E-009	3.43750E+000	7.62641E+002	7.64046E+002	1.40560E+000	5.70320E-001	7.95900E-001	1.11010E-009	1.47540E-009	8.71200E-010
207	15	18	1	1.32000E-002	1.30000E-003	1.00000E-003	6.63230E-009	1.60000E-009	1.35830E-009	3.42700E+000	7.49671E+002	7.51552E+002	1.88110E+000	5.60272E-001	7.95900E-001	1.35360E-009	1.87590E-009	2.81970E-009
211	13	18	1	1.32000E-002	1.30000E-003	9.00000E-004	6.59950E-009	1.70000E-009	2.85710E-009	3.44640E+000	7.63224E+002	7.65090E+002	1.86620E+000	5.76336E-001	7.95400E-001	1.15920E-009	1.92500E-009	1.52690E-009
215	11	18	1	1.32000E-002	1.30000E-003	1.00000E-003	5.86410E-009	1.50000E-009	5.22710E-009	3.48970E+000	7.72638E+002	7.74607E+002	1.96920E+000	5.75914E-001	7.97100E-001	1.19440E-009	1.87350E-009	1.78000E-010
219	9	18	1	1.32000E-002	1.30000E-003	1.00000E-003	4.79150E-009	1.60000E-009	4.66510E-009	3.46720E+000	7.64088E+002	7.65630E+002	1.54160E+000	5.84964E-001	7.96700E-001	1.32080E-009	1.96950E-009	5.99500E-010
223	7	18	1	1.32000E-002	1.30000E-003	1.00000E-003	3.64400E-009	1.70000E-009	2.17330E-009	3.47130E+000	7.84796E+002	7.86980E+002	2.18400E+000	5.64472E-001	7.96300E-001	1.42390E-009	1.79860E-009	8.33700E-010
231	7	20	1	1.32000E-002	1.30000E-003	9.00000E-004	3.54100E-009	1.10000E-009	2.24820E-009	3.46630E+000	7.81181E+002	7.83264E+002	2.08260E+000	5.65106E-001	7.96200E-001	8.61800E-010	1.73070E-009	1.07730E-009
235	9	20	1	1.32000E-002	1.30000E-003	9.00000E-004	5.17330E-009	1.70000E-009	3.62530E-009	3.46690E+000	7.63467E+002	7.64937E+002	1.46990E+000	5.85940E-001	7.95900E-001	1.18970E-009	1.76110E-009	2.94140E-009
239	11	20	1	1.32000E-002	1.30000E-003	1.00000E-003	6.31850E-009	1.70000E-009	4.64630E-009	3.47320E+000	7.65689E+002	7.68212E+002	2.52350E+000	5.77355E-001	7.96900E-001	1.20610E-009	1.84070E-009	2.28570E-009
243	13	20	1	1.33000E-002	1.40000E-003	1.00000E-003	6.51280E-009	1.30000E-009	2.99800E-010	3.45500E+000	7.61395E+002	7.63024E+002	1.62920E+000	5.83722E-001	7.95800E-001	1.28340E-009	1.89930E-009	3.05380E-009
247	15	20	1	1.32000E-002	1.30000E-003	1.00000E-003	6.57140E-009	1.70000E-009	2.07960E-009	3.43160E+000	7.59340E+002	7.60951E+002	1.61160E+000	5.79852E-001	7.96100E-001	1.05150E-009	1.81970E-009	1.92970E-009
251	17	20	1	1.32000E-002	1.30000E-003	1.00000E-003	6.68150E-009	1.50000E-009	6.53860E-009	3.43210E+000	7.63681E+002	7.65220E+002	1.53870E+000	5.75396E-001	7.96200E-001	1.07730E-009	1.77280E-009	1.98590E-009
255	19	20	1	1.32000E-002	1.40000E-003	1.00000E-003	6.19900E-009	1.60000E-009	2.99760E-009	3.45380E+000	7.71755E+002	7.73195E+002	1.43970E+000	5.78410E-001	7.97700E-001	1.03280E-009	1.74940E-009	1.98590E-009
259	21	20	1	1.33000E-002	1.30000E-003	1.00000E-003	5.02100E-009	1.60000E-009	1.61120E-009	3.46200E+000	7.74091E+002	7.75735E+002	1.64400E+000	5.77808E-001	7.97600E-001	1.09130E-009	1.91330E-009	1.42390E-009
263	23	20	1	1.31000E-002	1.30000E-003	9.00000E-004	4.07960E-009	1.40000E-009	6.18300E-010	3.47880E+000	7.93608E+002	7.95658E+002	2.05000E+000	5.58580E-001	7.97600E-001	1.76110E-009	1.47070E-009	1.73300E-009
265	23	22	1	1.32000E-002	1.20000E-003	9.00000E-004	4.57610E-009	1.40000E-009	1.53630E-009	3.46020E+000	7.87644E+002	7.89537E+002	1.89320E+000	5.50994E-001	7.97400E-001	1.97890E-009	1.67210E-009	1.64870E-009
266	21	22	1	1.33000E-002	1.30000E-003	1.00000E-003	4.48470E-009	1.40000E-009	2.22010E-009	3.46780E+000	7.80762E+002	7.82317E+002	1.55480E+000	5.75895E-001	7.97700E-001	1.08430E-009	1.87820E-009	1.24590E-009
270	19	22	1	1.32000E-002	1.30000E-003	1.00000E-003	5.88290E-009	1.50000E-009	1.35830E-009	3.45690E+000	7.64698E+002	7.66241E+002	1.54310E+000	5.77090E-001	7.97800E-001	1.15220E-009	1.79860E-009	2.10770E-009
274	17	22	1	1.32000E-002	1.30000E-003	9.00000E-004	6.77040E-009	1.60000E-009	2.84780E-009	3.46160E+000	7.64797E+002	7.66239E+002	1.44240E+000	5.79191E-001	7.97600E-001	1.30440E-009	1.90870E-009	1.68620E-009
278	15	22	1	1.32000E-002	1.40000E-003	1.00000E-003	6.63700E-009	1.40000E-009	4.90860E-009	3.45000E+000	7.62731E+002	7.64846E+002	2.11530E+000	5.79662E-001	7.97200E-001	9.36800E-010	1.59250E-009	2.26700E-009
282	13	22	1	1.32000E-002	1.30000E-003	1.00000E-003	7.10530E-009	1.50000E-009	4.67440E-009	3.46800E+000	7.57589E+002	7.59184E+002	1.59520E+000	5.84969E-001	7.97700E-001	1.29980E-009	1.84070E-009	1.16160E-009
286	11	22	1	1.31000E-002	1.30000E-003	9.00000E-004	6.15920E-009	1.50000E-009	6.81960E-009	3.47680E+000	7.61828E+002	7.63294E+002	1.46660E+000	5.81728E-001	7.97300E-001	1.36770E-009	1.78690E-009	1.34890E-009
290	9	22	1	1.32000E-002	1.30000E-003	1.00000E-003	4.20840E-009	1.60000E-009	6.37930E-009	3.47580E+000	7.74023E+002	7.75951E+002	1.92770E+000	5.78492E-001	7.96200E-001	1.11710E-009	1.91800E-009	1.42390E-009
294	7	22	1	1.31000E-002	1.30000E-003	9.00000E-004	3.66510E-009	1.40000E-009	1.72360E-009	3.49730E+000	7.73160E+002	7.75004E+002	1.84450E+000	5.69953E-001	7.96300E-001	1.16630E-009	2.02810E-009	1.39580E-009
300	9	24	1	1.33000E-002	1.30000E-003	9.00000E-004	4.01640E-009	1.60000E-009	1.42390E-009	3.47420E+000	7.86800E+002	7.88892E+002	2.09200E+000	5.62749E-001	7.96100E-001	1.29740E-009	1.87120E-009	1.37700E-009
304	11	24	1	1.32000E-002	1.30000E-003	1.00000E-003	5.41920E-009	1.70000E-009	5.54560E-009	3.47180E+000	7.73366E+002	7.75046E+002	1.68060E+000	5.79136E-001	7.97800E-001	1.31850E-009	1.81030E-009	3.27900E-010
308	13	24	1	1.32000E-002	1.30000E-003	1.00000E-003	5.99060E-009	1.20000E-009	3.18500E-009	3.46830E+000	7.64172E+002	7.66102E+002	1.93000E+000	5.81205E-001	7.97700E-001	1.14750E-009	1.66040E-009	1.10540E-009
312	15	24	1	1.33000E-002	1.30000E-003	9.00000E-004	6.19430E-009	1.60000E-009	2.78220E-009	3.46130E+000	7.62404E+002	7.64037E+002	1.63390E+000	5.73542E-001	7.97700E-001	1.13820E-009	1.77520E-009	2.42620E-009
316	17	24	1	1.33000E-002	1.30000E-003	1.00000E-003	5.75410E-009	1.80000E-009	4.19670E-009	3.46510E+000	7.64516E+002	7.66193E+002	1.67660E+000	5.78415E-001	7.97700E-001	1.20140E-009	1.87820E-009	2.64170E-009
320	19	24	1	1.31000E-002	1.40000E-003	1.00000E-003	4.68850E-009	1.50000E-009	8.89900E-010	3.46770E+000	7.75565E+002	7.76855E+002	1.28970E+000	5.78851E-001	7.98900E-001	1.06560E-009	1.97890E-009	1.97660E-009
324	21	24	1	1.33000E-002	1.30000E-003	9.00000E-004	4.55030E-009	1.70000E-009	2.51990E-009	3.46600E+000	7.86872E+002	7.88330E+002	1.45820E+000	5.66843E-001	7.97900E-001	1.51290E-009	1.92270E-009	2.00470E-009
327	19	26	1	1.33000E-002	1.30000E-003	9.00000E-004	4.23180E-009	1.70000E-009	2.83840E-009	3.46440E+000	7.88489E+002	7.91184E+002	2.69480E+000	5.65413E-001	7.98100E-001	1.24360E-009	1.67680E-009	1.25530E-009
330	17	26	1	1.32000E-002	1.30000E-003	9.00000E-004	4.22710E-009	1.60000E-009	1.49880E-009	3.45780E+000	7.76467E+002	7.77935E+002	1.46780E+000	5.74950E-001	7.98700E-001	1.18730E-009	1.88290E-009	7.86900E-010
334	15	26	1	1.33000E-002	1.30000E-003	9.00000E-004	4.76340E-009	1.70000E-009	3.25060E-009	3.44440E+000	7.71070E+002	7.72980E+002	1.90920E+000	5.72913E-001	7.98100E-001	1.11940E-009	2.03510E-009	1.54570E-009
338	13	26	1	1.32000E-002	1.30000E-003	9.00000E-004	4.82430E-009	1.50000E-009	2.96020E-009	3.46050E+000	7.77177E+002	7.78909E+002	1.73230E+000	5.75074E-001	7.98500E-001	8.38400E-010	1.83840E-009	1.71430E-009
342	11	26	1	1.32000E-002	1.30000E-003	9.00000E-004	4.61120E-009	1.60000E-009	5.16160E-009	3.46860E+000	7.89172E+002	7.91195E+002	2.02270E+000	5.57702E-001	7.98100E-001	1.21310E-009	1.86180E-009	6.08900E-010
346	9	26	1	1.31000E-002	1.30000E-003	9.00000E-004	4.22010E-009	1.70000E-009	5.30210E-009	3.51160E+000	7.62776E+002	7.65596E+002	2.82010E+000	5.71731E-001	7.98300E-001	1.66040E-009	2.01170E-009	1.15220E-009
350	13	28	1	1.34000E-002	1.20000E-003	9.00000E-004	4.11240E-009	1.40000E-009	1.98590E-009	3.47470E+000	7.79389E+002	7.81213E+002	1.82400E+000	5.59207E-001	7.98200E-001	1.36770E-009	1.72600E-009	1.53630E-009
352	15	28	1	1.34000E-002	1.20000E-003	9.00000E-004	3.66270E-009	1.40000E-009	2.43560E-009	3.46450E+000	7.82920E+002	7.84860E+002	1.94010E+000	5.56347E-001	7.98600E-001	1.55500E-009	1.71900E-009	1.34890E-009
354	17	28	1	1.33000E-002	1.20000E-003	8.00000E-004	4.59010E-009	1.40000E-009	1.89488E-007	3.47080E+000	7.80521E+002	7.82467E+002	1.94660E+000	5.59031E-001	7.98900E-001	2.19900E-009	1.57840E-009	6.51990E-009

4	18	6	1	1.32000E-002	2.40000E-003	2.10000E-003	3.77940E-009	1.90000E-009	1.27290E-008	3.53910E+000	7.12898E+002	7.17716E+002	4.81760E+000	5.85526E-001	7.98900E-001	1.51500E-009	2.08400E-009	1.42370E-009
8	16	6	1	1.32000E-002	2.40000E-003	2.00000E-003	3.79580E-009	1.80000E-009	1.72952E-007	3.50020E+000	7.49550E+002	7.52493E+002	2.94300E+000	5.80953E-001	7.97500E-001	1.76090E-009	1.97630E-009	9.43200E-009
12	14	6	1	1.31000E-002	2.40000E-003	2.10000E-003	3.96200E-009	1.90000E-009	3.14710E-009	3.49980E+000	7.48779E+002	7.52137E+002	3.35800E+000	5.77102E-001	7.97900E-001	1.38390E-009	2.24330E-009	1.41430E-009
15	12	6	5	1.36000E-002	2.40000E-003	2.00000E-003	4.27580E-009	4.00000E-010	1.37840E-005
21	10	8	1	1.31000E-002	2.40000E-003	2.00000E-003	3.55930E-009	2.00000E-009	1.50800E-009	3.51060E+000	7.61674E+002	7.64749E+002	3.07520E+000	5.61653E-001	7.95900E-001	1.96930E-009	2.05360E-009	1.15210E-009
25	12	8	1	1.32000E-002	2.40000E-003	2.10000E-003	4.30150E-009	1.70000E-009	9.44140E-009	3.45780E+000	7.83051E+002	7.84725E+002	1.67370E+000	5.61435E-001	7.94800E-001	1.53380E-009	2.24330E-009	1.75150E-009
29	14	8	1	1.32000E-002	2.50000E-003	2.10000E-003	4.45370E-009	1.90000E-009	4.85180E-009	3.46610E+000	7.77436E+002	7.79320E+002	1.88430E+000	5.75084E-001	7.96200E-001	1.69060E-009	2.03950E-009	1.72340E-009
33	16	8	1	1.33000E-002	2.50000E-003	2.10000E-003	4.54040E-009	1.80000E-009	8.21440E-009	3.45160E+000	7.75727E+002	7.77852E+002	2.12480E+000	5.75276E-001	7.96500E-001	1.31830E-009	2.05830E-009	1.80770E-009
37	18	8	1	1.33000E-002	2.50000E-003	2.00000E-003	4.61530E-009	2.00000E-009	6.65950E-009	3.47090E+000	7.84066E+002	7.85967E+002	1.90090E+000	5.64738E-001	7.97200E-001	1.92250E-009	2.18000E-009	6.36900E-010
41	20	8	1	1.31000E-002	2.50000E-003	2.10000E-003	3.97840E-009	1.90000E-009	5.83530E-009	3.47720E+000	7.71551E+002	7.73422E+002	1.87040E+000	5.64365E-001	7.95500E-001	1.87330E-009	1.93180E-009	2.75370E-009
46	22	10	1	1.32000E-002	2.50000E-003	2.00000E-003	3.79110E-009	1.90000E-009	3.12840E-009	3.47860E+000	7.72088E+002	7.74170E+002	2.08160E+000	5.53884E-001	7.95000E-001	1.80770E-009	1.99510E-009	1.30190E-009
50	20	10	1	1.32000E-002	2.40000E-003	2.10000E-003	4.48420E-009	1.90000E-009	3.25950E-009	3.46000E+000	7.77289E+002	7.78893E+002	1.60430E+000	5.72405E-001	7.96300E-001	1.34640E-009	2.16130E-009	6.56000E-011
54	18	10	1	1.32000E-002	2.40000E-003	2.00000E-003	5.43020E-009	1.80000E-009	2.29480E-009	3.47270E+000	7.68446E+002	7.70383E+002	1.93760E+000	5.83198E-001	7.96600E-001	1.51270E-009	2.19170E-009	8.24200E-010
58	16	10	1	1.32000E-002	2.40000E-003	2.10000E-003	5.90550E-009	1.70000E-009	3.85900E-009	3.45500E+000	7.63966E+002	7.65838E+002	1.87170E+000	5.86820E-001	7.95700E-001	1.53610E-009	1.83580E-009	1.00220E-009
62	14	10	1	1.33000E-002	2.50000E-003	2.10000E-003	5.35290E-009	2.10000E-009	1.68600E-009	3.47080E+000	7.61606E+002	7.63286E+002	1.68040E+000	5.91253E-001	7.95500E-001	1.69060E-009	2.02550E-009	1.62040E-009
66	12	10	1	1.32000E-002	2.40000E-003	2.10000E-003	4.93850E-009	2.00000E-009	8.24200E-010	3.47190E+000	7.68995E+002	7.70582E+002	1.58740E+000	5.85827E-001	7.94900E-001	1.69530E-009	2.21980E-009	1.63910E-009
70	10	10	1	1.32000E-002	2.50000E-003	2.10000E-003	4.35310E-009	1.70000E-009	9.46000E-010	3.46990E+000	7.86989E+002	7.88319E+002	1.33030E+000	5.65315E-001	7.94500E-001	1.39330E-009	1.95060E-009	1.00220E-009
74	8	10	1	1.32000E-002	2.40000E-003	2.00000E-003	4.61530E-009	1.90000E-009	1.40500E-010	3.51510E+000	7.50155E+002	7.54115E+002	3.95970E+000	5.66468E-001	7.96200E-001	1.89440E-009	2.31120E-009	9.46000E-010
77	6	12	3	1.35000E-002	2.30000E-003	2.00000E-003	1.38580E-005
80	8	12	1	1.33000E-002	2.40000E-003	2.10000E-003	4.21720E-009	1.70000E-009	1.91080E-009	3.46220E+000	7.82844E+002	7.84060E+002	1.21670E+000	5.62174E-001	7.94700E-001	1.60170E-009	1.82180E-009	9.64700E-010
84	10	12	1	1.33000E-002	2.30000E-003	2.00000E-003	4.86590E-009	2.00000E-009	3.27800E-010	3.47160E+000	7.70033E+002	7.71459E+002	1.42550E+000	5.82123E-001	7.94300E-001	1.68600E-009	2.05590E-009	9.92800E-010
88	12	12	1	1.32000E-002	2.40000E-003	2.00000E-003	6.22870E-009	2.10000E-009	7.11900E-010	3.46740E+000	7.58438E+002	7.60046E+002	1.60800E+000	5.87082E-001	7.94800E-001	1.77030E-009	1.93180E-009	8.61700E-010
92	14	12	1	1.32000E-002	2.50000E-003	2.10000E-003	6.44180E-009	1.80000E-009	2.24800E-010	3.45580E+000	7.55833E+002	7.57815E+002	1.98210E+000	5.88278E-001	7.95500E-001	1.52440E-009	1.82880E-009	1.47990E-009
96	16	12	1	1.33000E-002	2.50000E-003	2.00000E-003	6.72510E-009	1.90000E-009	1.75150E-009	3.46440E+000	7.58117E+002	7.59720E+002	1.60310E+000	5.88766E-001	7.95400E-001	1.55250E-009	2.08640E-009	4.12100E-010
100	18	12	1	1.32000E-002	2.50000E-003	2.00000E-003	6.53780E-009	1.80000E-009	2.07940E-009	3.47120E+000	7.60934E+002	7.62637E+002	1.70220E+000	5.81484E-001	7.96200E-001	1.72340E-009	1.94120E-009	1.34880E-009
104	20	12	1	1.33000E-002	2.60000E-003	2.10000E-003	5.19840E-009	1.70000E-009	4.21500E-010	3.46040E+000	7.69240E+002	7.71065E+002	1.82530E+000	5.79457E-001	7.96600E-001	1.58530E-009	2.11210E-009	4.30900E-010
108	22	12	1	1.32000E-002	2.50000E-003	2.10000E-003	4.46310E-009	1.80000E-009	3.17520E-009	3.45890E+000	7.83102E+002	7.84543E+002	1.44100E+000	5.61133E-001	7.95700E-001	1.54550E-009	2.21520E-009	1.42370E-009
114	24	14	1	1.32000E-002	2.50000E-003	2.00000E-003	3.51010E-009	1.60000E-009	3.49370E-009	3.46710E+000	7.74942E+002	7.76826E+002	1.88450E+000	5.45705E-001	7.95600E-001	1.61100E-009	2.14960E-009	1.55480E-009
118	22	14	1	1.31000E-002	2.50000E-003	2.00000E-003	4.57790E-009	2.00000E-009	1.10520E-009	3.45800E+000	7.80168E+002	7.81598E+002	1.42980E+000	5.68058E-001	7.96300E-001	1.72810E-009	1.92480E-009	1.76090E-009
122	20	14	1	1.32000E-002	2.50000E-003	2.10000E-003	5.56370E-009	2.00000E-009	9.64700E-010	3.46540E+000	7.66685E+002	7.68125E+002	1.43980E+000	5.71167E-001	7.96100E-001	1.66960E-009	2.26670E-009	1.18950E-009
126	18	14	1	1.32000E-002	2.50000E-003	2.10000E-003	6.61040E-009	2.00000E-009	4.38350E-009	3.46930E+000	7.65846E+002	7.67591E+002	1.74450E+000	5.78437E-001	7.95700E-001	1.70240E-009	2.22690E-009	1.82650E-009
130	16	14	1	1.32000E-002	2.50000E-003	2.10000E-003	6.79070E-009	1.70000E-009	1.81710E-009	3.45400E+000	7.64230E+002	7.66008E+002	1.77840E+000	5.82786E-001	7.95100E-001	1.52670E-009	2.13320E-009	1.06780E-009
134	14	14	1	1.33000E-002	2.50000E-003	2.10000E-003	6.98270E-009	1.80000E-009	2.26670E-009	3.44440E+000	7.57396E+002	7.58733E+002	1.33670E+000	5.88377E-001	7.95400E-001	1.50330E-009	2.20110E-009	1.28320E-009
138	12	14	1	1.32000E-002	2.50000E-003	2.10000E-003	7.07400E-009	1.80000E-009	1.28320E-009	3.46300E+000	7.57322E+002	7.59050E+002	1.72740E+000	5.82891E-001	7.94500E-001	1.28550E-009	1.96700E-009	8.80400E-010
142	10	14	1	1.33000E-002	2.50000E-003	2.00000E-003	5.58710E-009	2.10000E-009	1.12400E-010	3.46870E+000	7.59111E+002	7.60646E+002	1.53540E+000	5.78122E-001	7.93800E-001	1.59700E-009	2.19880E-009	1.29260E-009
146	8	14	1	1.32000E-002	2.50000E-003	2.10000E-003	4.77450E-009	1.80000E-009	1.33000E-009	3.47690E+000	7.79258E+002	7.80880E+002	1.62140E+000	5.73977E-001	7.94400E-001	1.36980E-009	2.03250E-009	8.61700E-010
149	6	14	1	1.35000E-002	2.40000E-003	1.90000E-003	4.72300E-009	1.90000E-009	5.79780E-009	3.54420E+000	7.38159E+002	7.42408E+002	4.24960E+000	5.72674E-001	7.98400E-001	1.98330E-009	2.13790E-009	4.77700E-010
152	6	16	1	1.32000E-002	2.50000E-003	2.00000E-003	4.75350E-009	1.40000E-009	5.99500E-010	3.51770E+000	7.70887E+002	7.72779E+002	1.89210E+000	5.66461E-001	7.97000E-001	1.85460E-009	2.04420E-009	4.21500E-010
156	8	16	1	1.32000E-002	2.50000E-003	2.10000E-003	4.52400E-009	1.80000E-009	3.27800E-010	3.47890E+000	7.75693E+002	7.77124E+002	1.43070E+000	5.78430E-001	7.95500E-001	1.69530E-009	2.30410E-009	1.92950E-009
160	10	16	1	1.32000E-002	2.50000E-003	2.10000E-003	5.87740E-009	1.60000E-009	9.64700E-010	3.47380E+000	7.54144E+002	7.55883E+002	1.73920E+000	5.82961E-001	7.95400E-001	1.41670E-009	2.06060E-009	1.03970E-009
164	12	16	1	1.32000E-002	2.50000E-003	2.00000E-003	7.06460E-009	1.70000E-009	8.99200E-010	3.45550E+000	7.55665E+002	7.57133E+002	1.46720E+000	5.83062E-001	7.94600E-001	1.73510E-009	1.90840E-009	3.74700E-010
168	14	16	1	1.32000E-002	2.50000E-003	2.00000E-003	6.57290E-009	2.10000E-009	2.06100E-010	3.43200E+000	7.57867E+002	7.59372E+002	1.50530E+000	5.79206E-001	7.95100E-001	1.98330E-009	1.77730E-009	8.05500E-010
172	16	16	1	1.32000E-002	2.50000E-003	2.10000E-003	6.70870E-009	1.80000E-009	1.36750E-009	3.43840E+000	7.62636E+002	7.64395E+002	1.75880E+000	5.71761E-001	7.94500E-001	1.68130E-009	2.08640E-009	3.18500E-010
176	18	16	1	1.31000E-002	2.50000E-003	2.10000E-003	6.57990E-009	2.00000E-009	3.91520E-009	3.45630E+000	7.67143E+002	7.68852E+002	1.70930E+000	5.73623E-001	7.96000E-001	1.74220E-009	1.86630E-009	2.20110E-009
180	20	16	1	1.32000E-002	2.50000E-003	2.00000E-003	6.05540E-009	1.80000E-009	2.81000E-010	3.46170E+000	7.62292E+002	7.64716E+002	2.42480E+000	5.75017E-001	7.96400E-001	1.59700E-009	2.09810E-009	4.40200E-010
184	22	16	1	1.32000E-002	2.50000E-003	2.10000E-003	4.59190E-009	1.90000E-009	2.08870E-009	3.46000E+000	7.78403E+002	7.79844E+002	1.44050E+000	5.76699E-001	7.96400E-001	1.69530E-009	2.20810E-009	7.96100E-010
188	24	16	1	1.33000E-002	2.40000E-003	2.10000E-003	3.59200E-009	1.80000E-009	1.64850E-009	3.45540E+000	7.82025E+002	7.83866E+002	1.84060E+000	5.55011E-001	7.96100E-001	1.52440E-009	2.09110E-009	1.58290E-009
192	24	18	1	1.32000E-002	2.50000E-003	2.00000E-003	3.97140E-009	1.90000E-009	1.96700E-010	3.44140E+000	7.84394E+002	7.86369E+002	1.97540E+000	5.55109E-001	7.96300E-001	1.55950E-009	2.23620E-009	1.42370E-009
196	22	18	1	1.32000E-002	2.50000E-003	2.10000E-003	4.74640E-009	1.60000E-009	1.15210E-009	3.41680E+000	7.79167E+002	7.80690E+002	1.52290E+000	5.77493E-001	7.96300E-001	1.31360E-009	2.02320E-009	1.21760E-009
200	20	18	1	1.32000E-002	2.60000E-003	2.10000E-003	5.83300E-009	1.90000E-009	5.43300E-010	3.46160E+000	7.66236E+002	7.68164E+002	1.92780E+000	5.78118E-001	7.96800E-001	1.82650E-009	2.06530E-009	1.08650E-009
204	18	18	1	1.32000E-002	2.50000E-003	2.10000E-003	6.66890E-009	1.80000E-009	3.99950E-009	3.45370E+000	7.67393E+002	7.68968E+002	1.57570E+000	5.72526E-001	7.95900E-001	1.40500E-009	1.72340E-009	1.67660E-009
208	16	18	1	1.32000E-002	2.50000E-003	2.10000E-003	6.50730E-009	1.80000E-009	7.96100E-010	3.43690E+000	7.65379E+002	7.67355E+002	1.97550E+000	5.56240E-001	7.94500E-001	1.61100E-009	2.12380E-009	1.24570E-009
212	14	18	1	1.32000E-002	2.50000E-003	2.00000E-003	6.92650E-009	2.10000E-009	1.09590E-009	3.43480E+000	7.59498E+002	7.60912E+002	1.41360E+000	5.75286E-001	7.95400E-001	1.59230E-009	2.09570E-009	5.71400E-010
216	12	18	1	1.32000E-002	2.50000E-003	2.00000E-003	6.77660E-009	1.70000E-009	1.23640E-009	3.45320E+000	7.59925E+002	7.61443E+002	1.51770E+000	5.80531E-001	7.94900E-001	1.55950E-009	2.03250E-009	1.32070E-009
220	10	18	1	1.32000E-002	2.60000E-003	2.10000E-003	6.35510E-009	1.90000E-009	2.80990E-009	3.47200E+000	7.53251E+002	7.54976E+002	1.72450E+000	5.83437E-001	7.95700E-001	1.77730E-009	2.23160E-009	1.31100E-010
224	8	18	1	1.32000E-002	2.50000E-003	2.10000E-003	4.47010E-009	2.00000E-009	3.84000E-010	3.47470E+000	7.73632E+002	7.75722E+002	2.09030E+000	5.78998E-001	7.95900E-001	1.91540E-009	1.97870E-009	1.71410E-009
227	6	18	1	1.35000E-002	2.40000E-003	2.00000E-003	3.78170E-009	2.00000E-009	1.25510E-009	3.51360E+000	7.72319E+002	7.74142E+002	1.82210E+000	5.66653E-001	7.97200E-001	1.82180E-009	2.47740E-009	7.30600E-010
229	6	20	1	1.36000E-002	2.40000E-003	2.00000E-003	3.69970E-009	1.80000E-009	3.04410E-009	3.54510E+000	7.53887E+002	7.56274E+002	2.38750E+000	5.75853E-001	7.97400E-001	1.70700E-009	2.16600E-009	6.27600E-010
232	8	20	1	1.32000E-002	2.60000E-003	2.10000E-003	4.44910E-009	1.60000E-009	1.13330E-009	3.47180E+000	7.72965E+002	7.74604E+002	1.63870E+000	5.79273E-001	7.94700E-001	1.42600E-009	1.96460E-009	6.18200E-010
236	10	20	1	1.32000E-002	2.70000E-003	2.00000E-003	6.35050E-009	2.10000E-009	8.44850E-009	3.46790E+000	7.51556E+002	7.53177E+002	1.62020E+000	5.87042E-001	7.95200E-001	1.80070E-009	1.90370E-009	1.04900E-009
240	12	20	1	1.32000E-002	2.50000E-003	2.00000E-003	7.39950E-009	2.10000E-009	2.00440E-009	3.45920E+000	7.58277E+002	7.60194E+002	1.91670E+000	5.84387E-001	7.95400E-001	1.69530E-009	1.97870E-009	1.10520E-009
244	14	20	1	1.33000E-002	2.60000E-003	2.00000E-003	6.72510E-009	1.60000E-009	2.06100E-010	3.44360E+000	7.59822E+002	7.61169E+002	1.34700E+000	5.82405E-001	7.94900E-001	1.43780E-009	2.05590E-009	7.96100E-010
248	16	20	1	1.32000E-002	2.50000E-003	2.10000E-003	6.98970E-009	1.90000E-009	1.57360E-009	3.42340E+000	7.61757E+002	7.63608E+002	1.85120E+000	5.76025E-001	7.94500E-001	1.44710E-009	2.04190E-009	8.61700E-010
252	18	20	1	1.32000E-002	2.40000E-003	2.10000E-003	7.34100E-009	1.70000E-009	2.92230E-009	3.46000E+000	7.71675E+002	7.73236E+002	1.56050E+000	5.74180E-001	7.96500E-001	1.57120E-009	1.93650E-009	1.64850E-009
256	20	20	1	1.32000E-002	2.60000E-003	2.20000E-003	5.90090E-009	1.80000E-009	1.39560E-009	3.45770E+000	7.65334E+002	7.66935E+002	1.60190E+000	5.76629E-001	7.96500E-001	1.46350E-009	1.93180E-009	1.03000E-010
260	22	20	1	1.33000E-002	2.50000E-003	2.10000E-003	4.70660E-009	1.70000E-009	1.74220E-009	3.45220E+000	7.84026E+002	7.85694E+002	1.66880E+000	5.75105E-001	7.96200E-001	1.49630E-009	2.09340E-009	6.55700E-010
267	22	22	1	1.33000E-002	2.50000E-003	2.10000E-003	4.21720E-009	1.70000E-009	8.52300E-010	3.47780E+000	7.88084E+002	7.89365E+002	1.28050E+000	5.68601E-001	7.96400E-001	1.43780E-009	2.07940E-009	7.02500E-010
271	20	22	1	1.32000E-002	2.50000E-003	2.10000E-003	5.62920E-009	1.80000E-009	7.11900E-010	3.46660E+000	7.72865E+002	7.74714E+002	1.84860E+000	5.77302E-001	7.96600E-001	1.59930E-009	1.96230E-009	3.46600E-010
275	18	22	1	1.32000E-002	2.60000E-003	2.10000E-003	6.63380E-009	1.90000E-009	1.32070E-009	3.47310E+000	7.74735E+002	7.76322E+002	1.58620E+000	5.75199E-001	7.96900E-001	1.63440E-009	2.15660E-009	1.29260E-009
279	16	22	1	1.32000E-002	2.60000E-003	2.00000E-003	6.91480E-009	1.70000E-009	1.40500E-010	3.45090E+000	7.65822E+002	7.67252E+002	1.43000E+000	5.77980E-001	7.96000E-001	1.41430E-009	1.82650E-009	1.29260E-009
283	14	22	1	1.32000E-002	2.60000E-003	2.00000E-003	7.42990E-009	1.80000E-009	3.10030E-009	3.44930E+000	7.58883E+002	7.60437E+002	1.55330E+000	5.83292E-001	7.96000E-001	1.80070E-009	1.99270E-009	1.96700E-010
287	12	22	1	1.31000E-002	2.50000E-003	2.00000E-003	7.22150E-009	1.80000E-009	3.48430E-009	3.46200E+000	7.50068E+002	7.51573E+002	1.50520E+000	5.84267E-001	7.96200E-001	1.94350E-009	1.95760E-009	2.02320E-009
291	10	22	1	1.32000E-002	2.60000E-003	2.10000E-003	5.54490E-009	1.80000E-009	8.30800E-009	3.47150E+000	7.63218E+002	7.64713E+002	1.49500E+000	5.85311E-001	7.95100E-001	1.51500E-009	2.13560E-009	1.86390E-009
295	8	22	1	1.31000E-002	2.50000E-003	2.10000E-003	4.50990E-009	1.70000E-009	1.18020E-009	3.46890E+000	7.86344E+002	7.88833E+002	2.49000E+000	5.66562E-001	7.94600E-001	1.57360E-009	2.23390E-009	6.93100E-010
298	8	24	1	1.35000E-002	2.30000E-003	2.00000E-003	3.94800E-009	1.90000E-009	8.43000E-010	3.49970E+000	7.77996E+002	7.79933E+002	1.93710E+000	5.64793E-001	7.95800E-001	2.17770E-009	1.96930E-009	1.21800E-010
301	10	24	1	1.33000E-002	2.50000E-003	2.10000E-003	5.05090E-009	1.90000E-009	6.45350E-009	3.47170E+000	7.74520E+002	7.76030E+002	1.50940E+000	5.77239E-001	7.95500E-001	1.73280E-009	2.00680E-009	1.44240E-009
305	12	24	1	1.32000E-002	2.50000E-003	2.00000E-003	6.04140E-009	2.00000E-009	2.49150E-009	3.46600E+000	7.63422E+002	7.65304E+002	1.88220E+000	5.83493E-001	7.96700E-001	1.84280E-009	2.04660E-009	3.37200E-010
309	14	24	1	1.32000E-002	2.60000E-003	2.10000E-003	6.17720E-009	1.60000E-009	1.08650E-009	3.45870E+000	7.61157E+002	7.62818E+002	1.66120E+000	5.79556E-001	7.96300E-001	1.47290E-009	1.80070E-009	4.12100E-010
313	16	24	1	1.33000E-002	2.60000E-003	2.10000E-003	6.04600E-009	1.90000E-009	1.47990E-009	3.45560E+000	7.66188E+002	7.67708E+002	1.52050E+000	5.71620E-001	7.96300E-001	1.61340E-009	1.99970E-009	8.61700E-010
317	18	24	1	1.33000E-002	2.60000E-003	2.00000E-003	5.41620E-009	2.20000E-009	2.43500E-010	3.47610E+000	7.74833E+002	7.76467E+002	1.63390E+000	5.76958E-001	7.97400E-001	1.65320E-009	2.05360E-009	8.33600E-010
321	20	24	1	1.31000E-002	2.50000E-003	2.10000E-003	4.43270E-009	1.70000E-009	1.13330E-009	3.46930E+000	7.80032E+002	7.81555E+002	1.52320E+000	5.75671E-001	7.97400E-001	1.54080E-009	2.12150E-009	1.38620E-009
325	22	24	1	1.33000E-002	2.40000E-003	2.00000E-003	4.50760E-009	1.90000E-009	7.39900E-010	3.47310E+000	7.85384E+002	7.87196E+002	1.81250E+000	5.55279E-001	7.97100E-001	1.75860E-009	2.07470E-009	1.18020E-009
328	20	26	1	1.33000E-002	2.50000E-003	2.00000E-003	4.73010E-009	1.80000E-009	1.34880E-009	3.45200E+000	7.85205E+002	7.87215E+002	2.00950E+000	5.57648E-001	7.96600E-001	1.68130E-009	1.88970E-009	2.52900E-010
331	18	26	1	1.32000E-002	2.50000E-003	2.00000E-003	4.32500E-009	1.80000E-009	1.07710E-009	3.47130E+000	7.86906E+002	7.88376E+002	1.47060E+000	5.67592E-001	7.97500E-001	1.53140E-009	2.11450E-009	4.12100E-010
335	16	26	1	1.33000E-002	2.50000E-003	2.10000E-003	4.53800E-009	1.90000E-009	2.04190E-009	3.45570E+000	7.80995E+002	7.83107E+002	2.11240E+000	5.69446E-001	7.97700E-001	1.59000E-009	2.35800E-009	1.91080E-009
339	14	26	1	1.32000E-002	2.50000E-003	2.00000E-003	5.20540E-009	1.80000E-009	7.49300E-010	3.45630E+000	7.76561E+002	7.78156E+002	1.59560E+000	5.74021E-001	7.97300E-001	1.28790E-009	1.98800E-009	8.14900E-010
343	12	26	1	1.32000E-002	2.60000E-003	2.00000E-003	5.09070E-009	2.00000E-009	1.21760E-009	3.46050E+000	7.82913E+002	7.84815E+002	1.90140E+000	5.69542E-001	7.96900E-001	1.73980E-009	1.96460E-009	3.93400E-010
347	10	26	1	1.31000E-002	2.40000E-003	1.90000E-003	4.74880E-009	1.80000E-009	4.98300E-009	3.47350E+000	7.81076E+002	7.82975E+002	1.89910E+000	5.60995E-001	7.97000E-001	1.81010E-009	2.21980E-009	2.65070E-009
349	12	28	1	1.45000E-002	2.40000E-003	1.80000E-003	5.06960E-009	9.00000E-010	4.68000E-011	3.47970E+000	7.72371E+002	7.74535E+002	2.16390E+000	5.65114E-001	7.97700E-001	2.39310E-009	1.19420E-009	5.24500E-010
351	14	28	1	1.34000E-002	2.40000E-003	1.90000E-003	4.25000E-009	1.50000E-009	1.41430E-009	3.45570E+000	7.81442E+002	7.83245E+002	1.80230E+000	5.58757E-001	7.97700E-001	1.73980E-009	1.90370E-009	6.27600E-010
353	16	28	1	1.34000E-002	2.40000E-003	1.90000E-003	4.08140E-009	1.50000E-009	2.06100E-010	3.46980E+000	7.82865E+002	7.85079E+002	2.21470E+000	5.57201E-001	7.97600E-001	1.92010E-009	1.80070E-009	1.49900E-010

1	15	5	3	1.28000E-002	-6.00000E-004	-8.00000E-004	1.39320E-005
2	19	7	1	1.28000E-002	-5.00000E-004	-8.00000E-004	4.77630E-009	1.20000E-009	6.90550E-009	3.48980E+000	7.63780E+002	7.66819E+002	3.03870E+000	5.69185E-001	7.99300E-001	2.87420E-009	1.31180E-009	1.19000E-009
5	17	7	1	1.32000E-002	-3.00000E-004	-5.00000E-004	3.90250E-009	1.70000E-009	2.52050E-009	3.45580E+000	7.76868E+002	7.78484E+002	1.61580E+000	5.66419E-001	7.99000E-001	1.26730E-009	1.89740E-009	1.96770E-009
9	15	7	1	1.32000E-002	-2.00000E-004	-6.00000E-004	3.98450E-009	1.60000E-009	3.02640E-009	3.46160E+000	7.78325E+002	7.80767E+002	2.44220E+000	5.64882E-001	7.99600E-001	1.67020E-009	1.93720E-009	1.78960E-009
13	13	7	1	1.31000E-002	-2.00000E-004	-6.00000E-004	3.69400E-009	1.90000E-009	9.58530E-009	3.47490E+000	7.78095E+002	7.80099E+002	2.00400E+000	5.61740E-001	7.99900E-001	1.39140E-009	2.16440E-009	2.24900E-010
16	11	7	1	1.36000E-002	-3.00000E-004	-5.00000E-004	3.53480E-009	1.60000E-009	8.66710E-009	3.51890E+000	7.47585E+002	7.52054E+002	4.46930E+000	5.65785E-001	8.00900E-001	2.30260E-009	1.89040E-009	3.27900E-010
22	9	9	1	1.31000E-002	-2.00000E-004	-6.00000E-004	3.27010E-009	1.80000E-009	4.15080E-009	3.50490E+000	7.61928E+002	7.65071E+002	3.14310E+000	5.60686E-001	7.98400E-001	1.83410E-009	1.83650E-009	1.87000E-011
26	11	9	1	1.32000E-002	-3.00000E-004	-6.00000E-004	3.97510E-009	1.50000E-009	8.24500E-010	3.47450E+000	7.89204E+002	7.90168E+002	9.64000E-001	5.59113E-001	7.96400E-001	1.64670E-009	2.09180E-009	1.20870E-009
30	13	9	1	1.32000E-002	-2.00000E-004	-6.00000E-004	4.37570E-009	1.60000E-009	4.67550E-009	3.46720E+000	7.73108E+002	7.74804E+002	1.69630E+000	5.81171E-001	7.97300E-001	1.51320E-009	1.81310E-009	4.77900E-010
34	15	9	1	1.33000E-002	-2.00000E-004	-5.00000E-004	4.91910E-009	1.50000E-009	5.21900E-009	3.45770E+000	7.67370E+002	7.68870E+002	1.49990E+000	5.87416E-001	7.98100E-001	1.33750E-009	1.98170E-009	8.15200E-010
38	17	9	1	1.33000E-002	-3.00000E-004	-5.00000E-004	4.85360E-009	1.60000E-009	6.55890E-009	3.45050E+000	7.68689E+002	7.70225E+002	1.53640E+000	5.82736E-001	7.99100E-001	1.68420E-009	2.00510E-009	2.99800E-010
42	19	9	1	1.31000E-002	-2.00000E-004	-5.00000E-004	4.43430E-009	1.80000E-009	9.13550E-009	3.45270E+000	7.77311E+002	7.79003E+002	1.69180E+000	5.73433E-001	7.98900E-001	1.89270E-009	1.86690E-009	1.03100E-010
44	21	9	1	1.28000E-002	-4.00000E-004	-7.00000E-004	4.63100E-009	1.00000E-009	1.43360E-009	3.46860E+000	7.74510E+002	7.76899E+002	2.38920E+000	5.57240E-001	7.97100E-001	2.63530E-009	1.42190E-009	2.53920E-009
47	21	11	1	1.32000E-002	-1.00000E-004	-6.00000E-004	4.16020E-009	1.80000E-009	6.91490E-009	3.28780E+000	7.78536E+002	7.80188E+002	1.65200E+000	5.69277E-001	7.97400E-001	1.74750E-009	1.95590E-009	6.09000E-010
51	19	11	1	1.32000E-002	-1.00000E-004	-5.00000E-004	5.10890E-009	1.80000E-009	3.40120E-009	3.45970E+000	7.63473E+002	7.65025E+002	1.55250E+000	5.85406E-001	7.98800E-001	1.47570E-009	1.93950E-009	1.05880E-009
55	17	11	1	1.32000E-002	-2.00000E-004	-5.00000E-004	5.86780E-009	1.60000E-009	4.97540E-009	3.46060E+000	7.55090E+002	7.56545E+002	1.45490E+000	5.86722E-001	7.98500E-001	1.53200E-009	1.96300E-009	1.85520E-009
59	15	11	1	1.32000E-002	-1.00000E-004	-6.00000E-004	5.96860E-009	1.60000E-009	1.13370E-009	3.45580E+000	7.58218E+002	7.59867E+002	1.64860E+000	5.87090E-001	7.97100E-001	1.64440E-009	1.75220E-009	1.64910E-009
63	13	11	1	1.33000E-002	-2.00000E-004	-5.00000E-004	5.18850E-009	2.00000E-009	1.89270E-009	3.47520E+000	7.63343E+002	7.64938E+002	1.59520E+000	5.85483E-001	7.98100E-001	1.71000E-009	1.72870E-009	7.96400E-010
67	11	11	1	1.32000E-002	-1.00000E-004	-5.00000E-004	4.40380E-009	1.80000E-009	8.24500E-010	3.48260E+000	7.75565E+002	7.76976E+002	1.41050E+000	5.81330E-001	7.97100E-001	1.66780E-009	1.99580E-009	5.62000E-011
71	9	11	1	1.32000E-002	-2.00000E-004	-5.00000E-004	3.99150E-009	1.60000E-009	2.15500E-010	3.47060E+000	7.85744E+002	7.87399E+002	1.65540E+000	5.63787E-001	7.97100E-001	1.42660E-009	1.90440E-009	1.58350E-009
75	7	11	5	1.32000E-002	-2.00000E-004	-6.00000E-004	5.06670E-009	1.80000E-009	1.39780E-005
81	7	13	1	1.33000E-002	-3.00000E-004	-6.00000E-004	3.61440E-009	1.60000E-009	3.46700E-010	3.49160E+000	7.76264E+002	7.77737E+002	1.47330E+000	5.62735E-001	7.97200E-001	1.62800E-009	1.84820E-009	1.39610E-009
85	9	13	1	1.33000E-002	-2.00000E-004	-5.00000E-004	4.37100E-009	1.70000E-009	4.68500E-010	3.47460E+000	7.66626E+002	7.68321E+002	1.69490E+000	5.75583E-001	7.96900E-001	1.58820E-009	1.86690E-009	1.74280E-009
89	11	13	1	1.32000E-002	-2.00000E-004	-6.00000E-004	5.59380E-009	1.90000E-009	1.86460E-009	3.47930E+000	7.63775E+002	7.65423E+002	1.64780E+000	5.79455E-001	7.96600E-001	1.61390E-009	1.88800E-009	1.14310E-009
93	13	13	1	1.32000E-002	-3.00000E-004	-5.00000E-004	6.51900E-009	1.70000E-009	3.74800E-010	3.47710E+000	7.55083E+002	7.56593E+002	1.51050E+000	5.90749E-001	7.97800E-001	1.50150E-009	1.76390E-009	1.19000E-009
97	15	13	1	1.33000E-002	-2.00000E-004	-5.00000E-004	6.35740E-009	1.60000E-009	3.65400E-010	3.46240E+000	7.55587E+002	7.57021E+002	1.43480E+000	5.92067E-001	7.98400E-001	1.50620E-009	1.85760E-009	1.76150E-009
101	17	13	1	1.32000E-002	-2.00000E-004	-6.00000E-004	6.57060E-009	1.80000E-009	1.41480E-009	3.47030E+000	7.58772E+002	7.60269E+002	1.49710E+000	5.85982E-001	7.97600E-001	1.60220E-009	1.89040E-009	2.14570E-009
105	19	13	1	1.33000E-002	-2.00000E-004	-5.00000E-004	6.01070E-009	1.60000E-009	3.84160E-009	3.46070E+000	7.57185E+002	7.58736E+002	1.55160E+000	5.79528E-001	7.98600E-001	1.66310E-009	1.89500E-009	1.23680E-009
109	21	13	1	1.32000E-002	-2.00000E-004	-5.00000E-004	4.76450E-009	1.60000E-009	2.59540E-009	3.41740E+000	7.71226E+002	7.72729E+002	1.50310E+000	5.70458E-001	7.97800E-001	1.47570E-009	1.96530E-009	1.49900E-010
112	23	13	1	1.31000E-002	-4.00000E-004	-7.00000E-004	4.43890E-009	1.50000E-009	3.19510E-009	3.46950E+000	7.82663E+002	7.84345E+002	1.68250E+000	5.48573E-001	7.97800E-001	1.83880E-009	1.82240E-009	1.39610E-009
115	23	15	1	1.32000E-002	-2.00000E-004	-5.00000E-004	3.67760E-009	1.30000E-009	4.68500E-010	3.46200E+000	7.89588E+002	7.91522E+002	1.93370E+000	5.56950E-001	7.98600E-001	1.51790E-009	1.98410E-009	9.74500E-010
119	21	15	1	1.31000E-002	-2.00000E-004	-5.00000E-004	5.02920E-009	1.90000E-009	1.03100E-010	3.46670E+000	7.74729E+002	7.76740E+002	2.01100E+000	5.72491E-001	7.98600E-001	1.65850E-009	1.87160E-009	1.23680E-009
123	19	15	1	1.32000E-002	-2.00000E-004	-5.00000E-004	6.13250E-009	1.90000E-009	4.03840E-009	3.46720E+000	7.63945E+002	7.65376E+002	1.43090E+000	5.78993E-001	7.98300E-001	1.60460E-009	1.95360E-009	1.23680E-009
127	17	15	1	1.32000E-002	-1.00000E-004	-5.00000E-004	6.12080E-009	1.70000E-009	4.31000E-010	3.44610E+000	7.60716E+002	7.62278E+002	1.56160E+000	5.77582E-001	7.97600E-001	1.54370E-009	2.07780E-009	2.06140E-009
131	15	15	1	1.32000E-002	-2.00000E-004	-5.00000E-004	6.58230E-009	1.70000E-009	6.18400E-010	3.43480E+000	7.59128E+002	7.60782E+002	1.65380E+000	5.81091E-001	7.97400E-001	1.50390E-009	1.97940E-009	1.96800E-010
135	13	15	1	1.33000E-002	-1.00000E-004	-5.00000E-004	6.68770E-009	1.60000E-009	3.56100E-010	3.44910E+000	7.58907E+002	7.60377E+002	1.46990E+000	5.83507E-001	7.97200E-001	1.43360E-009	2.00510E-009	1.69590E-009
139	11	15	1	1.32000E-002	-2.00000E-004	-6.00000E-004	5.76240E-009	1.70000E-009	3.12950E-009	3.47570E+000	7.73681E+002	7.75734E+002	2.05240E+000	5.69235E-001	7.97100E-001	1.28600E-009	1.86460E-009	1.49920E-009
143	9	15	1	1.33000E-002	-2.00000E-004	-5.00000E-004	4.80200E-009	1.80000E-009	1.48040E-009	3.47680E+000	7.68489E+002	7.69976E+002	1.48620E+000	5.83300E-001	7.97000E-001	1.52260E-009	2.01680E-009	1.76150E-009
147	7	15	1	1.32000E-002	-1.00000E-004	-5.00000E-004	4.30310E-009	1.70000E-009	1.10560E-009	3.46660E+000	7.82975E+002	7.84806E+002	1.83090E+000	5.64149E-001	7.97100E-001	1.56010E-009	2.06600E-009	1.97700E-009
153	5	17	3	1.32000E-002	-3.00000E-004	-6.00000E-004	1.39570E-005
157	7	17	1	1.32000E-002	-3.00000E-004	-6.00000E-004	3.80650E-009	1.50000E-009	7.87100E-010	3.47570E+000	7.86465E+002	7.88554E+002	2.08910E+000	5.65161E-001	7.97500E-001	1.63270E-009	2.13870E-009	9.08900E-010
161	9	17	1	1.32000E-002	-3.00000E-004	-5.00000E-004	5.02450E-009	1.50000E-009	2.49240E-009	3.47280E+000	7.63952E+002	7.65477E+002	1.52460E+000	5.86431E-001	7.98500E-001	1.65140E-009	2.05200E-009	1.28370E-009
165	11	17	1	1.32000E-002	-2.00000E-004	-5.00000E-004	5.91230E-009	1.50000E-009	1.12440E-009	3.49170E+000	7.72786E+002	7.74510E+002	1.72380E+000	5.76061E-001	7.98800E-001	1.67480E-009	1.77320E-009	1.33990E-009
169	13	17	1	1.32000E-002	-2.00000E-004	-5.00000E-004	6.17940E-009	1.80000E-009	1.79900E-009	3.44330E+000	7.61559E+002	7.63116E+002	1.55710E+000	5.76778E-001	7.96500E-001	1.85760E-009	1.71700E-009	1.21800E-010
173	15	17	1	1.32000E-002	-2.00000E-004	-6.00000E-004	6.57290E-009	1.70000E-009	1.28370E-009	3.43050E+000	7.50300E+002	7.52271E+002	1.97080E+000	5.60489E-001	7.96600E-001	1.59050E-009	1.75220E-009	8.71400E-010
177	17	17	1	1.31000E-002	-2.00000E-004	-5.00000E-004	6.22860E-009	1.70000E-009	1.89270E-009	3.43350E+000	7.62178E+002	7.63673E+002	1.49560E+000	5.70805E-001	7.97400E-001	1.59750E-009	1.86460E-009	1.15250E-009
181	19	17	1	1.32000E-002	-2.00000E-004	-5.00000E-004	6.32700E-009	1.60000E-009	1.98640E-009	3.44770E+000	7.62070E+002	7.63653E+002	1.58320E+000	5.79122E-001	7.98800E-001	1.62330E-009	1.91610E-009	1.21810E-009
185	21	17	1	1.32000E-002	-1.00000E-004	-5.00000E-004	5.31970E-009	1.60000E-009	2.15500E-010	3.45860E+000	7.69092E+002	7.70917E+002	1.82480E+000	5.78044E-001	7.98400E-001	1.63500E-009	1.99340E-009	1.05880E-009
189	23	17	1	1.33000E-002	-2.00000E-004	-5.00000E-004	3.71040E-009	1.70000E-009	6.18400E-010	3.46350E+000	7.90352E+002	7.91583E+002	1.23120E+000	5.65317E-001	7.98600E-001	1.54130E-009	1.96530E-009	1.03070E-009
193	23	19	1	1.32000E-002	-2.00000E-004	-6.00000E-004	3.78770E-009	1.60000E-009	5.90300E-010	3.46950E+000	7.92447E+002	7.93870E+002	1.42340E+000	5.64353E-001	7.99100E-001	1.46400E-009	1.98640E-009	6.55900E-010
197	21	19	1	1.32000E-002	-1.00000E-004	-6.00000E-004	5.31740E-009	1.40000E-009	9.74500E-010	3.46300E+000	7.69522E+002	7.71276E+002	1.75370E+000	5.77124E-001	7.98600E-001	1.29070E-009	1.90910E-009	1.71470E-009
201	19	19	1	1.32000E-002	1.00000E-004	-5.00000E-004	6.13020E-009	1.60000E-009	2.72660E-009	3.45180E+000	7.70989E+002	7.72822E+002	1.83310E+000	5.76665E-001	7.98500E-001	1.59290E-009	1.89740E-009	1.99580E-009
205	17	19	1	1.32000E-002	-1.00000E-004	-5.00000E-004	6.29880E-009	1.70000E-009	7.15850E-009	3.43770E+000	7.63492E+002	7.65070E+002	1.57780E+000	5.72023E-001	7.97300E-001	1.57650E-009	1.55300E-009	4.40400E-010
209	15	19	1	1.32000E-002	-2.00000E-004	-5.00000E-004	6.55180E-009	1.60000E-009	2.53000E-010	3.44190E+000	7.55395E+002	7.56792E+002	1.39690E+000	5.75226E-001	7.97300E-001	1.78960E-009	1.88800E-009	1.69590E-009
213	13	19	1	1.32000E-002	-2.00000E-004	-5.00000E-004	6.61270E-009	1.90000E-009	1.08690E-009	3.44850E+000	7.60382E+002	7.62100E+002	1.71820E+000	5.81094E-001	7.98000E-001	1.45000E-009	2.06600E-009	1.23680E-009
217	11	19	1	1.32000E-002	-2.00000E-004	-5.00000E-004	5.76710E-009	1.70000E-009	3.40120E-009	3.48380E+000	7.69420E+002	7.71465E+002	2.04490E+000	5.78037E-001	7.98300E-001	1.66780E-009	1.90440E-009	1.49900E-010
221	9	19	1	1.32000E-002	-1.00000E-004	-5.00000E-004	4.92380E-009	1.70000E-009	2.77350E-009	3.46660E+000	7.60965E+002	7.62401E+002	1.43630E+000	5.86314E-001	7.97700E-001	1.59990E-009	2.02860E-009	9.93200E-010
225	7	19	1	1.32000E-002	-2.00000E-004	-5.00000E-004	3.68470E-009	1.80000E-009	3.37300E-010	3.46690E+000	7.84676E+002	7.86615E+002	1.93910E+000	5.65122E-001	7.97400E-001	1.86220E-009	1.99110E-009	5.43400E-010
233	7	21	1	1.32000E-002	-3.00000E-004	-6.00000E-004	3.51370E-009	1.50000E-009	8.24500E-010	3.48600E+000	7.78823E+002	7.80991E+002	2.16760E+000	5.66048E-001	7.97900E-001	1.33290E-009	1.88100E-009	1.19930E-009
237	9	21	1	1.32000E-002	-2.00000E-004	-5.00000E-004	5.13230E-009	1.70000E-009	2.43610E-009	3.46940E+000	7.68163E+002	7.69750E+002	1.58630E+000	5.83269E-001	7.97400E-001	1.54840E-009	1.78960E-009	1.93950E-009
241	11	21	1	1.32000E-002	-2.00000E-004	-5.00000E-004	6.27780E-009	1.80000E-009	5.21900E-009	3.47390E+000	7.63295E+002	7.65171E+002	1.87600E+000	5.77695E-001	7.98500E-001	1.56480E-009	1.89040E-009	1.04000E-009
245	13	21	1	1.33000E-002	-1.00000E-004	-5.00000E-004	6.77200E-009	1.50000E-009	1.77090E-009	3.46420E+000	7.58417E+002	7.60013E+002	1.59580E+000	5.85999E-001	7.98400E-001	1.63970E-009	1.92780E-009	1.60220E-009
249	15	21	1	1.32000E-002	-1.00000E-004	-6.00000E-004	6.57520E-009	1.70000E-009	8.24500E-010	3.42820E+000	7.61414E+002	7.62951E+002	1.53720E+000	5.79798E-001	7.97000E-001	1.40080E-009	1.80130E-009	1.27430E-009
253	17	21	1	1.32000E-002	-1.00000E-004	-5.00000E-004	6.72280E-009	1.60000E-009	3.79480E-009	3.44670E+000	7.65433E+002	7.67162E+002	1.72880E+000	5.77160E-001	7.99100E-001	1.52490E-009	1.85760E-009	1.30240E-009
257	19	21	1	1.32000E-002	-1.00000E-004	-6.00000E-004	6.09270E-009	1.70000E-009	9.55700E-010	3.46700E+000	7.68551E+002	7.70209E+002	1.65800E+000	5.77213E-001	7.99300E-001	1.38670E-009	1.78030E-009	1.42420E-009
261	21	21	1	1.33000E-002	-2.00000E-004	-6.00000E-004	4.79970E-009	1.50000E-009	2.24900E-010	3.46490E+000	7.79088E+002	7.80725E+002	1.63670E+000	5.76549E-001	7.99100E-001	1.44760E-009	1.95360E-009	9.93200E-010
264	23	21	1	1.31000E-002	-4.00000E-004	-8.00000E-004	4.01030E-009	1.30000E-009	1.00260E-009	3.46970E+000	7.91336E+002	7.93184E+002	1.84750E+000	5.55105E-001	7.98900E-001	2.15270E-009	1.49920E-009	1.63970E-009
268	21	23	1	1.33000E-002	-2.00000E-004	-5.00000E-004	4.38740E-009	1.50000E-009	2.71700E-010	3.45860E+000	7.83787E+002	7.85164E+002	1.37690E+000	5.74375E-001	7.99100E-001	1.48040E-009	2.00050E-009	9.46300E-010
272	19	23	1	1.32000E-002	-1.00000E-004	-5.00000E-004	5.47430E-009	1.50000E-009	5.71600E-010	3.45150E+000	7.69178E+002	7.70797E+002	1.61950E+000	5.79870E-001	7.99700E-001	1.44060E-009	1.77790E-009	1.60220E-009
276	17	23	1	1.32000E-002	-1.00000E-004	-5.00000E-004	6.09970E-009	1.70000E-009	1.41480E-009	3.45330E+000	7.62802E+002	7.64271E+002	1.46930E+000	5.76446E-001	7.98500E-001	1.68190E-009	2.04730E-009	1.05880E-009
280	15	23	1	1.32000E-002	-1.00000E-004	-5.00000E-004	6.60570E-009	1.60000E-009	2.62350E-009	3.45570E+000	7.60655E+002	7.62247E+002	1.59230E+000	5.79249E-001	7.98900E-001	1.45230E-009	1.75450E-009	1.23680E-009
284	13	23	1	1.32000E-002	-2.00000E-004	-5.00000E-004	6.79540E-009	1.60000E-009	5.20020E-009	3.46440E+000	7.59424E+002	7.60971E+002	1.54690E+000	5.81247E-001	7.99300E-001	1.66550E-009	1.83180E-009	1.27430E-009
288	11	23	1	1.31000E-002	-1.00000E-004	-6.00000E-004	5.74840E-009	1.70000E-009	3.56990E-009	3.47030E+000	7.67919E+002	7.69385E+002	1.46620E+000	5.82052E-001	7.98600E-001	1.77790E-009	1.99810E-009	6.27800E-010
292	9	23	1	1.32000E-002	-2.00000E-004	-5.00000E-004	3.86970E-009	1.80000E-009	2.94210E-009	3.47070E+000	7.81980E+002	7.83366E+002	1.38660E+000	5.72300E-001	7.97300E-001	1.50390E-009	1.96300E-009	1.07750E-009
296	7	23	1	1.31000E-002	-2.00000E-004	-6.00000E-004	3.47150E-009	1.60000E-009	1.62100E-009	3.52110E+000	7.56287E+002	7.59133E+002	2.84580E+000	5.75775E-001	7.98600E-001	1.45230E-009	2.05200E-009	9.93200E-010
302	9	25	1	1.33000E-002	-4.00000E-004	-6.00000E-004	3.96340E-009	1.60000E-009	5.06000E-010	3.48290E+000	7.79579E+002	7.81629E+002	2.04950E+000	5.62030E-001	7.98100E-001	1.73110E-009	1.84820E-009	9.37000E-010
306	11	25	1	1.32000E-002	-2.00000E-004	-6.00000E-004	4.69890E-009	1.80000E-009	1.04754E-008	3.46490E+000	7.81714E+002	7.83327E+002	1.61280E+000	5.72724E-001	7.98600E-001	1.62330E-009	1.97700E-009	5.62200E-010
310	13	25	1	1.32000E-002	-2.00000E-004	-5.00000E-004	5.50480E-009	1.50000E-009	2.58610E-009	3.46600E+000	7.71783E+002	7.73450E+002	1.66680E+000	5.80217E-001	7.99600E-001	1.57180E-009	1.78260E-009	8.05800E-010
314	15	25	1	1.33000E-002	-2.00000E-004	-6.00000E-004	5.37360E-009	1.60000E-009	1.78030E-009	3.44740E+000	7.63528E+002	7.65134E+002	1.60660E+000	5.73167E-001	7.99000E-001	1.51790E-009	1.77320E-009	1.71470E-009
318	17	25	1	1.33000E-002	-2.00000E-004	-5.00000E-004	5.00580E-009	1.90000E-009	1.23400E-008	3.45660E+000	7.72440E+002	7.74124E+002	1.68400E+000	5.77712E-001	7.99500E-001	1.61160E-009	1.97000E-009	9.08900E-010
322	19	25	1	1.31000E-002	-2.00000E-004	-5.00000E-004	4.42720E-009	1.60000E-009	2.24900E-010	3.46270E+000	7.78502E+002	7.80066E+002	1.56390E+000	5.76156E-001	7.99100E-001	1.57180E-009	2.06840E-009	1.04000E-009
326	21	25	1	1.33000E-002	-4.00000E-004	-7.00000E-004	4.12040E-009	1.60000E-009	1.68700E-010	3.47160E+000	7.85852E+002	7.87875E+002	2.02280E+000	5.57039E-001	7.98900E-001	1.96300E-009	1.96770E-009	1.65850E-009
329	19	27	1	1.33000E-002	-3.00000E-004	-7.00000E-004	4.24220E-009	1.60000E-009	5.24700E-010	3.46570E+000	7.81955E+002	7.84002E+002	2.04680E+000	5.59187E-001	7.99100E-001	1.61860E-009	1.69120E-009	1.35860E-009
332	17	27	1	1.32000E-002	-2.00000E-004	-6.00000E-004	3.78310E-009	1.60000E-009	4.02900E-010	3.46400E+000	7.86486E+002	7.88901E+002	2.41500E+000	5.64628E-001	7.99900E-001	1.52490E-009	1.88570E-009	4.12300E-010
336	15	27	1	1.33000E-002	-1.00000E-004	-6.00000E-004	3.55820E-009	1.70000E-009	1.68700E-010	3.45880E+000	7.83673E+002	7.85249E+002	1.57570E+000	5.64538E-001	7.99700E-001	1.48510E-009	2.23240E-009	8.33900E-010
340	13	27	1	1.32000E-002	-2.00000E-004	-5.00000E-004	4.28670E-009	1.60000E-009	9.18200E-010	3.45820E+000	7.87003E+002	7.89462E+002	2.45870E+000	5.60863E-001	7.99900E-001	1.28600E-009	1.93250E-009	1.09630E-009
344	11	27	1	1.32000E-002	-3.00000E-004	-5.00000E-004	4.19530E-009	1.70000E-009	5.30330E-009	3.47890E+000	7.80418E+002	7.83081E+002	2.66330E+000	5.59227E-001	7.99900E-001	1.45930E-009	1.85990E-009	4.12300E-010

6	18	7	1	1.32000E-002	-2.80000E-003	-3.10000E-003	4.02580E-009	1.70000E-009	8.14990E-009	3.48650E+000	7.75399E+002	7.78224E+002	2.82470E+000	5.63659E-001	8.01900E-001	1.47070E-009	1.82910E-009	1.03050E-009
10	16	7	1	1.32000E-002	-2.80000E-003	-3.00000E-003	4.45440E-009	1.60000E-009	9.36494E-008	3.45820E+000	7.79799E+002	7.81255E+002	1.45560E+000	5.64168E-001	8.01700E-001	1.76820E-009	1.71430E-009	1.11480E-009
14	14	7	1	1.31000E-002	-2.70000E-003	-3.10000E-003	4.27870E-009	1.80000E-009	3.70960E-009	3.46150E+000	7.78075E+002	7.80563E+002	2.48810E+000	5.63208E-001	8.01500E-001	1.48010E-009	2.10070E-009	4.77800E-010
17	12	7	1	1.36000E-002	-2.80000E-003	-3.10000E-003	3.89000E-009	1.70000E-009	6.63240E-009	3.48890E+000	7.71431E+002	7.73491E+002	2.05950E+000	5.63673E-001	8.01900E-001	2.16630E-009	1.97430E-009	1.33960E-009
18	10	7	5	1.02000E-002	-3.00000E-003	-3.30000E-003	3.81970E-009	8.00000E-010	1.41150E-005
19	8	9	5	1.01000E-002	-3.10000E-003	-3.30000E-003	4.41220E-009	5.00000E-010	1.41150E-005
23	10	9	1	1.31000E-002	-2.70000E-003	-3.00000E-003	3.73310E-009	1.90000E-009	4.12200E-010	3.46800E+000	7.79795E+002	7.82334E+002	2.53940E+000	5.57527E-001	8.00000E-001	1.98830E-009	1.73770E-009	1.51760E-009
27	12	9	1	1.32000E-002	-2.70000E-003	-3.10000E-003	4.29040E-009	1.60000E-009	9.74200E-010	3.45910E+000	7.78362E+002	7.80104E+002	1.74180E+000	5.73277E-001	7.98900E-001	1.59490E-009	1.98830E-009	1.32090E-009
31	14	9	1	1.32000E-002	-2.70000E-003	-3.00000E-003	5.07030E-009	1.70000E-009	5.77050E-009	3.46600E+000	7.67975E+002	7.69592E+002	1.61710E+000	5.85453E-001	8.00400E-001	1.75410E-009	1.72130E-009	1.55500E-009
35	16	9	1	1.33000E-002	-2.70000E-003	-3.00000E-003	5.02810E-009	1.60000E-009	5.85480E-009	3.45120E+000	7.68750E+002	7.70475E+002	1.72470E+000	5.84861E-001	8.01900E-001	1.36300E-009	1.83370E-009	1.79860E-009
39	18	9	1	1.33000E-002	-2.70000E-003	-3.00000E-003	4.85950E-009	1.70000E-009	3.40990E-009	3.46400E+000	7.75263E+002	7.77050E+002	1.78670E+000	5.76766E-001	8.01600E-001	1.89700E-009	1.90630E-009	5.05900E-010
43	20	9	1	1.31000E-002	-2.80000E-003	-3.00000E-003	4.60890E-009	1.70000E-009	8.00010E-009	3.45250E+000	7.81500E+002	7.83637E+002	2.13760E+000	5.61395E-001	8.00000E-001	1.83370E-009	1.74710E-009	3.03520E-009
48	22	11	1	1.32000E-002	-2.70000E-003	-3.10000E-003	4.21310E-009	1.80000E-009	2.81030E-009	3.45520E+000	7.80693E+002	7.82287E+002	1.59400E+000	5.54840E-001	7.99700E-001	1.77280E-009	1.74240E-009	0.00000E+000
52	20	11	1	1.32000E-002	-2.60000E-003	-3.10000E-003	4.71670E-009	1.70000E-009	1.68620E-009	3.46010E+000	7.71537E+002	7.72957E+002	1.41960E+000	5.79343E-001	8.01100E-001	1.40280E-009	1.81730E-009	1.04920E-009
56	18	11	1	1.32000E-002	-2.60000E-003	-3.00000E-003	6.01410E-009	1.70000E-009	4.00940E-009	3.47250E+000	7.65034E+002	7.66486E+002	1.45270E+000	5.84545E-001	8.01900E-001	1.63000E-009	1.93210E-009	2.52900E-010
60	16	11	1	1.32000E-002	-2.60000E-003	-3.00000E-003	6.12420E-009	1.60000E-009	4.56210E-009	3.46130E+000	7.59700E+002	7.61162E+002	1.46240E+000	5.84106E-001	8.00400E-001	1.62760E-009	1.54800E-009	2.34200E-010
64	14	11	1	1.33000E-002	-2.60000E-003	-3.00000E-003	5.66980E-009	2.00000E-009	1.86420E-009	3.46650E+000	7.59134E+002	7.61057E+002	1.92270E+000	5.86276E-001	8.00100E-001	1.82910E-009	1.65580E-009	1.52690E-009
68	12	11	1	1.32000E-002	-2.70000E-003	-3.00000E-003	5.66510E-009	1.80000E-009	1.81730E-009	3.47060E+000	7.64203E+002	7.65596E+002	1.39280E+000	5.88991E-001	7.99800E-001	1.76110E-009	1.93910E-009	1.74240E-009
72	10	11	1	1.32000E-002	-2.60000E-003	-3.00000E-003	4.57150E-009	1.60000E-009	5.34000E-010	3.46810E+000	7.74666E+002	7.76231E+002	1.56450E+000	5.76186E-001	7.99300E-001	1.47780E-009	1.76350E-009	1.24590E-009
76	8	11	1	1.32000E-002	-2.60000E-003	-3.10000E-003	4.97430E-009	2.20000E-009	6.46400E-010	3.48380E+000	7.76209E+002	7.78467E+002	2.25770E+000	5.61255E-001	7.99500E-001	1.96720E-009	1.82670E-009	1.87360E-009
78	6	13	5	1.35000E-002	-2.90000E-003	-3.20000E-003	4.99540E-009	4.00000E-010	1.41130E-005
82	8	13	1	1.33000E-002	-2.70000E-003	-3.10000E-003	4.16400E-009	1.50000E-009	7.40100E-010	3.47880E+000	7.85595E+002	7.86963E+002	1.36810E+000	5.66545E-001	7.99300E-001	1.69090E-009	1.71430E-009	1.17100E-009
86	10	13	1	1.33000E-002	-2.70000E-003	-3.00000E-003	5.22250E-009	1.80000E-009	6.08900E-010	3.47810E+000	7.61215E+002	7.62813E+002	1.59780E+000	5.79762E-001	7.99300E-001	1.70490E-009	1.78460E-009	5.71400E-010
90	12	13	1	1.32000E-002	-2.70000E-003	-3.00000E-003	6.58790E-009	2.00000E-009	9.40000E-012	3.47660E+000	7.51241E+002	7.52913E+002	1.67260E+000	5.86266E-001	7.99300E-001	1.81500E-009	1.67680E-009	1.04920E-009
94	14	13	1	1.32000E-002	-2.70000E-003	-3.00000E-003	6.73780E-009	1.60000E-009	1.11480E-009	3.46650E+000	7.55802E+002	7.57172E+002	1.36950E+000	5.92305E-001	8.00100E-001	1.54100E-009	1.60660E-009	1.57380E-009
98	16	13	1	1.33000E-002	-2.70000E-003	-3.00000E-003	6.67220E-009	1.70000E-009	9.40000E-012	3.46180E+000	7.58642E+002	7.60133E+002	1.49080E+000	5.88674E-001	8.00900E-001	1.66750E-009	1.81730E-009	1.53630E-009
102	18	13	1	1.32000E-002	-2.70000E-003	-3.00000E-003	6.33960E-009	1.70000E-009	1.98600E-009	3.48950E+000	7.72847E+002	7.74688E+002	1.84050E+000	5.75875E-001	8.01500E-001	1.70020E-009	1.69320E-009	4.12200E-010
106	20	13	1	1.33000E-002	-2.60000E-003	-3.00000E-003	5.37470E-009	1.60000E-009	1.56440E-009	3.47140E+000	7.64502E+002	7.65985E+002	1.48270E+000	5.75793E-001	8.01000E-001	1.67450E-009	1.77750E-009	1.59250E-009
110	22	13	1	1.32000E-002	-2.70000E-003	-3.00000E-003	4.44500E-009	1.70000E-009	4.06560E-009	3.46480E+000	7.80023E+002	7.81598E+002	1.57470E+000	5.64329E-001	8.00900E-001	1.64640E-009	1.92040E-009	1.66750E-009
116	24	15	1	1.32000E-002	-2.70000E-003	-3.00000E-003	3.69320E-009	1.40000E-009	2.77290E-009	3.47730E+000	7.79211E+002	7.81256E+002	2.04490E+000	5.49454E-001	8.01300E-001	1.67920E-009	1.95550E-009	1.62060E-009
120	22	15	1	1.31000E-002	-2.70000E-003	-3.00000E-003	4.54570E-009	1.80000E-009	1.24590E-009	3.47040E+000	7.84103E+002	7.85550E+002	1.44680E+000	5.71053E-001	8.01300E-001	1.73300E-009	1.69560E-009	1.55500E-009
124	20	15	1	1.32000E-002	-2.60000E-003	-3.00000E-003	5.94150E-009	1.90000E-009	2.41690E-009	3.45970E+000	7.62477E+002	7.64156E+002	1.67910E+000	5.72084E-001	8.01400E-001	1.77280E-009	1.91340E-009	3.18500E-010
128	18	15	1	1.32000E-002	-2.70000E-003	-3.00000E-003	6.65110E-009	1.80000E-009	6.38880E-009	3.46160E+000	7.63126E+002	7.64744E+002	1.61820E+000	5.75418E-001	8.00900E-001	1.73070E-009	1.86650E-009	5.80800E-010
132	16	15	1	1.32000E-002	-2.70000E-003	-3.00000E-003	6.88530E-009	1.60000E-009	1.01170E-009	3.44180E+000	7.62582E+002	7.64202E+002	1.62060E+000	5.78994E-001	8.00200E-001	1.58780E-009	1.88990E-009	1.18030E-009
136	14	15	1	1.33000E-002	-2.70000E-003	-3.00000E-003	6.77290E-009	1.70000E-009	1.06790E-009	3.43170E+000	7.59229E+002	7.60697E+002	1.46760E+000	5.81488E-001	8.00700E-001	1.58080E-009	1.88990E-009	1.21780E-009
140	12	15	1	1.32000E-002	-2.60000E-003	-3.00000E-003	7.15700E-009	1.70000E-009	1.04920E-009	3.46360E+000	7.60621E+002	7.62342E+002	1.72110E+000	5.82835E-001	7.99300E-001	1.34190E-009	1.75180E-009	4.30900E-010
144	10	15	1	1.33000E-002	-2.60000E-003	-3.00000E-003	5.82670E-009	1.80000E-009	2.35130E-009	3.47240E+000	7.57842E+002	7.60001E+002	2.15890E+000	5.79605E-001	7.99700E-001	1.67450E-009	2.02340E-009	1.22720E-009
148	8	15	1	1.32000E-002	-2.60000E-003	-3.00000E-003	4.56440E-009	1.70000E-009	5.90200E-010	3.47790E+000	7.75417E+002	7.77060E+002	1.64330E+000	5.77239E-001	7.99600E-001	1.39580E-009	1.83840E-009	5.90200E-010
150	6	15	1	1.35000E-002	-2.90000E-003	-3.20000E-003	4.21780E-009	1.60000E-009	2.71660E-009	3.52890E+000	7.61911E+002	7.63890E+002	1.97880E+000	5.68154E-001	8.01900E-001	1.98600E-009	1.76350E-009	8.80600E-010
154	6	17	1	1.32000E-002	-2.70000E-003	-3.00000E-003	4.82210E-009	1.50000E-009	2.10770E-009	3.51230E+000	7.72728E+002	7.74652E+002	1.92460E+000	5.65747E-001	8.02400E-001	2.02810E-009	1.62530E-009	2.52900E-010
158	8	17	1	1.32000E-002	-2.70000E-003	-3.00000E-003	4.37240E-009	1.60000E-009	2.31380E-009	3.47270E+000	7.73829E+002	7.75480E+002	1.65110E+000	5.79219E-001	8.01100E-001	1.79160E-009	2.08900E-009	1.88290E-009
162	10	17	1	1.32000E-002	-2.70000E-003	-3.00000E-003	6.45440E-009	1.50000E-009	2.01410E-009	3.46910E+000	7.54114E+002	7.55700E+002	1.58630E+000	5.83303E-001	8.00200E-001	1.53400E-009	1.89930E-009	1.31100E-010
166	12	17	1	1.32000E-002	-2.70000E-003	-3.00000E-003	6.84080E-009	1.50000E-009	7.86900E-010	3.44830E+000	7.57403E+002	7.58829E+002	1.42540E+000	5.78889E-001	8.00300E-001	1.78460E-009	1.66750E-009	8.80600E-010
170	14	17	1	1.32000E-002	-2.70000E-003	-3.00000E-003	6.63710E-009	1.80000E-009	1.20840E-009	3.43030E+000	7.63044E+002	7.64579E+002	1.53470E+000	5.72217E-001	7.99700E-001	2.00700E-009	1.53160E-009	1.52690E-009
174	16	17	1	1.32000E-002	-2.70000E-003	-3.00000E-003	6.45440E-009	1.70000E-009	4.49700E-010	3.43700E+000	7.66295E+002	7.68139E+002	1.84330E+000	5.59711E-001	7.99900E-001	1.73300E-009	1.79860E-009	1.05860E-009
178	18	17	1	1.31000E-002	-2.70000E-003	-3.00000E-003	6.50590E-009	1.80000E-009	3.72840E-009	3.44790E+000	7.66074E+002	7.67737E+002	1.66260E+000	5.71113E-001	8.00900E-001	1.70730E-009	1.72130E-009	2.07030E-009
182	20	17	1	1.32000E-002	-2.70000E-003	-3.00000E-003	5.93450E-009	1.60000E-009	1.42390E-009	3.46360E+000	7.64273E+002	7.66185E+002	1.91230E+000	5.78849E-001	8.01300E-001	1.71900E-009	1.88290E-009	8.89900E-010
186	22	17	1	1.32000E-002	-2.70000E-003	-3.00000E-003	4.66510E-009	1.70000E-009	4.59000E-010	3.41380E+000	7.78813E+002	7.80240E+002	1.42710E+000	5.77421E-001	8.00800E-001	1.75410E-009	1.89700E-009	1.33960E-009
190	24	17	1	1.33000E-002	-2.70000E-003	-3.00000E-003	3.69560E-009	1.70000E-009	1.72370E-009	3.45980E+000	7.83360E+002	7.85319E+002	1.95860E+000	5.54752E-001	8.01300E-001	1.61360E-009	1.93680E-009	1.95790E-009
194	24	19	1	1.32000E-002	-2.70000E-003	-3.00000E-003	3.77750E-009	1.70000E-009	2.71700E-010	3.44890E+000	7.84450E+002	7.86399E+002	1.94890E+000	5.56078E-001	8.01800E-001	1.64170E-009	1.84540E-009	1.73300E-009
198	22	19	1	1.32000E-002	-2.70000E-003	-3.00000E-003	4.60190E-009	1.40000E-009	4.49700E-010	3.45680E+000	7.81577E+002	7.83217E+002	1.63950E+000	5.76055E-001	8.01300E-001	1.32090E-009	1.76580E-009	7.21300E-010
202	20	19	1	1.32000E-002	-2.70000E-003	-3.00000E-003	5.91110E-009	1.70000E-009	4.87100E-010	3.45780E+000	7.64592E+002	7.66347E+002	1.75460E+000	5.77099E-001	8.01600E-001	1.78690E-009	1.78690E-009	5.05900E-010
206	18	19	1	1.32000E-002	-2.70000E-003	-3.00000E-003	6.61130E-009	1.70000E-009	2.74480E-009	3.46120E+000	7.72057E+002	7.74118E+002	2.06050E+000	5.70493E-001	8.01700E-001	1.55040E-009	1.39810E-009	1.63000E-009
210	16	19	1	1.32000E-002	-2.60000E-003	-3.00000E-003	6.74950E-009	1.70000E-009	8.05600E-010	3.44420E+000	7.58989E+002	7.60507E+002	1.51830E+000	5.71645E-001	7.99200E-001	1.75180E-009	1.88290E-009	7.68200E-010
214	14	19	1	1.32000E-002	-2.60000E-003	-3.00000E-003	6.92510E-009	1.90000E-009	1.96700E-010	3.44050E+000	7.58445E+002	7.59951E+002	1.50690E+000	5.76698E-001	8.00200E-001	1.60420E-009	1.85250E-009	1.19910E-009
218	12	19	1	1.32000E-002	-2.70000E-003	-3.00000E-003	6.66050E-009	1.50000E-009	2.81000E-011	3.46330E+000	7.57273E+002	7.58713E+002	1.44020E+000	5.84852E-001	7.99600E-001	1.63470E-009	1.77280E-009	1.54570E-009
222	10	19	1	1.32000E-002	-2.60000E-003	-3.00000E-003	6.26470E-009	1.70000E-009	6.46380E-009	3.47280E+000	7.48805E+002	7.50383E+002	1.57800E+000	5.85111E-001	8.00300E-001	1.79160E-009	1.96020E-009	4.12200E-010
226	8	19	1	1.32000E-002	-2.70000E-003	-3.00000E-003	4.34430E-009	1.80000E-009	3.46600E-010	3.47290E+000	7.70218E+002	7.71915E+002	1.69700E+000	5.80274E-001	8.00100E-001	1.85480E-009	1.73540E-009	2.32320E-009
228	6	19	1	1.35000E-002	-2.80000E-003	-3.10000E-003	3.83840E-009	1.70000E-009	1.31100E-010	3.52370E+000	7.67151E+002	7.69079E+002	1.92860E+000	5.68750E-001	8.01700E-001	1.85950E-009	2.11010E-009	2.00470E-009
230	6	21	1	1.36000E-002	-2.90000E-003	-3.20000E-003	3.52930E-009	1.40000E-009	9.58320E-009	3.57110E+000	7.29647E+002	7.34202E+002	4.55500E+000	5.81307E-001	8.03700E-001	1.76580E-009	1.72600E-009	4.68000E-011
234	8	21	1	1.32000E-002	-2.80000E-003	-3.00000E-003	4.42630E-009	1.40000E-009	3.93400E-010	3.47520E+000	7.77963E+002	7.79746E+002	1.78320E+000	5.75050E-001	7.99400E-001	1.42860E-009	1.61830E-009	1.38640E-009
238	10	21	1	1.32000E-002	-2.70000E-003	-3.00000E-003	6.09840E-009	1.80000E-009	7.54100E-009	3.47670E+000	7.63207E+002	7.64540E+002	1.33330E+000	5.83597E-001	8.01000E-001	1.75180E-009	1.73540E-009	9.36800E-010
242	12	21	1	1.32000E-002	-2.70000E-003	-3.00000E-003	7.21080E-009	1.70000E-009	3.61600E-009	3.46940E+000	7.55053E+002	7.56659E+002	1.60640E+000	5.84477E-001	8.01100E-001	1.70490E-009	1.71900E-009	2.81000E-010
246	14	21	1	1.33000E-002	-2.70000E-003	-3.00000E-003	6.94850E-009	1.40000E-009	5.15200E-010	3.44580E+000	7.60163E+002	7.61578E+002	1.41470E+000	5.82743E-001	8.00300E-001	1.53400E-009	1.86890E-009	7.68200E-010
250	16	21	1	1.32000E-002	-2.70000E-003	-3.00000E-003	6.74710E-009	1.70000E-009	1.54605E-007	3.43990E+000	7.64447E+002	7.66156E+002	1.70880E+000	5.75461E-001	8.00100E-001	1.55970E-009	1.73300E-009	6.29510E-009
254	18	21	1	1.32000E-002	-2.70000E-003	-3.00000E-003	6.77290E-009	1.50000E-009	8.71200E-010	3.46700E+000	7.71592E+002	7.73259E+002	1.66770E+000	5.75305E-001	8.01900E-001	1.58080E-009	1.69790E-009	1.16160E-009
258	20	21	1	1.32000E-002	-2.70000E-003	-3.00000E-003	5.52930E-009	1.70000E-009	1.23650E-009	3.46560E+000	7.68750E+002	7.70333E+002	1.58230E+000	5.75421E-001	8.01700E-001	1.52930E-009	1.70020E-009	6.74500E-010
262	22	21	1	1.33000E-002	-2.70000E-003	-3.00000E-003	4.50120E-009	1.60000E-009	7.02600E-010	3.47610E+000	7.86100E+002	7.87584E+002	1.48340E+000	5.72557E-001	8.01800E-001	1.61360E-009	1.88530E-009	8.99300E-010
269	22	23	1	1.33000E-002	-2.70000E-003	-3.00000E-003	4.18500E-009	1.50000E-009	4.77800E-010	3.47250E+000	7.88983E+002	7.90915E+002	1.93130E+000	5.60562E-001	8.01400E-001	1.55970E-009	1.82440E-009	1.09600E-009
273	20	23	1	1.32000E-002	-2.70000E-003	-3.00000E-003	5.18510E-009	1.60000E-009	1.48010E-009	3.46510E+000	7.76871E+002	7.78395E+002	1.52470E+000	5.77557E-001	8.01800E-001	1.61130E-009	1.79860E-009	9.27400E-010
277	18	23	1	1.32000E-002	-2.60000E-003	-3.00000E-003	6.24830E-009	1.70000E-009	2.23890E-009	3.46380E+000	7.69443E+002	7.71158E+002	1.71520E+000	5.74873E-001	8.01900E-001	1.71900E-009	1.89700E-009	1.41450E-009
281	16	23	1	1.32000E-002	-2.70000E-003	-3.00000E-003	6.57380E-009	1.50000E-009	6.55700E-010	3.45250E+000	7.62644E+002	7.64082E+002	1.43820E+000	5.75730E-001	8.01000E-001	1.50590E-009	1.63230E-009	1.26460E-009
285	14	23	1	1.32000E-002	-2.70000E-003	-3.00000E-003	7.02580E-009	1.70000E-009	3.69090E-009	3.45070E+000	7.62801E+002	7.64275E+002	1.47400E+000	5.78666E-001	8.01500E-001	1.78220E-009	1.80100E-009	1.32090E-009
289	12	23	1	1.31000E-002	-2.70000E-003	-3.00000E-003	6.96020E-009	1.70000E-009	3.15690E-009	3.46100E+000	7.56540E+002	7.58054E+002	1.51330E+000	5.83637E-001	8.01500E-001	1.81970E-009	1.77520E-009	2.11710E-009
293	10	23	1	1.32000E-002	-2.60000E-003	-3.00000E-003	5.04220E-009	1.70000E-009	9.98600E-009	3.46650E+000	7.69655E+002	7.71184E+002	1.52900E+000	5.80762E-001	8.00200E-001	1.56910E-009	1.89700E-009	2.31380E-009
297	8	23	1	1.31000E-002	-2.70000E-003	-3.00000E-003	4.10540E-009	1.60000E-009	4.12200E-010	3.46890E+000	7.83199E+002	7.85063E+002	1.86460E+000	5.63917E-001	7.99600E-001	1.67920E-009	1.97190E-009	6.74500E-010
299	8	25	1	1.35000E-002	-2.90000E-003	-3.20000E-003	4.48480E-009	1.60000E-009	3.37200E-010	3.53030E+000	7.52052E+002	7.54785E+002	2.73290E+000	5.77726E-001	8.01800E-001	2.17100E-009	1.54100E-009	5.05900E-010
303	10	25	1	1.33000E-002	-2.80000E-003	-3.00000E-003	4.54100E-009	1.70000E-009	4.75880E-009	3.46730E+000	7.85192E+002	7.87654E+002	2.46160E+000	5.63774E-001	8.00900E-001	1.78690E-009	1.77280E-009	2.06090E-009
307	12	25	1	1.32000E-002	-2.70000E-003	-3.00000E-003	5.48010E-009	1.80000E-009	1.21800E-010	3.46110E+000	7.72281E+002	7.73764E+002	1.48320E+000	5.80459E-001	8.01900E-001	1.80100E-009	1.80800E-009	1.49900E-010
311	14	25	1	1.32000E-002	-2.70000E-003	-3.00000E-003	5.59250E-009	1.40000E-009	1.61130E-009	3.45810E+000	7.69475E+002	7.70967E+002	1.49180E+000	5.78894E-001	8.01900E-001	1.46140E-009	1.66280E-009	1.02110E-009
315	16	25	1	1.33000E-002	-2.70000E-003	-3.00000E-003	5.26470E-009	1.60000E-009	1.76110E-009	3.45320E+000	7.72023E+002	7.73923E+002	1.89990E+000	5.71953E-001	8.01800E-001	1.65810E-009	1.74010E-009	8.80600E-010
319	18	25	1	1.33000E-002	-2.70000E-003	-3.00000E-003	4.98130E-009	1.80000E-009	1.63940E-009	3.47280E+000	7.79401E+002	7.81522E+002	2.12160E+000	5.75510E-001	8.02400E-001	1.65810E-009	1.84310E-009	3.74700E-010
323	20	25	1	1.31000E-002	-2.70000E-003	-3.00000E-003	4.15930E-009	1.60000E-009	1.76110E-009	3.46100E+000	7.85883E+002	7.87356E+002	1.47340E+000	5.67677E-001	8.01700E-001	1.59950E-009	1.88760E-009	1.30210E-009
333	18	27	1	1.32000E-002	-2.70000E-003	-3.10000E-003	3.83610E-009	1.60000E-009	1.26460E-009	3.47120E+000	7.86783E+002	7.89102E+002	2.31890E+000	5.58487E-001	8.02300E-001	1.66040E-009	1.85720E-009	3.84100E-010
337	16	27	1	1.33000E-002	-2.70000E-003	-3.00000E-003	3.92510E-009	1.80000E-009	1.37710E-009	3.46480E+000	7.87965E+002	7.89284E+002	1.31950E+000	5.61650E-001	8.02700E-001	1.61360E-009	2.06790E-009	1.91100E-009
341	14	27	1	1.32000E-002	-2.70000E-003	-3.00000E-003	4.22490E-009	1.50000E-009	1.49900E-010	3.45070E+000	7.84388E+002	7.86386E+002	1.99740E+000	5.64964E-001	8.02000E-001	1.28100E-009	1.79160E-009	1.22720E-009
345	12	27	1	1.32000E-002	-2.70000E-003	-3.00000E-003	5.04920E-009	1.80000E-009	2.03280E-009	3.45600E+000	7.83813E+002	7.86058E+002	2.24490E+000	5.58971E-001	8.01900E-001	1.69320E-009	1.79630E-009	4.30900E-010
348	10	27	1	1.31000E-002	-2.90000E-003	-3.10000E-003	4.53400E-009	1.60000E-009	6.68860E-009	3.50190E+000	7.66553E+002	7.68730E+002	2.17710E+000	5.70611E-001	8.03500E-001	1.87820E-009	1.77050E-009	2.30450E-009

