Program name	H0192AB_E4_CP1.dll
Lot number	C146419.00-CPTSTE07-250312-171044@CP
Wafer number	10
Date	2025/03/12
Time	17:13:41

No.U	X	Y	Bin	CONT@D	CONT@G	CONT@S	IGSS1	IGSSR1	IDSS1	VTH	BVDSS1	BVDSS2	BV2-BV1	RDSON1	VFSDS	IGSS2	IGSSR2	IDSS3
LimitU				0.5V	0.5V	0.5V	80nA	3uA	200nA	4V	900V	900V	50V	640mohm	1V	80nA	80nA	150nA
LimitL				-0.5V	-0.5V	-0.5V	0nA	0uA	0nA	3V	700V	700V	-10V	0mohm	0V	0nA	0nA	0nA
Bias 1				 	 	 	 	 	 	100uA	250uA	1mA	 	1A	 	 	 	 
Bias 2				 	 	 	 	 	 	 	 	 	 	 	2A	 	 	 
Bias 3				2V	 	 	 	 	700V	 	 	 	 	 	 	 	 	600V
Bias 4				 	2V	 	30V	-30V	 	 	 	 	 	10V	0V	20V	-20V	 
Bias 5				1000uS	8000uS	8000uS	12000uS	12000uS	10000uS	2000uS	10000uS	8000uS	1000uS	50000uS	5000uS	12000uS	12000uS	10000uS
Bias 6				 	 	 	 	 	 	 	 	 	 	 	 	 	 	 
3	17	6	1	1.32000E-002	1.20000E-003	9.00000E-004	2.85010E-009	1.50000E-009	6.36060E-009	3.47980E+000	7.42691E+002	7.45971E+002	3.28010E+000	5.69026E-001	7.98200E-001	1.04450E-009	1.59480E-009	1.32080E-009
7	15	6	1	1.32000E-002	1.20000E-003	9.00000E-004	2.93210E-009	1.40000E-009	5.44260E-009	3.48350E+000	7.50650E+002	7.53336E+002	2.68610E+000	5.74039E-001	7.97600E-001	1.14280E-009	1.71900E-009	2.90400E-009
11	13	6	1	1.32000E-002	1.20000E-003	9.00000E-004	3.73300E-009	1.40000E-009	1.54097E-008	3.51390E+000	7.20076E+002	7.23243E+002	3.16730E+000	5.74141E-001	7.98600E-001	1.22250E-009	1.66510E-009	1.95780E-009
20	9	8	5	1.32000E-002	1.20000E-003	9.00000E-004	3.26460E-009	7.00000E-010	1.38140E-005
24	11	8	1	1.32000E-002	1.20000E-003	9.00000E-004	3.33720E-009	1.50000E-009	2.29510E-009	3.47530E+000	7.73626E+002	7.76194E+002	2.56810E+000	5.53141E-001	7.96100E-001	1.28100E-009	1.85010E-009	1.68620E-009
28	13	8	1	1.33000E-002	1.20000E-003	9.00000E-004	3.23420E-009	1.60000E-009	5.62990E-009	3.46150E+000	7.78068E+002	7.81239E+002	3.17030E+000	5.63077E-001	7.96400E-001	1.28340E-009	1.80090E-009	2.06090E-009
32	15	8	1	1.31000E-002	1.20000E-003	9.00000E-004	3.69790E-009	1.70000E-009	7.37230E-009	3.45530E+000	7.68825E+002	7.70726E+002	1.90090E+000	5.78802E-001	7.96900E-001	1.22720E-009	1.87350E-009	1.40510E-009
36	17	8	1	1.32000E-002	1.30000E-003	9.00000E-004	3.60650E-009	1.20000E-009	7.38170E-009	3.44930E+000	7.75348E+002	7.77891E+002	2.54370E+000	5.68627E-001	7.98100E-001	9.39100E-010	1.81500E-009	1.48950E-009
40	19	8	1	1.32000E-002	1.30000E-003	9.00000E-004	3.88290E-009	1.50000E-009	3.13820E-009	3.43700E+000	7.75514E+002	7.77872E+002	2.35810E+000	5.54635E-001	7.97800E-001	1.01870E-009	1.81500E-009	1.10540E-009
45	21	10	1	1.32000E-002	1.20000E-003	9.00000E-004	3.68380E-009	1.50000E-009	7.08190E-009	3.44980E+000	7.79778E+002	7.81535E+002	1.75700E+000	5.54913E-001	7.97300E-001	1.06320E-009	1.91330E-009	1.54570E-009
49	19	10	1	1.31000E-002	1.20000E-003	9.00000E-004	4.34420E-009	1.50000E-009	8.42150E-009	3.45050E+000	7.68867E+002	7.70473E+002	1.60680E+000	5.71496E-001	7.97300E-001	1.11710E-009	1.60420E-009	2.01400E-009
53	17	10	1	1.31000E-002	1.30000E-003	9.00000E-004	4.43090E-009	1.60000E-009	8.96480E-009	3.45780E+000	7.60836E+002	7.62469E+002	1.63270E+000	5.79601E-001	7.96500E-001	1.16630E-009	1.52930E-009	1.06790E-009
57	15	10	1	1.32000E-002	1.20000E-003	9.00000E-004	4.94140E-009	1.80000E-009	1.91100E-009	3.45950E+000	7.57821E+002	7.59347E+002	1.52640E+000	5.83129E-001	7.96700E-001	1.25760E-009	1.65340E-009	2.40750E-009
61	13	10	1	1.32000E-002	1.30000E-003	9.00000E-004	4.03510E-009	1.60000E-009	5.99500E-010	3.47110E+000	7.61320E+002	7.63136E+002	1.81600E+000	5.81350E-001	7.96800E-001	9.57800E-010	1.66510E-009	7.77500E-010
65	11	10	1	1.32000E-002	1.30000E-003	9.00000E-004	3.56200E-009	1.70000E-009	1.77050E-009	3.47150E+000	7.77406E+002	7.78943E+002	1.53710E+000	5.69505E-001	7.96000E-001	1.32320E-009	1.92040E-009	2.14520E-009
69	9	10	1	1.32000E-002	1.40000E-003	9.00000E-004	3.22950E-009	1.00000E-009	1.82670E-009	3.46660E+000	7.74328E+002	7.76260E+002	1.93200E+000	5.57307E-001	7.96000E-001	7.96200E-010	1.77050E-009	1.30210E-009
73	7	10	3	1.33000E-002	1.50000E-003	9.00000E-004	1.38720E-005
79	7	12	1	1.32000E-002	1.20000E-003	9.00000E-004	3.39580E-009	1.50000E-009	2.72600E-009	3.48430E+000	7.56472E+002	7.58704E+002	2.23150E+000	5.60594E-001	7.96000E-001	1.04920E-009	1.77280E-009	3.13820E-009
83	9	12	1	1.32000E-002	1.30000E-003	1.00000E-003	3.70960E-009	1.20000E-009	2.24820E-009	3.46940E+000	7.74197E+002	7.75984E+002	1.78700E+000	5.66811E-001	7.95400E-001	1.12180E-009	1.59950E-009	1.26460E-009
87	11	12	1	1.32000E-002	1.20000E-003	9.00000E-004	4.44960E-009	1.60000E-009	2.70720E-009	3.47050E+000	7.68018E+002	7.70091E+002	2.07310E+000	5.73524E-001	7.95700E-001	1.24820E-009	1.84780E-009	3.03510E-009
91	13	12	1	1.32000E-002	1.30000E-003	9.00000E-004	5.64160E-009	1.50000E-009	4.14050E-009	3.47190E+000	7.58526E+002	7.60405E+002	1.87870E+000	5.74575E-001	7.96800E-001	1.11940E-009	1.87590E-009	1.44260E-009
95	15	12	1	1.32000E-002	1.30000E-003	9.00000E-004	5.48940E-009	1.50000E-009	3.34420E-009	3.46270E+000	7.58339E+002	7.59866E+002	1.52730E+000	5.79593E-001	7.96100E-001	8.40700E-010	1.82670E-009	3.44730E-009
99	17	12	1	1.32000E-002	1.20000E-003	9.00000E-004	5.69080E-009	1.80000E-009	6.84770E-009	3.34860E+000	7.61477E+002	7.63049E+002	1.57180E+000	5.73027E-001	7.96500E-001	1.05850E-009	1.94140E-009	9.74200E-010
103	19	12	1	1.31000E-002	1.30000E-003	9.00000E-004	5.12880E-009	1.30000E-009	6.65100E-009	3.30110E+000	7.65059E+002	7.66643E+002	1.58430E+000	5.68029E-001	7.97000E-001	8.10300E-010	1.80090E-009	1.86420E-009
107	21	12	1	1.32000E-002	1.30000E-003	1.00000E-003	3.96480E-009	1.50000E-009	3.67210E-009	3.44820E+000	7.76265E+002	7.78094E+002	1.82890E+000	5.62098E-001	7.97600E-001	1.22480E-009	1.93680E-009	2.18270E-009
111	23	12	1	1.31000E-002	1.20000E-003	9.00000E-004	3.60890E-009	1.40000E-009	1.39580E-009	3.46560E+000	7.77099E+002	7.79225E+002	2.12600E+000	5.47677E-001	7.98500E-001	1.60190E-009	1.46370E-009	2.96020E-009
113	23	14	1	1.32000E-002	1.30000E-003	9.00000E-004	3.60190E-009	1.50000E-009	1.73300E-009	3.46930E+000	7.85064E+002	7.86905E+002	1.84130E+000	5.52279E-001	7.97700E-001	1.12180E-009	1.70490E-009	3.23180E-009
117	21	14	1	1.32000E-002	1.30000E-003	9.00000E-004	4.61820E-009	1.60000E-009	2.57610E-009	3.45230E+000	7.72026E+002	7.73953E+002	1.92620E+000	5.60052E-001	7.97400E-001	1.25060E-009	1.89460E-009	1.59200E-010
121	19	14	1	1.31000E-002	1.30000E-003	1.00000E-003	5.46830E-009	1.50000E-009	6.08900E-010	3.46000E+000	7.67562E+002	7.69602E+002	2.04010E+000	5.61698E-001	7.97600E-001	1.06790E-009	1.65570E-009	1.92970E-009
125	17	14	1	1.32000E-002	1.20000E-003	9.00000E-004	6.09600E-009	1.60000E-009	2.49180E-009	3.45650E+000	7.63835E+002	7.65346E+002	1.51160E+000	5.69521E-001	7.95800E-001	1.19670E-009	1.79620E-009	2.37000E-009
129	15	14	1	1.32000E-002	1.20000E-003	1.00000E-003	5.99060E-009	1.50000E-009	2.41680E-009	3.44650E+000	7.58642E+002	7.60100E+002	1.45840E+000	5.71717E-001	7.95900E-001	1.07730E-009	1.90160E-009	2.33250E-009
133	13	14	1	1.32000E-002	1.20000E-003	9.00000E-004	6.37930E-009	1.50000E-009	2.02340E-009	3.46530E+000	7.57364E+002	7.58961E+002	1.59710E+000	5.75474E-001	7.96500E-001	1.20140E-009	1.94380E-009	1.07730E-009
137	11	14	1	1.33000E-002	1.20000E-003	1.00000E-003	5.29040E-009	1.60000E-009	6.25760E-009	3.46460E+000	7.65505E+002	7.67339E+002	1.83430E+000	5.62430E-001	7.96200E-001	9.25100E-010	1.80800E-009	2.52930E-009
141	9	14	1	1.32000E-002	1.30000E-003	9.00000E-004	3.68150E-009	1.50000E-009	3.47540E-009	3.45670E+000	7.59381E+002	7.61454E+002	2.07330E+000	5.68452E-001	7.95100E-001	1.27400E-009	1.77520E-009	2.07960E-009
145	7	14	1	1.32000E-002	1.30000E-003	9.00000E-004	3.11940E-009	1.70000E-009	3.27870E-009	3.46980E+000	7.74115E+002	7.76182E+002	2.06730E+000	5.54032E-001	7.95800E-001	1.30440E-009	1.63460E-009	9.74200E-010
151	5	16	3	1.33000E-002	1.20000E-003	1.00000E-003	1.38710E-005
155	7	16	1	1.32000E-002	1.30000E-003	9.00000E-004	2.91800E-009	1.60000E-009	2.08900E-009	3.47170E+000	7.78435E+002	7.80099E+002	1.66310E+000	5.59290E-001	7.96900E-001	9.81300E-010	1.85010E-009	2.01400E-009
159	9	16	1	1.31000E-002	1.30000E-003	9.00000E-004	4.23180E-009	1.40000E-009	4.73060E-009	3.46920E+000	7.59609E+002	7.61193E+002	1.58400E+000	5.73969E-001	7.97700E-001	1.20840E-009	1.97660E-009	6.55700E-010
163	11	16	1	1.32000E-002	1.30000E-003	1.00000E-003	5.35130E-009	1.50000E-009	5.78920E-009	3.48310E+000	7.71641E+002	7.73879E+002	2.23750E+000	5.60286E-001	7.96800E-001	1.10540E-009	1.76580E-009	3.74700E-010
167	13	16	1	1.33000E-002	1.30000E-003	1.00000E-003	6.45900E-009	1.50000E-009	4.96500E-010	3.45240E+000	7.58921E+002	7.60669E+002	1.74880E+000	5.70120E-001	7.96700E-001	1.03280E-009	1.93680E-009	3.16630E-009
171	15	16	1	1.32000E-002	1.30000E-003	9.00000E-004	5.91330E-009	1.30000E-009	2.17330E-009	3.43690E+000	7.53437E+002	7.55057E+002	1.62010E+000	5.73326E-001	7.96700E-001	8.50100E-010	1.74940E-009	1.85480E-009
175	17	16	1	1.32000E-002	1.20000E-003	1.00000E-003	6.00700E-009	1.50000E-009	4.73060E-009	3.44740E+000	7.62123E+002	7.63676E+002	1.55350E+000	5.69587E-001	7.96300E-001	1.13820E-009	1.99530E-009	7.86900E-010
179	19	16	1	1.31000E-002	1.40000E-003	1.00000E-003	6.14750E-009	1.60000E-009	3.07260E-009	3.45790E+000	7.67357E+002	7.68978E+002	1.62060E+000	5.64657E-001	7.97500E-001	9.60200E-010	1.57140E-009	2.36060E-009
183	21	16	1	1.32000E-002	1.40000E-003	1.00000E-003	4.74940E-009	1.70000E-009	4.30900E-010	3.46370E+000	7.73254E+002	7.75042E+002	1.78780E+000	5.62974E-001	7.97500E-001	1.04920E-009	1.87590E-009	2.50120E-009
187	23	16	1	1.32000E-002	1.30000E-003	9.00000E-004	3.85010E-009	1.70000E-009	2.69790E-009	3.46490E+000	7.88597E+002	7.90228E+002	1.63090E+000	5.59624E-001	7.97600E-001	1.33020E-009	1.84540E-009	1.03040E-009
191	23	18	1	1.32000E-002	1.30000E-003	1.00000E-003	3.26930E-009	1.50000E-009	4.68000E-011	3.46470E+000	7.88860E+002	7.90347E+002	1.48740E+000	5.59790E-001	7.98000E-001	9.95300E-010	1.60420E-009	3.43790E-009
195	21	18	1	1.32000E-002	1.40000E-003	9.00000E-004	4.82430E-009	1.70000E-009	2.05150E-009	3.46150E+000	7.74495E+002	7.76147E+002	1.65160E+000	5.62744E-001	7.97300E-001	1.21080E-009	1.85240E-009	1.20840E-009
199	19	18	1	1.32000E-002	1.40000E-003	1.00000E-003	5.76810E-009	1.50000E-009	2.36060E-009	3.44420E+000	7.72487E+002	7.74374E+002	1.88760E+000	5.62921E-001	7.98000E-001	9.81300E-010	1.70020E-009	1.16160E-009
203	17	18	1	1.32000E-002	1.30000E-003	1.00000E-003	5.77050E-009	1.60000E-009	6.11710E-009	3.43580E+000	7.65977E+002	7.67414E+002	1.43740E+000	5.65735E-001	7.95700E-001	1.12180E-009	1.99300E-009	1.11470E-009
207	15	18	1	1.32000E-002	1.30000E-003	1.00000E-003	6.14050E-009	1.60000E-009	2.92270E-009	3.43670E+000	7.49724E+002	7.51985E+002	2.26110E+000	5.64554E-001	7.96300E-001	7.35400E-010	1.82430E-009	1.73300E-009
211	13	18	1	1.32000E-002	1.30000E-003	1.00000E-003	6.29740E-009	1.50000E-009	2.22010E-009	3.44780E+000	7.60007E+002	7.61562E+002	1.55410E+000	5.69151E-001	7.95500E-001	1.12650E-009	1.82430E-009	3.07260E-009
215	11	18	1	1.32000E-002	1.20000E-003	9.00000E-004	5.78680E-009	1.40000E-009	2.96020E-009	3.48810E+000	7.70659E+002	7.72331E+002	1.67150E+000	5.64891E-001	7.97700E-001	1.14520E-009	1.48240E-009	2.22950E-009
219	9	18	1	1.33000E-002	1.30000E-003	9.00000E-004	3.95310E-009	1.70000E-009	3.22250E-009	3.45830E+000	7.58238E+002	7.59861E+002	1.62320E+000	5.74282E-001	7.97300E-001	1.23890E-009	1.93440E-009	2.35130E-009
223	7	18	1	1.31000E-002	1.40000E-003	9.00000E-004	3.49650E-009	1.60000E-009	3.86880E-009	3.46720E+000	7.78206E+002	7.80277E+002	2.07080E+000	5.57250E-001	7.97600E-001	1.32320E-009	1.83140E-009	1.38640E-009
231	7	20	1	1.33000E-002	1.20000E-003	9.00000E-004	2.80090E-009	1.50000E-009	4.51520E-009	3.45770E+000	7.74061E+002	7.76235E+002	2.17340E+000	5.56906E-001	7.97500E-001	1.21310E-009	1.76350E-009	2.12640E-009
235	9	20	1	1.32000E-002	1.20000E-003	9.00000E-004	4.14520E-009	1.50000E-009	2.40750E-009	3.45520E+000	7.60611E+002	7.62296E+002	1.68440E+000	5.73773E-001	7.97100E-001	1.12880E-009	1.74470E-009	5.62100E-010
239	11	20	1	1.32000E-002	1.20000E-003	9.00000E-004	5.26690E-009	1.60000E-009	6.54800E-009	3.48030E+000	7.68888E+002	7.71387E+002	2.49920E+000	5.63955E-001	7.97600E-001	1.19670E-009	1.67910E-009	3.27900E-010
243	13	20	1	1.32000E-002	1.20000E-003	9.00000E-004	5.96480E-009	1.50000E-009	1.45200E-009	3.46150E+000	7.64740E+002	7.66448E+002	1.70850E+000	5.69303E-001	7.95800E-001	1.11470E-009	1.77520E-009	2.53860E-009
247	15	20	1	1.32000E-002	1.30000E-003	9.00000E-004	5.98360E-009	1.40000E-009	7.68100E-010	3.43280E+000	7.59643E+002	7.61086E+002	1.44300E+000	5.74971E-001	7.96500E-001	1.09840E-009	2.01170E-009	4.12200E-010
251	17	20	1	1.32000E-002	1.30000E-003	1.00000E-003	5.92030E-009	1.60000E-009	1.02669E-008	3.43490E+000	7.60834E+002	7.62341E+002	1.50690E+000	5.66213E-001	7.95900E-001	1.06320E-009	1.89460E-009	2.12640E-009
255	19	20	1	1.32000E-002	1.40000E-003	1.00000E-003	5.84070E-009	1.30000E-009	2.30440E-009	3.44830E+000	7.72869E+002	7.74424E+002	1.55500E+000	5.65516E-001	7.97600E-001	7.21300E-010	1.69550E-009	2.75410E-009
259	21	20	1	1.32000E-002	1.40000E-003	9.00000E-004	4.60180E-009	1.80000E-009	2.18270E-009	3.46070E+000	7.74628E+002	7.76355E+002	1.72690E+000	5.64677E-001	7.97600E-001	1.00230E-009	1.83370E-009	1.33960E-009
263	23	20	1	1.32000E-002	1.40000E-003	9.00000E-004	4.10770E-009	1.10000E-009	1.87000E-011	3.46740E+000	7.88524E+002	7.90399E+002	1.87580E+000	5.55050E-001	7.98200E-001	1.59020E-009	1.64400E-009	1.64870E-009
265	23	22	1	1.33000E-002	1.30000E-003	9.00000E-004	4.69320E-009	1.30000E-009	2.23890E-009	3.44740E+000	7.81104E+002	7.83484E+002	2.37940E+000	5.46796E-001	7.97400E-001	1.69550E-009	1.62060E-009	2.34200E-010
266	21	22	1	1.32000E-002	1.30000E-003	9.00000E-004	3.89220E-009	1.40000E-009	2.94140E-009	3.45960E+000	7.76181E+002	7.77860E+002	1.67960E+000	5.66845E-001	7.97400E-001	9.93000E-010	1.80330E-009	1.25530E-009
270	19	22	1	1.32000E-002	1.40000E-003	1.00000E-003	4.99760E-009	1.50000E-009	3.17560E-009	3.45810E+000	7.64500E+002	7.66490E+002	1.99030E+000	5.65939E-001	7.97700E-001	8.40700E-010	1.86880E-009	9.36800E-010
274	17	22	1	1.32000E-002	1.30000E-003	9.00000E-004	5.79860E-009	1.50000E-009	3.54100E-009	3.46100E+000	7.68661E+002	7.70192E+002	1.53100E+000	5.65725E-001	7.97300E-001	8.71200E-010	1.57610E-009	7.02600E-010
278	15	22	1	1.32000E-002	1.30000E-003	9.00000E-004	6.25760E-009	1.40000E-009	8.93670E-009	3.45790E+000	7.61316E+002	7.62755E+002	1.43850E+000	5.70054E-001	7.96200E-001	1.08430E-009	1.96250E-009	1.39580E-009
282	13	22	1	1.32000E-002	1.30000E-003	1.00000E-003	6.33250E-009	1.60000E-009	1.35175E-008	3.47330E+000	7.58252E+002	7.59821E+002	1.56860E+000	5.72366E-001	7.97900E-001	1.14280E-009	1.43090E-009	4.68000E-011
286	11	22	1	1.33000E-002	1.30000E-003	1.00000E-003	5.40510E-009	1.60000E-009	4.82430E-009	3.47270E+000	7.64315E+002	7.65812E+002	1.49700E+000	5.66050E-001	7.97600E-001	1.44500E-009	1.85010E-009	1.91100E-009
290	9	22	1	1.33000E-002	1.30000E-003	1.00000E-003	4.06790E-009	1.50000E-009	5.85480E-009	3.46580E+000	7.62167E+002	7.64001E+002	1.83420E+000	5.72899E-001	7.97300E-001	1.15460E-009	1.86650E-009	5.71400E-010
294	7	22	1	1.31000E-002	1.40000E-003	9.00000E-004	2.60890E-009	1.50000E-009	9.99530E-009	3.48850E+000	7.65140E+002	7.67467E+002	2.32700E+000	5.58784E-001	7.97500E-001	1.06790E-009	1.87590E-009	3.65300E-010
300	9	24	1	1.31000E-002	1.30000E-003	1.00000E-003	3.82200E-009	1.40000E-009	7.80320E-009	3.46570E+000	7.77951E+002	7.79995E+002	2.04420E+000	5.57261E-001	7.97200E-001	9.83600E-010	1.80560E-009	2.71700E-010
304	11	24	1	1.32000E-002	1.30000E-003	1.00000E-003	4.73060E-009	1.50000E-009	3.62530E-009	3.46290E+000	7.68424E+002	7.70171E+002	1.74710E+000	5.69550E-001	7.97800E-001	1.14280E-009	1.85710E-009	1.44260E-009
308	13	24	1	1.32000E-002	1.30000E-003	9.00000E-004	4.98590E-009	1.20000E-009	5.18970E-009	3.46660E+000	7.59925E+002	7.61727E+002	1.80250E+000	5.68961E-001	7.97600E-001	1.16630E-009	1.63230E-009	2.64170E-009
312	15	24	1	1.32000E-002	1.40000E-003	1.00000E-003	5.26690E-009	1.60000E-009	4.96480E-009	3.46080E+000	7.59683E+002	7.61236E+002	1.55300E+000	5.61794E-001	7.97600E-001	1.18500E-009	1.87820E-009	5.43300E-010
316	17	24	1	1.32000E-002	1.40000E-003	9.00000E-004	4.65570E-009	1.70000E-009	3.77520E-009	3.46320E+000	7.63107E+002	7.64614E+002	1.50700E+000	5.65174E-001	7.97300E-001	1.37940E-009	2.02110E-009	3.93400E-010
320	19	24	1	1.32000E-002	1.40000E-003	1.00000E-003	4.59250E-009	1.20000E-009	4.06550E-009	3.45820E+000	7.65647E+002	7.67144E+002	1.49740E+000	5.70796E-001	7.98500E-001	8.61800E-010	1.86180E-009	9.83600E-010
324	21	24	1	1.34000E-002	1.40000E-003	9.00000E-004	3.93910E-009	1.50000E-009	3.80330E-009	3.46710E+000	7.81560E+002	7.82813E+002	1.25340E+000	5.62535E-001	7.97700E-001	1.46600E-009	1.65810E-009	1.94850E-009
327	19	26	1	1.33000E-002	1.40000E-003	9.00000E-004	3.81960E-009	1.70000E-009	1.64870E-009	3.46220E+000	7.79208E+002	7.82761E+002	3.55280E+000	5.61404E-001	7.97700E-001	1.44260E-009	1.76580E-009	2.22950E-009
330	17	26	1	1.32000E-002	1.30000E-003	9.00000E-004	3.59010E-009	1.50000E-009	5.32080E-009	3.45310E+000	7.68231E+002	7.69941E+002	1.71070E+000	5.67869E-001	7.98400E-001	9.60200E-010	1.69550E-009	7.21300E-010
334	15	26	1	1.32000E-002	1.30000E-003	1.00000E-003	4.45660E-009	1.60000E-009	4.53390E-009	3.45150E+000	7.65500E+002	7.67014E+002	1.51450E+000	5.66425E-001	7.97900E-001	9.76600E-010	1.92040E-009	9.46100E-010
338	13	26	1	1.31000E-002	1.40000E-003	9.00000E-004	4.17800E-009	1.60000E-009	5.08660E-009	3.45840E+000	7.65745E+002	7.67379E+002	1.63400E+000	5.70427E-001	7.98200E-001	1.13820E-009	1.67680E-009	4.96500E-010
342	11	26	1	1.32000E-002	1.40000E-003	1.00000E-003	3.83370E-009	1.40000E-009	4.09370E-009	3.46240E+000	7.78399E+002	7.80732E+002	2.33310E+000	5.55076E-001	7.98100E-001	1.17560E-009	1.99300E-009	1.31150E-009
346	9	26	1	1.32000E-002	1.30000E-003	9.00000E-004	3.56440E-009	1.50000E-009	1.17283E-008	3.49710E+000	7.53410E+002	7.54931E+002	1.52090E+000	5.62078E-001	7.98600E-001	1.37240E-009	1.90160E-009	9.27400E-010
350	13	28	1	1.34000E-002	1.30000E-003	9.00000E-004	3.48480E-009	1.40000E-009	3.69080E-009	3.46320E+000	7.69633E+002	7.71367E+002	1.73350E+000	5.51795E-001	7.98000E-001	1.49880E-009	1.69090E-009	2.36060E-009
352	15	28	1	1.34000E-002	1.30000E-003	9.00000E-004	3.29040E-009	1.50000E-009	6.13580E-009	3.46180E+000	7.73537E+002	7.75497E+002	1.95980E+000	5.52079E-001	7.98500E-001	1.40050E-009	1.93440E-009	1.95780E-009
354	17	28	1	1.32000E-002	1.30000E-003	8.00000E-004	3.99290E-009	1.30000E-009	5.75170E-009	3.46310E+000	7.72228E+002	7.74139E+002	1.91110E+000	5.53996E-001	7.98500E-001	1.82670E-009	1.56440E-009	3.27900E-010

4	18	6	1	1.32000E-002	2.40000E-003	2.10000E-003	3.30870E-009	1.50000E-009	1.69345E-008	3.51130E+000	7.18244E+002	7.22773E+002	4.52870E+000	5.69895E-001	7.98100E-001	1.51500E-009	1.74450E-009	2.85680E-009
8	16	6	1	1.32000E-002	2.40000E-003	2.00000E-003	3.16350E-009	1.80000E-009	2.39780E-009	3.48360E+000	7.49253E+002	7.52148E+002	2.89450E+000	5.71476E-001	7.96600E-001	1.51740E-009	1.98570E-009	9.36600E-010
12	14	6	1	1.32000E-002	2.40000E-003	2.10000E-003	3.88940E-009	1.80000E-009	3.56860E-009	3.49310E+000	7.39785E+002	7.43063E+002	3.27740E+000	5.76069E-001	7.97400E-001	1.66490E-009	2.02080E-009	1.84520E-009
15	12	6	5	1.36000E-002	2.30000E-003	2.00000E-003	4.23130E-009	2.00000E-010	1.37840E-005
21	10	8	1	1.32000E-002	2.40000E-003	2.10000E-003	3.73720E-009	1.70000E-009	0.00000E+000	3.50100E+000	7.61611E+002	7.64624E+002	3.01280E+000	5.61276E-001	7.95100E-001	1.82650E-009	2.27140E-009	1.09590E-009
25	12	8	1	1.32000E-002	2.40000E-003	2.00000E-003	4.19620E-009	2.00000E-009	4.60830E-009	3.45430E+000	7.78029E+002	7.78128E+002	9.85000E-002	5.58772E-001	7.95000E-001	1.78670E-009	2.08400E-009	2.62260E-009
29	14	8	1	1.33000E-002	2.50000E-003	2.10000E-003	3.81450E-009	1.80000E-009	4.72070E-009	3.46220E+000	7.71900E+002	7.73642E+002	1.74140E+000	5.75077E-001	7.96100E-001	1.69770E-009	2.04890E-009	2.27600E-009
33	16	8	1	1.31000E-002	2.40000E-003	2.10000E-003	4.09080E-009	2.00000E-009	6.37106E-008	3.45210E+000	7.73595E+002	7.75436E+002	1.84030E+000	5.74527E-001	7.96400E-001	1.68360E-009	2.15190E-009	2.68820E-009
37	18	8	1	1.32000E-002	2.50000E-003	2.10000E-003	3.80980E-009	1.50000E-009	4.74880E-009	3.45960E+000	7.80259E+002	7.82345E+002	2.08570E+000	5.56761E-001	7.97000E-001	1.37690E-009	1.99740E-009	2.44460E-009
41	20	8	1	1.32000E-002	2.50000E-003	2.10000E-003	3.64820E-009	1.80000E-009	5.02040E-009	3.45600E+000	7.70512E+002	7.72553E+002	2.04050E+000	5.54456E-001	7.96200E-001	1.47990E-009	2.02320E-009	1.11460E-009
46	22	10	1	1.32000E-002	2.40000E-003	2.00000E-003	3.47260E-009	1.70000E-009	3.53120E-009	3.45760E+000	7.71519E+002	7.74071E+002	2.55260E+000	5.52423E-001	7.96500E-001	1.38620E-009	2.13090E-009	1.03970E-009
50	20	10	1	1.31000E-002	2.40000E-003	2.10000E-003	4.56610E-009	1.70000E-009	4.36480E-009	3.45260E+000	7.74637E+002	7.76429E+002	1.79190E+000	5.66698E-001	7.96900E-001	1.47290E-009	1.90140E-009	1.09590E-009
54	18	10	1	1.31000E-002	2.40000E-003	2.10000E-003	4.57320E-009	2.00000E-009	7.47440E-009	3.45780E+000	7.69676E+002	7.71430E+002	1.75400E+000	5.72841E-001	7.96400E-001	1.65080E-009	1.69300E-009	2.11680E-009
58	16	10	1	1.32000E-002	2.40000E-003	2.10000E-003	5.20310E-009	2.20000E-009	3.21270E-009	3.45710E+000	7.63295E+002	7.64950E+002	1.65490E+000	5.77767E-001	7.94700E-001	1.80770E-009	1.78430E-009	9.83500E-010
62	14	10	1	1.32000E-002	2.50000E-003	2.10000E-003	4.72540E-009	1.80000E-009	4.68300E-010	3.46210E+000	7.57496E+002	7.59088E+002	1.59220E+000	5.83485E-001	7.94800E-001	1.37220E-009	1.92710E-009	5.05800E-010
66	12	10	1	1.32000E-002	2.40000E-003	2.10000E-003	4.04160E-009	2.00000E-009	8.89800E-010	3.46330E+000	7.64863E+002	7.66768E+002	1.90510E+000	5.79538E-001	7.94600E-001	1.65790E-009	2.31820E-009	2.36030E-009
70	10	10	1	1.32000E-002	2.40000E-003	2.10000E-003	3.77470E-009	1.50000E-009	2.07940E-009	3.46680E+000	7.80219E+002	7.82350E+002	2.13180E+000	5.62111E-001	7.94600E-001	1.32770E-009	1.94120E-009	3.46600E-010
74	8	10	1	1.33000E-002	2.40000E-003	2.00000E-003	4.48180E-009	1.80000E-009	1.02090E-009	3.49400E+000	7.54402E+002	7.57195E+002	2.79340E+000	5.60582E-001	7.95900E-001	1.63440E-009	2.02320E-009	9.92800E-010
77	6	12	3	1.35000E-002	2.20000E-003	1.90000E-003	1.38570E-005
80	8	12	1	1.32000E-002	2.40000E-003	2.00000E-003	3.83320E-009	1.70000E-009	2.77250E-009	3.45990E+000	7.76178E+002	7.78252E+002	2.07400E+000	5.54992E-001	7.94500E-001	1.44480E-009	2.00910E-009	8.33600E-010
84	10	12	1	1.32000E-002	2.40000E-003	2.10000E-003	4.46080E-009	1.60000E-009	8.99200E-010	3.46180E+000	7.64939E+002	7.66523E+002	1.58420E+000	5.75806E-001	7.94200E-001	1.51030E-009	1.83350E-009	5.15200E-010
88	12	12	1	1.32000E-002	2.40000E-003	2.10000E-003	5.64560E-009	1.80000E-009	3.75000E-011	3.46320E+000	7.54565E+002	7.56102E+002	1.53680E+000	5.77634E-001	7.94800E-001	1.59230E-009	2.15660E-009	1.05840E-009
92	14	12	1	1.32000E-002	2.40000E-003	2.10000E-003	6.14910E-009	1.80000E-009	5.24500E-010	3.46490E+000	7.59398E+002	7.61146E+002	1.74800E+000	5.77950E-001	7.95700E-001	1.62040E-009	2.01380E-009	1.63910E-009
96	16	12	1	1.32000E-002	2.40000E-003	2.00000E-003	5.82360E-009	1.70000E-009	8.61700E-010	3.46210E+000	7.62420E+002	7.64069E+002	1.64920E+000	5.76901E-001	7.95400E-001	1.22470E-009	2.02780E-009	5.15200E-010
100	18	12	1	1.32000E-002	2.50000E-003	2.10000E-003	5.93830E-009	2.00000E-009	9.27300E-010	3.45840E+000	7.69820E+002	7.71728E+002	1.90800E+000	5.65874E-001	7.96200E-001	1.51500E-009	2.32290E-009	2.02320E-009
104	20	12	1	1.31000E-002	2.50000E-003	2.10000E-003	4.83070E-009	1.60000E-009	6.83800E-010	3.44270E+000	7.69753E+002	7.71668E+002	1.91530E+000	5.65675E-001	7.96700E-001	1.30900E-009	1.99740E-009	1.36750E-009
108	22	12	1	1.32000E-002	2.60000E-003	2.10000E-003	3.89180E-009	1.70000E-009	2.90400E-010	3.45180E+000	7.82852E+002	7.84631E+002	1.77860E+000	5.57793E-001	7.96700E-001	1.68130E-009	2.12150E-009	1.69530E-009
114	24	14	1	1.32000E-002	2.40000E-003	2.10000E-003	3.28760E-009	1.80000E-009	4.49600E-010	3.45740E+000	7.74400E+002	7.76322E+002	1.92190E+000	5.49910E-001	7.97000E-001	1.67890E-009	1.84280E-009	8.43000E-010
118	22	14	1	1.32000E-002	2.50000E-003	2.00000E-003	4.28750E-009	2.10000E-009	1.52670E-009	3.45760E+000	7.77944E+002	7.79524E+002	1.57930E+000	5.63921E-001	7.96700E-001	1.76090E-009	2.03490E-009	4.68300E-010
122	20	14	1	1.31000E-002	2.50000E-003	2.10000E-003	5.16790E-009	1.80000E-009	2.99700E-010	3.45780E+000	7.70802E+002	7.72374E+002	1.57200E+000	5.57122E-001	7.96100E-001	1.43310E-009	1.98330E-009	8.89800E-010
126	18	14	1	1.32000E-002	2.40000E-003	2.10000E-003	6.28020E-009	2.00000E-009	1.62040E-009	3.46930E+000	7.70454E+002	7.72101E+002	1.64730E+000	5.63763E-001	7.96700E-001	1.54780E-009	2.07470E-009	1.53610E-009
130	16	14	1	1.32000E-002	2.40000E-003	2.00000E-003	6.09990E-009	1.80000E-009	7.58700E-010	3.45460E+000	7.63291E+002	7.64831E+002	1.54010E+000	5.69874E-001	7.94800E-001	1.43070E-009	2.06530E-009	1.82650E-009
134	14	14	1	1.32000E-002	2.40000E-003	2.00000E-003	6.64080E-009	1.70000E-009	1.76090E-009	3.45090E+000	7.58296E+002	7.59776E+002	1.47980E+000	5.76281E-001	7.95100E-001	1.54310E-009	2.26200E-009	2.99700E-010
138	12	14	1	1.33000E-002	2.40000E-003	2.10000E-003	6.50270E-009	1.80000E-009	4.96400E-010	3.47550E+000	7.60272E+002	7.61815E+002	1.54280E+000	5.70295E-001	7.94900E-001	1.31830E-009	2.03020E-009	4.77700E-010
142	10	14	1	1.32000E-002	2.40000E-003	2.10000E-003	4.90330E-009	1.80000E-009	3.83090E-009	3.45880E+000	7.58636E+002	7.60049E+002	1.41290E+000	5.65589E-001	7.94200E-001	1.65550E-009	1.91080E-009	1.37690E-009
146	8	14	1	1.32000E-002	2.50000E-003	2.00000E-003	3.71380E-009	2.20000E-009	1.07710E-009	3.47550E+000	7.76037E+002	7.77854E+002	1.81690E+000	5.65355E-001	7.94500E-001	1.85220E-009	1.82180E-009	2.04190E-009
149	6	14	1	1.35000E-002	2.30000E-003	2.00000E-003	3.97610E-009	1.90000E-009	1.00127E-008	3.53710E+000	7.25884E+002	7.29269E+002	3.38460E+000	5.66246E-001	7.98700E-001	1.63910E-009	1.95520E-009	2.05130E-009
152	6	16	1	1.33000E-002	2.40000E-003	2.00000E-003	4.26170E-009	1.40000E-009	2.50080E-009	3.50520E+000	7.55909E+002	7.57852E+002	1.94360E+000	5.62118E-001	7.97000E-001	1.77030E-009	2.21980E-009	1.54550E-009
156	8	16	1	1.32000E-002	2.50000E-003	2.00000E-003	3.51480E-009	1.90000E-009	2.82870E-009	3.47070E+000	7.67860E+002	7.69702E+002	1.84160E+000	5.71468E-001	7.96000E-001	1.32540E-009	2.01850E-009	1.56420E-009
160	10	16	1	1.31000E-002	2.40000E-003	2.10000E-003	5.43960E-009	1.90000E-009	3.14710E-009	3.46870E+000	7.53258E+002	7.55007E+002	1.74920E+000	5.67759E-001	7.96300E-001	1.73510E-009	2.32760E-009	6.55700E-010
164	12	16	1	1.32000E-002	2.40000E-003	2.10000E-003	6.21930E-009	1.80000E-009	1.53610E-009	3.46710E+000	7.60817E+002	7.62271E+002	1.45400E+000	5.70855E-001	7.94600E-001	1.53610E-009	1.90370E-009	1.46120E-009
168	14	16	1	1.33000E-002	2.50000E-003	2.10000E-003	6.38320E-009	1.90000E-009	9.37000E-011	3.44260E+000	7.55909E+002	7.57671E+002	1.76190E+000	5.77104E-001	7.95200E-001	1.40970E-009	2.20110E-009	6.74400E-010
172	16	16	1	1.32000E-002	2.40000E-003	2.10000E-003	6.44880E-009	1.70000E-009	5.05800E-010	3.44370E+000	7.58832E+002	7.60552E+002	1.71990E+000	5.72723E-001	7.94500E-001	1.34880E-009	1.88270E-009	1.02090E-009
176	18	16	1	1.32000E-002	2.50000E-003	2.10000E-003	6.24980E-009	1.90000E-009	1.47050E-009	3.45440E+000	7.70900E+002	7.72574E+002	1.67480E+000	5.60172E-001	7.96400E-001	1.61810E-009	2.15190E-009	3.93400E-010
180	20	16	1	1.31000E-002	2.50000E-003	2.10000E-003	6.18650E-009	1.90000E-009	1.39560E-009	3.46210E+000	7.68941E+002	7.71255E+002	2.31420E+000	5.60979E-001	7.96500E-001	1.38160E-009	1.75620E-009	1.43310E-009
184	22	16	1	1.32000E-002	2.50000E-003	2.00000E-003	4.35770E-009	2.00000E-009	1.65790E-009	3.45890E+000	7.78133E+002	7.79599E+002	1.46620E+000	5.67395E-001	7.96300E-001	1.50800E-009	2.07700E-009	3.37200E-010
188	24	16	1	1.32000E-002	2.50000E-003	2.00000E-003	3.72780E-009	2.00000E-009	7.02500E-010	3.45160E+000	7.79231E+002	7.81072E+002	1.84110E+000	5.48475E-001	7.96400E-001	1.88270E-009	1.90140E-009	1.47050E-009
192	24	18	1	1.32000E-002	2.40000E-003	2.10000E-003	3.30870E-009	1.80000E-009	5.43300E-010	3.43660E+000	7.80426E+002	7.81387E+002	9.61500E-001	5.46575E-001	7.96600E-001	1.47990E-009	1.85460E-009	7.11900E-010
196	22	18	1	1.32000E-002	2.50000E-003	2.10000E-003	4.51460E-009	2.10000E-009	2.04190E-009	3.45060E+000	7.78969E+002	7.80474E+002	1.50520E+000	5.66559E-001	7.96500E-001	1.60870E-009	2.25260E-009	1.56420E-009
200	20	18	1	1.32000E-002	2.50000E-003	2.10000E-003	5.60350E-009	1.80000E-009	8.89800E-010	3.46040E+000	7.73539E+002	7.75415E+002	1.87570E+000	5.62690E-001	7.96700E-001	1.41670E-009	1.89670E-009	1.72340E-009
204	18	18	1	1.32000E-002	2.50000E-003	2.10000E-003	5.77910E-009	1.90000E-009	2.79120E-009	3.45030E+000	7.70190E+002	7.71756E+002	1.56580E+000	5.59469E-001	7.95900E-001	1.39790E-009	2.26200E-009	5.15200E-010
208	16	18	1	1.32000E-002	2.40000E-003	2.10000E-003	6.02970E-009	1.80000E-009	1.52670E-009	3.43610E+000	7.65707E+002	7.67980E+002	2.27290E+000	5.59957E-001	7.94300E-001	1.18250E-009	1.99270E-009	1.02090E-009
212	14	18	1	1.32000E-002	2.40000E-003	2.00000E-003	6.47920E-009	2.00000E-009	2.81000E-011	3.44140E+000	7.57390E+002	7.58856E+002	1.46600E+000	5.75508E-001	7.95800E-001	1.61570E-009	2.06060E-009	1.04900E-009
216	12	18	1	1.32000E-002	2.50000E-003	2.10000E-003	6.59630E-009	1.80000E-009	2.16370E-009	3.46600E+000	7.63395E+002	7.64876E+002	1.48040E+000	5.68045E-001	7.95400E-001	1.53140E-009	1.71410E-009	1.34880E-009
220	10	18	1	1.33000E-002	2.50000E-003	2.10000E-003	5.18430E-009	2.00000E-009	2.07940E-009	3.47230E+000	7.54742E+002	7.57001E+002	2.25900E+000	5.69432E-001	7.96500E-001	1.65550E-009	2.19880E-009	1.46120E-009
224	8	18	1	1.31000E-002	2.50000E-003	2.00000E-003	4.07210E-009	1.90000E-009	6.55700E-010	3.46430E+000	7.65753E+002	7.67373E+002	1.61930E+000	5.72775E-001	7.96200E-001	1.74450E-009	2.06300E-009	1.72340E-009
227	6	18	1	1.35000E-002	2.40000E-003	2.10000E-003	3.33680E-009	2.00000E-009	1.51740E-009	3.50190E+000	7.60938E+002	7.63218E+002	2.28010E+000	5.60102E-001	7.98200E-001	1.97630E-009	2.38140E-009	1.87000E-011
229	6	20	1	1.35000E-002	2.30000E-003	2.00000E-003	3.44450E-009	1.60000E-009	5.41380E-009	3.52680E+000	7.33640E+002	7.36783E+002	3.14360E+000	5.68824E-001	7.98000E-001	2.00210E-009	1.23870E-009	5.05800E-010
232	8	20	1	1.33000E-002	2.40000E-003	2.10000E-003	3.32740E-009	1.80000E-009	2.15400E-010	3.46610E+000	7.68055E+002	7.70098E+002	2.04300E+000	5.70693E-001	7.96400E-001	1.66020E-009	1.96460E-009	9.83500E-010
236	10	20	1	1.32000E-002	2.40000E-003	2.00000E-003	5.50510E-009	2.10000E-009	5.25460E-009	3.46270E+000	7.51419E+002	7.53057E+002	1.63830E+000	5.72048E-001	7.96500E-001	1.65320E-009	1.98330E-009	7.39900E-010
240	12	20	1	1.32000E-002	2.40000E-003	2.10000E-003	6.41130E-009	1.90000E-009	3.62480E-009	3.46090E+000	7.60960E+002	7.62557E+002	1.59700E+000	5.71138E-001	7.96100E-001	1.58530E-009	2.12620E-009	1.35810E-009
244	14	20	1	1.32000E-002	2.40000E-003	2.10000E-003	6.24270E-009	1.90000E-009	1.42370E-009	3.44620E+000	7.60678E+002	7.62093E+002	1.41490E+000	5.72366E-001	7.95000E-001	1.60170E-009	2.03950E-009	1.23640E-009
248	16	20	1	1.32000E-002	2.50000E-003	2.10000E-003	6.29660E-009	1.80000E-009	3.93400E-010	3.43740E+000	7.61432E+002	7.63055E+002	1.62330E+000	5.70142E-001	7.94700E-001	1.52440E-009	2.12850E-009	4.49600E-010
252	18	20	1	1.32000E-002	2.50000E-003	2.00000E-003	6.39260E-009	1.70000E-009	1.75150E-009	3.46890E+000	7.73192E+002	7.74983E+002	1.79130E+000	5.61576E-001	7.96300E-001	1.45650E-009	2.10510E-009	1.32070E-009
256	20	20	1	1.32000E-002	2.50000E-003	2.10000E-003	5.68540E-009	1.70000E-009	5.33900E-010	3.45590E+000	7.70226E+002	7.72084E+002	1.85790E+000	5.62813E-001	7.96700E-001	1.19190E-009	1.86630E-009	1.04900E-009
260	22	20	1	1.32000E-002	2.50000E-003	2.10000E-003	4.30390E-009	2.10000E-009	1.65790E-009	3.44190E+000	7.80526E+002	7.81869E+002	1.34250E+000	5.66836E-001	7.96500E-001	1.57590E-009	1.90840E-009	3.55900E-010
267	22	22	1	1.32000E-002	2.60000E-003	2.10000E-003	3.78640E-009	1.70000E-009	3.09100E-010	3.47080E+000	7.80974E+002	7.82333E+002	1.35880E+000	5.64886E-001	7.96600E-001	1.41900E-009	1.91540E-009	1.61100E-009
271	20	22	1	1.32000E-002	2.50000E-003	2.10000E-003	5.01110E-009	1.80000E-009	1.93890E-009	3.46500E+000	7.70191E+002	7.71721E+002	1.52970E+000	5.66495E-001	7.96300E-001	1.22930E-009	2.13560E-009	3.46600E-010
275	18	22	1	1.32000E-002	2.50000E-003	2.10000E-003	5.82360E-009	1.80000E-009	1.34880E-009	3.47410E+000	7.72980E+002	7.74632E+002	1.65190E+000	5.64318E-001	7.96900E-001	1.29260E-009	1.79130E-009	9.37000E-011
279	16	22	1	1.32000E-002	2.50000E-003	2.00000E-003	6.42300E-009	2.00000E-009	1.11367E-008	3.45550E+000	7.64429E+002	7.65890E+002	1.46110E+000	5.68328E-001	7.94900E-001	1.47050E-009	2.14730E-009	2.80990E-009
283	14	22	1	1.32000E-002	2.50000E-003	2.10000E-003	6.69470E-009	1.80000E-009	5.25460E-009	3.46350E+000	7.60036E+002	7.61406E+002	1.36920E+000	5.71563E-001	7.96100E-001	1.55950E-009	1.66490E-009	1.20830E-009
287	12	22	1	1.33000E-002	2.50000E-003	2.10000E-003	6.15140E-009	2.00000E-009	3.16590E-009	3.46460E+000	7.53099E+002	7.54718E+002	1.61930E+000	5.70886E-001	7.96400E-001	1.76790E-009	2.18000E-009	2.31350E-009
291	10	22	1	1.33000E-002	2.50000E-003	2.00000E-003	5.07660E-009	1.80000E-009	3.13780E-009	3.46510E+000	7.59735E+002	7.61487E+002	1.75150E+000	5.72903E-001	7.96400E-001	1.55480E-009	2.02550E-009	1.77960E-009
295	8	22	1	1.31000E-002	2.60000E-003	2.00000E-003	3.30170E-009	1.70000E-009	2.29480E-009	3.46650E+000	7.78641E+002	7.80598E+002	1.95660E+000	5.59283E-001	7.96100E-001	1.42600E-009	2.01610E-009	5.99500E-010
298	8	24	1	1.35000E-002	2.50000E-003	2.00000E-003	3.50070E-009	2.10000E-009	7.40890E-009	3.48620E+000	7.68233E+002	7.70403E+002	2.17000E+000	5.55945E-001	7.96900E-001	1.94350E-009	2.26430E-009	2.03250E-009
301	10	24	1	1.31000E-002	2.60000E-003	2.10000E-003	4.51930E-009	1.70000E-009	4.87060E-009	3.46450E+000	7.67601E+002	7.69278E+002	1.67750E+000	5.70333E-001	7.96900E-001	1.48220E-009	1.94350E-009	1.95760E-009
305	12	24	1	1.32000E-002	2.50000E-003	2.10000E-003	5.34820E-009	1.80000E-009	2.55700E-009	3.45960E+000	7.54792E+002	7.56280E+002	1.48750E+000	5.73254E-001	7.96500E-001	1.66960E-009	2.07000E-009	9.74100E-010
309	14	24	1	1.32000E-002	2.60000E-003	2.10000E-003	5.58710E-009	1.70000E-009	2.03250E-009	3.46040E+000	7.58396E+002	7.59959E+002	1.56230E+000	5.67484E-001	7.96000E-001	1.60400E-009	1.82410E-009	1.66720E-009
313	16	24	1	1.32000E-002	2.50000E-003	2.10000E-003	5.31080E-009	2.00000E-009	3.44690E-009	3.46050E+000	7.65154E+002	7.66820E+002	1.66670E+000	5.59455E-001	7.96000E-001	1.59230E-009	2.19410E-009	6.93100E-010
317	18	24	1	1.32000E-002	2.50000E-003	2.10000E-003	4.55680E-009	1.90000E-009	2.18240E-009	3.47150E+000	7.68896E+002	7.71176E+002	2.27990E+000	5.65922E-001	7.97300E-001	1.84280E-009	2.28070E-009	1.58290E-009
321	20	24	1	1.32000E-002	2.50000E-003	2.10000E-003	4.03690E-009	1.50000E-009	4.49600E-010	3.46710E+000	7.73461E+002	7.75139E+002	1.67890E+000	5.68547E-001	7.97100E-001	1.36980E-009	1.99040E-009	9.40000E-012
325	22	24	1	1.34000E-002	2.50000E-003	2.00000E-003	4.16810E-009	1.70000E-009	6.65000E-010	3.46190E+000	7.78908E+002	7.80459E+002	1.55050E+000	5.50112E-001	7.96700E-001	1.83580E-009	1.91080E-009	1.04900E-009
328	20	26	1	1.33000E-002	2.40000E-003	2.00000E-003	4.34140E-009	2.00000E-009	2.15400E-010	3.44870E+000	7.78095E+002	7.79995E+002	1.90010E+000	5.54403E-001	7.96500E-001	1.92480E-009	1.86390E-009	8.99200E-010
331	18	26	1	1.32000E-002	2.50000E-003	2.10000E-003	3.78170E-009	1.90000E-009	1.87300E-010	3.47070E+000	7.75477E+002	7.76911E+002	1.43440E+000	5.65135E-001	7.97100E-001	1.36280E-009	1.88030E-009	2.43500E-010
335	16	26	1	1.32000E-002	2.50000E-003	2.10000E-003	4.17040E-009	1.80000E-009	6.74400E-010	3.45690E+000	7.67543E+002	7.69615E+002	2.07210E+000	5.61886E-001	7.96800E-001	1.29020E-009	2.15190E-009	5.80700E-010
339	14	26	1	1.31000E-002	2.50000E-003	2.10000E-003	4.63170E-009	1.80000E-009	1.49860E-009	3.45000E+000	7.65080E+002	7.66624E+002	1.54410E+000	5.68924E-001	7.96900E-001	1.57820E-009	1.79130E-009	1.46120E-009
343	12	26	1	1.32000E-002	2.50000E-003	2.10000E-003	4.27580E-009	1.60000E-009	2.65070E-009	3.45700E+000	7.70670E+002	7.72412E+002	1.74290E+000	5.67133E-001	7.96500E-001	1.57360E-009	2.18470E-009	1.60170E-009
347	10	26	1	1.32000E-002	2.50000E-003	2.00000E-003	4.20550E-009	1.80000E-009	6.36920E-009	3.46210E+000	7.71205E+002	7.73253E+002	2.04860E+000	5.55838E-001	7.97900E-001	1.77490E-009	2.10040E-009	2.06060E-009
349	12	28	1	1.46000E-002	2.40000E-003	1.90000E-003	4.66220E-009	1.20000E-009	7.02500E-010	3.46780E+000	7.58514E+002	7.61262E+002	2.74810E+000	5.58177E-001	7.97600E-001	2.50320E-009	1.44240E-009	6.55700E-010
351	14	28	1	1.34000E-002	2.50000E-003	2.00000E-003	3.47730E-009	1.60000E-009	2.71600E-010	3.45250E+000	7.72034E+002	7.73805E+002	1.77100E+000	5.52582E-001	7.97700E-001	1.82180E-009	1.75860E-009	3.37200E-010
353	16	28	1	1.34000E-002	2.50000E-003	1.90000E-003	3.81450E-009	1.70000E-009	5.15150E-009	3.46080E+000	7.75365E+002	7.76874E+002	1.50890E+000	5.50491E-001	7.97000E-001	1.88030E-009	2.03490E-009	1.78000E-010

1	15	5	3	1.28000E-002	-6.00000E-004	-8.00000E-004	1.39330E-005
2	19	7	1	1.28000E-002	-5.00000E-004	-8.00000E-004	3.87910E-009	1.10000E-009	5.78120E-009	3.45840E+000	7.61504E+002	7.63430E+002	1.92670E+000	5.60790E-001	7.99800E-001	2.58610E-009	1.12200E-009	1.95830E-009
5	17	7	1	1.32000E-002	-3.00000E-004	-6.00000E-004	3.26540E-009	1.60000E-009	9.43540E-009	3.45020E+000	7.71800E+002	7.74494E+002	2.69400E+000	5.57853E-001	7.98900E-001	1.39610E-009	1.79200E-009	1.31200E-010
9	15	7	1	1.32000E-002	-3.00000E-004	-5.00000E-004	3.52070E-009	1.70000E-009	5.18150E-009	3.45080E+000	7.72231E+002	7.74617E+002	2.38600E+000	5.60717E-001	7.98900E-001	1.48280E-009	1.74280E-009	1.47110E-009
13	13	7	1	1.32000E-002	-1.00000E-004	-5.00000E-004	3.18340E-009	1.60000E-009	3.48560E-009	3.46760E+000	7.69980E+002	7.71963E+002	1.98340E+000	5.61745E-001	7.99400E-001	1.68660E-009	1.89270E-009	1.17120E-009
16	11	7	1	1.36000E-002	-3.00000E-004	-6.00000E-004	3.29110E-009	1.60000E-009	1.13000E-008	3.50180E+000	7.45557E+002	7.48496E+002	2.93840E+000	5.64560E-001	7.99800E-001	2.10820E-009	1.96530E-009	4.87200E-010
22	9	9	1	1.32000E-002	-2.00000E-004	-6.00000E-004	3.29110E-009	1.60000E-009	0.00000E+000	3.48560E+000	7.61262E+002	7.63969E+002	2.70730E+000	5.62159E-001	7.97700E-001	2.10120E-009	1.88100E-009	1.05880E-009
26	11	9	1	1.32000E-002	-2.00000E-004	-6.00000E-004	3.52300E-009	1.80000E-009	2.05200E-009	3.47280E+000	7.81491E+002	7.83225E+002	1.73340E+000	5.56738E-001	7.97000E-001	1.71700E-009	2.04500E-009	8.33900E-010
30	13	9	1	1.33000E-002	-3.00000E-004	-6.00000E-004	3.55820E-009	1.60000E-009	1.16190E-009	3.46390E+000	7.68110E+002	7.69614E+002	1.50370E+000	5.76783E-001	7.96800E-001	1.65380E-009	1.77790E-009	1.55540E-009
34	15	9	1	1.31000E-002	-2.00000E-004	-6.00000E-004	4.14140E-009	1.70000E-009	1.69590E-009	3.45040E+000	7.62585E+002	7.64075E+002	1.49040E+000	5.82749E-001	7.97700E-001	1.55540E-009	2.02150E-009	1.31180E-009
38	17	9	1	1.32000E-002	-2.00000E-004	-5.00000E-004	4.21410E-009	1.40000E-009	1.01287E-008	3.44250E+000	7.67707E+002	7.69253E+002	1.54650E+000	5.75911E-001	7.98700E-001	1.35630E-009	1.87160E-009	2.81100E-010
42	19	9	1	1.32000E-002	-3.00000E-004	-5.00000E-004	3.78540E-009	1.60000E-009	7.33650E-009	3.44130E+000	7.77760E+002	7.79622E+002	1.86180E+000	5.65535E-001	7.99000E-001	1.33750E-009	1.79670E-009	1.59300E-010
44	21	9	1	1.28000E-002	-3.00000E-004	-8.00000E-004	4.60060E-009	1.10000E-009	5.30330E-009	3.45070E+000	7.72538E+002	7.74649E+002	2.11090E+000	5.52758E-001	7.98300E-001	2.76880E-009	1.30240E-009	1.51790E-009
47	21	11	1	1.32000E-002	-2.00000E-004	-6.00000E-004	3.70340E-009	1.50000E-009	3.28880E-009	3.44810E+000	7.78233E+002	7.79824E+002	1.59100E+000	5.63776E-001	7.99100E-001	1.34220E-009	1.87860E-009	1.75220E-009
51	19	11	1	1.31000E-002	-1.00000E-004	-5.00000E-004	4.90040E-009	1.70000E-009	4.96600E-009	3.44180E+000	7.65575E+002	7.67082E+002	1.50710E+000	5.72422E-001	7.98800E-001	1.68660E-009	1.76620E-009	1.48040E-009
55	17	11	1	1.31000E-002	-1.00000E-004	-5.00000E-004	4.89570E-009	1.70000E-009	7.16790E-009	3.45180E+000	7.59148E+002	7.60672E+002	1.52400E+000	5.74776E-001	7.97700E-001	1.50620E-009	1.59520E-009	2.90500E-010
59	15	11	1	1.32000E-002	-2.00000E-004	-5.00000E-004	5.39230E-009	2.00000E-009	7.02700E-010	3.45770E+000	7.55905E+002	7.57515E+002	1.61000E+000	5.79386E-001	7.97100E-001	1.61160E-009	1.79200E-009	1.44290E-009
63	13	11	1	1.32000E-002	-2.00000E-004	-5.00000E-004	4.62400E-009	1.70000E-009	3.27900E-010	3.46920E+000	7.60492E+002	7.62145E+002	1.65350E+000	5.76645E-001	7.97900E-001	1.35630E-009	1.72400E-009	7.21500E-010
67	11	11	1	1.32000E-002	-2.00000E-004	-6.00000E-004	3.64720E-009	1.80000E-009	7.77700E-010	3.47230E+000	7.67842E+002	7.69328E+002	1.48660E+000	5.76752E-001	7.96700E-001	1.57410E-009	2.05900E-009	9.46300E-010
71	9	11	1	1.32000E-002	-1.00000E-004	-6.00000E-004	3.35200E-009	1.40000E-009	1.04940E-009	3.46960E+000	7.80752E+002	7.81709E+002	9.57800E-001	5.56855E-001	7.97600E-001	1.26260E-009	1.92550E-009	7.40200E-010
75	7	11	1	1.33000E-002	-3.00000E-004	-6.00000E-004	4.89340E-009	1.80000E-009	1.51322E-008	3.51670E+000	7.08816E+002	7.13257E+002	4.44090E+000	5.63523E-001	7.99700E-001	1.56240E-009	1.81310E-009	1.78000E-010
81	7	13	1	1.32000E-002	-2.00000E-004	-6.00000E-004	2.96090E-009	1.40000E-009	2.90500E-010	3.48040E+000	7.69641E+002	7.71505E+002	1.86450E+000	5.56708E-001	7.96800E-001	1.37500E-009	1.81540E-009	2.19250E-009
85	9	13	1	1.32000E-002	-2.00000E-004	-5.00000E-004	3.98920E-009	1.60000E-009	1.48980E-009	3.46690E+000	7.61086E+002	7.62830E+002	1.74480E+000	5.70258E-001	7.96300E-001	1.57180E-009	1.68190E-009	1.34920E-009
89	11	13	1	1.32000E-002	-3.00000E-004	-6.00000E-004	5.06440E-009	1.70000E-009	2.86720E-009	3.47270E+000	7.65976E+002	7.67587E+002	1.61090E+000	5.67403E-001	7.96800E-001	1.58350E-009	1.89040E-009	1.83650E-009
93	13	13	1	1.32000E-002	-2.00000E-004	-5.00000E-004	5.91470E-009	1.60000E-009	1.40550E-009	3.48740E+000	7.60428E+002	7.61918E+002	1.49060E+000	5.76391E-001	7.97700E-001	1.50150E-009	1.98410E-009	7.49600E-010
97	15	13	1	1.32000E-002	-2.00000E-004	-6.00000E-004	5.81400E-009	1.60000E-009	9.37000E-010	3.46960E+000	7.61736E+002	7.63098E+002	1.36180E+000	5.77612E-001	7.98200E-001	1.22740E-009	1.86930E-009	2.38930E-009
101	17	13	1	1.32000E-002	-2.00000E-004	-5.00000E-004	5.89130E-009	1.70000E-009	1.48040E-009	3.46670E+000	7.65848E+002	7.67370E+002	1.52210E+000	5.72670E-001	7.97600E-001	1.35160E-009	2.12230E-009	6.65300E-010
105	19	13	1	1.31000E-002	-2.00000E-004	-6.00000E-004	5.63120E-009	1.50000E-009	5.10650E-009	3.25680E+000	7.63259E+002	7.64775E+002	1.51660E+000	5.64030E-001	7.97900E-001	1.23450E-009	1.89270E-009	8.80800E-010
109	21	13	1	1.32000E-002	-2.00000E-004	-5.00000E-004	4.22810E-009	1.50000E-009	8.90100E-010	3.44940E+000	7.72038E+002	7.73443E+002	1.40560E+000	5.57714E-001	7.98200E-001	1.54130E-009	1.96530E-009	1.39610E-009
112	23	13	1	1.31000E-002	-4.00000E-004	-7.00000E-004	3.96110E-009	1.40000E-009	3.56100E-010	3.45730E+000	7.81792E+002	7.83763E+002	1.97120E+000	5.48655E-001	7.99100E-001	1.93720E-009	1.46400E-009	2.01450E-009
115	23	15	1	1.32000E-002	-3.00000E-004	-5.00000E-004	3.63550E-009	1.50000E-009	4.02900E-010	3.46910E+000	7.86925E+002	7.88877E+002	1.95230E+000	5.57467E-001	7.99400E-001	1.46640E-009	1.66550E-009	2.15510E-009
119	21	15	1	1.32000E-002	-2.00000E-004	-6.00000E-004	4.82540E-009	2.00000E-009	8.24500E-010	3.46280E+000	7.74070E+002	7.75712E+002	1.64140E+000	5.62172E-001	7.98600E-001	1.62800E-009	1.97000E-009	2.99800E-010
123	19	15	1	1.31000E-002	-1.00000E-004	-5.00000E-004	5.53290E-009	1.70000E-009	4.68000E-011	3.45970E+000	7.69780E+002	7.71277E+002	1.49710E+000	5.63663E-001	7.98600E-001	1.44290E-009	1.71940E-009	1.23680E-009
127	17	15	1	1.32000E-002	-2.00000E-004	-6.00000E-004	5.90060E-009	1.80000E-009	2.78280E-009	3.44250E+000	7.58997E+002	7.60533E+002	1.53550E+000	5.68168E-001	7.97700E-001	1.58820E-009	1.89970E-009	1.28370E-009
131	15	15	1	1.32000E-002	-2.00000E-004	-6.00000E-004	6.00840E-009	1.70000E-009	9.18200E-010	3.43940E+000	7.59580E+002	7.61054E+002	1.47380E+000	5.73802E-001	7.97200E-001	1.60460E-009	1.94420E-009	1.15250E-009
135	13	15	1	1.32000E-002	-2.00000E-004	-5.00000E-004	5.99430E-009	1.60000E-009	2.34200E-010	3.45320E+000	7.61592E+002	7.63293E+002	1.70130E+000	5.70988E-001	7.97000E-001	1.47340E-009	1.99110E-009	9.08900E-010
139	11	15	1	1.33000E-002	-2.00000E-004	-5.00000E-004	5.26110E-009	1.80000E-009	5.37830E-009	3.47660E+000	7.72735E+002	7.74640E+002	1.90560E+000	5.60645E-001	7.97700E-001	1.36330E-009	1.91610E-009	1.28370E-009
143	9	15	1	1.32000E-002	-2.00000E-004	-5.00000E-004	3.97980E-009	1.60000E-009	5.66870E-009	3.46180E+000	7.61328E+002	7.62782E+002	1.45450E+000	5.71612E-001	7.97200E-001	1.66780E-009	1.81070E-009	8.62000E-010
147	7	15	1	1.32000E-002	-2.00000E-004	-5.00000E-004	3.48090E-009	1.90000E-009	3.05460E-009	3.45860E+000	7.77069E+002	7.78970E+002	1.90120E+000	5.55700E-001	7.97600E-001	1.74510E-009	1.85520E-009	1.78000E-010
153	5	17	3	1.33000E-002	-3.00000E-004	-6.00000E-004	1.39630E-005
157	7	17	1	1.32000E-002	-3.00000E-004	-6.00000E-004	3.02410E-009	1.70000E-009	3.56100E-010	3.47160E+000	7.79112E+002	7.80985E+002	1.87280E+000	5.58541E-001	7.98600E-001	1.45470E-009	1.85760E-009	1.28370E-009
161	9	17	1	1.31000E-002	-3.00000E-004	-6.00000E-004	4.31710E-009	1.60000E-009	1.06820E-009	3.46820E+000	7.58358E+002	7.59795E+002	1.43700E+000	5.75342E-001	7.99100E-001	1.50390E-009	2.11050E-009	7.77700E-010
165	11	17	1	1.32000E-002	-2.00000E-004	-6.00000E-004	5.69680E-009	1.50000E-009	1.52730E-009	3.48770E+000	7.70361E+002	7.72161E+002	1.80050E+000	5.64343E-001	7.98900E-001	1.55540E-009	1.81770E-009	1.40500E-010
169	13	17	1	1.33000E-002	-2.00000E-004	-6.00000E-004	6.20980E-009	1.60000E-009	4.68500E-010	3.45160E+000	7.60096E+002	7.61612E+002	1.51560E+000	5.69400E-001	7.96900E-001	1.31650E-009	1.95590E-009	2.22060E-009
173	15	17	1	1.32000E-002	-2.00000E-004	-5.00000E-004	6.27780E-009	1.60000E-009	5.80900E-010	3.43680E+000	7.50996E+002	7.52985E+002	1.98930E+000	5.61916E-001	7.96800E-001	1.35630E-009	1.90440E-009	1.20870E-009
177	17	17	1	1.32000E-002	-2.00000E-004	-5.00000E-004	6.12080E-009	1.50000E-009	3.76670E-009	3.43520E+000	7.65845E+002	7.67136E+002	1.29060E+000	5.65840E-001	7.97900E-001	1.46170E-009	1.97470E-009	1.08690E-009
181	19	17	1	1.31000E-002	-1.00000E-004	-5.00000E-004	6.03650E-009	1.80000E-009	1.55540E-009	3.44980E+000	7.68494E+002	7.69984E+002	1.49050E+000	5.65027E-001	7.98900E-001	1.40550E-009	1.65380E-009	1.60220E-009
185	21	17	1	1.32000E-002	-2.00000E-004	-6.00000E-004	4.89570E-009	1.80000E-009	5.15300E-010	3.46060E+000	7.72722E+002	7.74352E+002	1.62940E+000	5.63909E-001	7.98600E-001	1.38670E-009	1.82710E-009	1.49920E-009
189	23	17	1	1.32000E-002	-2.00000E-004	-5.00000E-004	3.81580E-009	1.70000E-009	4.59100E-010	3.45540E+000	7.88802E+002	7.90825E+002	2.02320E+000	5.59151E-001	7.98900E-001	1.72870E-009	1.92310E-009	5.62200E-010
193	23	19	1	1.32000E-002	-2.00000E-004	-6.00000E-004	3.47150E-009	1.60000E-009	9.93200E-010	3.46580E+000	7.88922E+002	7.90747E+002	1.82450E+000	5.58298E-001	7.99400E-001	1.47340E-009	1.62570E-009	2.43610E-009
197	21	19	1	1.32000E-002	-2.00000E-004	-5.00000E-004	4.53260E-009	1.70000E-009	1.49900E-010	3.45780E+000	7.71908E+002	7.73606E+002	1.69750E+000	5.63603E-001	7.99000E-001	1.47570E-009	2.02150E-009	6.65300E-010
201	19	19	1	1.32000E-002	-2.00000E-004	-5.00000E-004	5.65940E-009	1.70000E-009	2.92340E-009	3.37020E+000	7.72590E+002	7.74124E+002	1.53430E+000	5.64708E-001	7.98200E-001	1.42660E-009	1.85520E-009	4.68000E-011
205	17	19	1	1.32000E-002	-1.00000E-004	-5.00000E-004	5.68280E-009	1.70000E-009	7.18660E-009	3.43800E+000	7.62548E+002	7.64100E+002	1.55250E+000	5.67489E-001	7.97400E-001	1.48040E-009	2.01920E-009	2.71700E-010
209	15	19	1	1.32000E-002	-1.00000E-004	-6.00000E-004	6.24730E-009	1.70000E-009	1.06820E-009	3.44010E+000	7.56274E+002	7.57803E+002	1.52890E+000	5.75985E-001	7.97500E-001	1.19230E-009	1.91610E-009	9.83800E-010
213	13	19	1	1.32000E-002	-2.00000E-004	-5.00000E-004	6.32700E-009	1.70000E-009	6.55900E-010	3.45160E+000	7.59601E+002	7.61170E+002	1.56920E+000	5.69683E-001	7.97300E-001	1.41020E-009	1.85760E-009	2.07070E-009
217	11	19	1	1.32000E-002	-1.00000E-004	-5.00000E-004	5.68510E-009	1.80000E-009	2.20190E-009	3.48730E+000	7.69361E+002	7.71077E+002	1.71640E+000	5.65860E-001	7.98900E-001	1.54130E-009	1.55770E-009	1.39610E-009
221	9	19	1	1.33000E-002	-2.00000E-004	-6.00000E-004	3.91420E-009	1.80000E-009	3.52300E-009	3.46360E+000	7.57493E+002	7.58942E+002	1.44900E+000	5.74576E-001	7.98700E-001	1.57410E-009	1.90910E-009	1.42420E-009
225	7	19	1	1.31000E-002	-2.00000E-004	-5.00000E-004	3.45040E-009	1.70000E-009	4.15080E-009	3.46210E+000	7.76626E+002	7.78553E+002	1.92730E+000	5.58889E-001	7.98700E-001	1.79670E-009	1.93250E-009	5.06000E-010
233	7	21	1	1.33000E-002	-4.00000E-004	-6.00000E-004	2.86950E-009	1.50000E-009	4.61930E-009	3.47760E+000	7.70528E+002	7.72482E+002	1.95430E+000	5.57032E-001	7.99100E-001	1.57180E-009	1.71230E-009	9.83800E-010
237	9	21	1	1.32000E-002	-3.00000E-004	-5.00000E-004	3.90720E-009	1.80000E-009	2.54860E-009	3.46120E+000	7.60114E+002	7.61607E+002	1.49310E+000	5.73951E-001	7.98900E-001	1.54600E-009	1.87860E-009	5.24700E-010
241	11	21	1	1.32000E-002	-3.00000E-004	-6.00000E-004	5.46260E-009	1.70000E-009	4.93790E-009	3.47250E+000	7.62384E+002	7.64418E+002	2.03430E+000	5.65222E-001	7.98900E-001	1.56240E-009	1.85290E-009	2.43600E-010
245	13	21	1	1.32000E-002	-3.00000E-004	-6.00000E-004	6.12550E-009	1.70000E-009	4.03840E-009	3.46730E+000	7.65205E+002	7.66937E+002	1.73230E+000	5.70719E-001	7.98400E-001	1.45000E-009	1.91850E-009	9.65100E-010
249	15	21	1	1.32000E-002	-2.00000E-004	-6.00000E-004	6.11610E-009	1.70000E-009	4.12300E-010	3.44380E+000	7.64122E+002	7.65402E+002	1.28030E+000	5.66947E-001	7.96900E-001	1.56480E-009	1.99810E-009	6.27800E-010
253	17	21	1	1.32000E-002	-2.00000E-004	-5.00000E-004	5.77650E-009	1.50000E-009	1.14405E-008	3.44960E+000	7.66559E+002	7.68022E+002	1.46280E+000	5.66109E-001	7.98300E-001	1.36560E-009	1.89970E-009	8.90100E-010
257	19	21	1	1.32000E-002	-2.00000E-004	-6.00000E-004	5.65000E-009	1.60000E-009	8.90100E-010	3.45400E+000	7.70212E+002	7.71876E+002	1.66390E+000	5.64531E-001	7.99700E-001	1.22740E-009	1.83180E-009	1.63970E-009
261	21	21	1	1.32000E-002	-3.00000E-004	-6.00000E-004	4.46940E-009	1.70000E-009	6.09000E-010	3.46110E+000	7.73819E+002	7.75413E+002	1.59310E+000	5.66881E-001	7.98900E-001	1.37500E-009	1.73580E-009	1.01190E-009
264	23	21	1	1.32000E-002	-4.00000E-004	-8.00000E-004	3.97750E-009	1.20000E-009	4.68000E-011	3.45840E+000	7.85883E+002	7.87672E+002	1.78850E+000	5.48824E-001	7.99300E-001	1.97000E-009	1.57650E-009	1.44290E-009
268	21	23	1	1.32000E-002	-1.00000E-004	-6.00000E-004	3.65890E-009	1.70000E-009	2.09880E-009	3.45950E+000	7.77429E+002	7.79085E+002	1.65650E+000	5.68020E-001	7.99000E-001	1.48040E-009	1.85760E-009	6.09000E-010
272	19	23	1	1.32000E-002	-1.00000E-004	-6.00000E-004	4.41790E-009	1.60000E-009	1.80840E-009	3.44960E+000	7.63133E+002	7.64700E+002	1.56700E+000	5.69554E-001	7.99500E-001	1.16190E-009	1.91140E-009	1.04000E-009
276	17	23	1	1.32000E-002	-1.00000E-004	-5.00000E-004	5.64060E-009	1.70000E-009	2.45490E-009	3.45710E+000	7.64610E+002	7.66140E+002	1.52980E+000	5.63871E-001	7.98400E-001	1.25560E-009	1.76620E-009	6.55900E-010
280	15	23	1	1.32000E-002	-1.00000E-004	-5.00000E-004	6.00840E-009	1.60000E-009	1.06160E-008	3.45470E+000	7.60652E+002	7.62191E+002	1.53860E+000	5.67369E-001	7.98600E-001	1.32580E-009	1.96770E-009	9.55700E-010
284	13	23	1	1.32000E-002	-1.00000E-004	-5.00000E-004	5.92870E-009	1.80000E-009	5.34080E-009	3.46420E+000	7.55546E+002	7.57327E+002	1.78080E+000	5.70352E-001	7.99300E-001	1.63270E-009	1.52020E-009	4.31000E-010
288	11	23	1	1.33000E-002	-2.00000E-004	-5.00000E-004	4.98940E-009	1.90000E-009	3.09200E-009	3.45850E+000	7.64929E+002	7.66552E+002	1.62320E+000	5.68956E-001	7.98700E-001	1.75920E-009	1.92550E-009	7.12100E-010
292	9	23	1	1.33000E-002	-1.00000E-004	-5.00000E-004	3.82290E-009	1.70000E-009	5.56570E-009	3.46610E+000	7.70667E+002	7.72354E+002	1.68690E+000	5.67765E-001	7.98500E-001	1.58580E-009	1.98170E-009	3.75000E-011
296	7	23	1	1.31000E-002	-2.00000E-004	-6.00000E-004	2.59780E-009	1.70000E-009	1.40828E-008	3.50760E+000	7.46462E+002	7.49534E+002	3.07220E+000	5.64108E-001	7.99500E-001	1.46870E-009	1.86690E-009	6.55900E-010
302	9	25	1	1.31000E-002	-3.00000E-004	-6.00000E-004	3.68230E-009	1.60000E-009	7.52390E-009	3.46930E+000	7.70384E+002	7.72304E+002	1.92030E+000	5.54486E-001	7.99200E-001	1.43830E-009	1.86930E-009	5.06000E-010
306	11	25	1	1.32000E-002	-3.00000E-004	-5.00000E-004	4.38970E-009	1.50000E-009	3.27940E-009	3.46450E+000	7.71584E+002	7.73202E+002	1.61820E+000	5.68303E-001	7.99000E-001	1.51320E-009	1.88100E-009	6.65300E-010
310	13	25	1	1.32000E-002	-2.00000E-004	-6.00000E-004	4.63340E-009	1.50000E-009	3.59800E-009	3.45340E+000	7.64835E+002	7.66470E+002	1.63470E+000	5.70266E-001	7.99400E-001	1.64910E-009	1.72870E-009	1.62100E-009
314	15	25	1	1.32000E-002	-2.00000E-004	-5.00000E-004	4.69890E-009	1.90000E-009	4.55370E-009	3.44650E+000	7.59673E+002	7.61425E+002	1.75190E+000	5.61102E-001	7.98600E-001	1.55770E-009	1.90910E-009	3.46700E-010
318	17	25	1	1.32000E-002	-2.00000E-004	-6.00000E-004	3.99620E-009	1.70000E-009	5.11590E-009	3.45500E+000	7.61771E+002	7.63328E+002	1.55740E+000	5.68766E-001	7.99100E-001	1.64670E-009	2.07310E-009	6.56000E-011
322	19	25	1	1.32000E-002	-2.00000E-004	-6.00000E-004	3.93060E-009	1.20000E-009	1.75220E-009	3.46240E+000	7.67918E+002	7.69363E+002	1.44460E+000	5.71436E-001	7.99100E-001	1.29540E-009	1.97940E-009	1.05880E-009
326	21	25	1	1.34000E-002	-3.00000E-004	-7.00000E-004	4.06650E-009	1.40000E-009	1.59290E-009	3.46440E+000	7.79150E+002	7.80902E+002	1.75130E+000	5.53554E-001	7.98600E-001	1.93020E-009	1.67950E-009	9.93200E-010
329	19	27	1	1.33000E-002	-2.00000E-004	-7.00000E-004	3.92830E-009	1.70000E-009	2.30500E-009	3.45620E+000	7.74339E+002	7.76737E+002	2.39820E+000	5.54624E-001	7.98800E-001	1.81540E-009	1.85990E-009	1.22740E-009
332	17	27	1	1.32000E-002	-1.00000E-004	-6.00000E-004	3.42230E-009	1.70000E-009	2.79220E-009	3.46120E+000	7.76700E+002	7.79471E+002	2.77110E+000	5.61780E-001	7.99300E-001	1.36560E-009	1.73810E-009	8.05800E-010
336	15	27	1	1.32000E-002	-1.00000E-004	-5.00000E-004	3.40120E-009	1.60000E-009	4.40380E-009	3.45260E+000	7.73393E+002	7.75310E+002	1.91660E+000	5.61983E-001	7.99500E-001	1.38440E-009	1.94660E-009	6.46500E-010
340	13	27	1	1.31000E-002	-1.00000E-004	-5.00000E-004	3.97980E-009	1.70000E-009	2.81090E-009	3.45290E+000	7.77929E+002	7.80797E+002	2.86790E+000	5.55904E-001	7.99700E-001	1.55770E-009	1.73340E-009	3.18600E-010
344	11	27	1	1.32000E-002	-2.00000E-004	-6.00000E-004	3.46210E-009	1.50000E-009	2.73600E-009	3.47270E+000	7.68829E+002	7.71121E+002	2.29240E+000	5.55811E-001	8.00800E-001	1.65610E-009	2.03560E-009	7.21500E-010

6	18	7	1	1.32000E-002	-2.80000E-003	-3.00000E-003	3.34900E-009	1.70000E-009	7.98130E-009	3.46350E+000	7.70422E+002	7.72474E+002	2.05120E+000	5.54631E-001	8.01800E-001	1.48010E-009	1.58550E-009	2.83840E-009
10	16	7	1	1.32000E-002	-2.70000E-003	-3.00000E-003	3.86420E-009	1.60000E-009	7.28810E-009	3.44550E+000	7.75172E+002	7.77092E+002	1.92060E+000	5.54850E-001	8.01300E-001	1.58080E-009	1.66750E-009	3.56000E-010
14	14	7	1	1.32000E-002	-2.70000E-003	-3.10000E-003	4.02810E-009	1.70000E-009	7.40050E-009	3.45890E+000	7.71473E+002	7.73511E+002	2.03770E+000	5.60604E-001	8.01400E-001	1.73070E-009	1.76580E-009	1.40520E-009
17	12	7	1	1.36000E-002	-2.70000E-003	-3.10000E-003	3.55040E-009	1.70000E-009	2.37000E-009	3.47880E+000	7.65884E+002	7.67723E+002	1.83810E+000	5.60684E-001	8.00800E-001	2.10070E-009	1.84780E-009	6.56000E-011
18	10	7	5	1.02000E-002	-3.00000E-003	-3.30000E-003	3.61830E-009	1.80000E-009	1.41150E-005
19	8	9	5	1.02000E-002	-3.00000E-003	-3.30000E-003	4.10780E-009	5.00000E-010	1.41150E-005
23	10	9	1	1.32000E-002	-2.70000E-003	-3.10000E-003	3.89930E-009	1.60000E-009	4.02800E-010	3.46370E+000	7.74336E+002	7.76673E+002	2.33770E+000	5.57024E-001	7.99900E-001	2.01410E-009	1.91100E-009	1.25530E-009
27	12	9	1	1.32000E-002	-2.70000E-003	-3.00000E-003	3.88060E-009	1.70000E-009	1.12410E-009	3.45790E+000	7.71652E+002	7.73230E+002	1.57740E+000	5.71684E-001	7.98700E-001	1.75410E-009	1.82910E-009	1.65810E-009
31	14	9	1	1.33000E-002	-2.80000E-003	-3.10000E-003	4.03980E-009	1.60000E-009	2.41690E-009	3.45920E+000	7.60424E+002	7.62112E+002	1.68790E+000	5.82662E-001	8.00100E-001	1.78690E-009	1.70490E-009	1.03050E-009
35	16	9	1	1.31000E-002	-2.80000E-003	-3.10000E-003	4.49650E-009	1.80000E-009	2.96960E-009	3.44920E+000	7.65577E+002	7.67327E+002	1.75060E+000	5.80518E-001	8.00700E-001	1.72600E-009	1.81030E-009	1.33960E-009
39	18	9	1	1.32000E-002	-2.70000E-003	-3.00000E-003	4.20850E-009	1.30000E-009	3.94476E-008	3.45540E+000	7.75064E+002	7.76886E+002	1.82200E+000	5.69276E-001	8.01100E-001	1.40050E-009	1.82910E-009	2.66980E-009
43	20	9	1	1.32000E-002	-2.70000E-003	-3.00000E-003	3.99070E-009	1.60000E-009	5.34900E-009	3.43970E+000	7.79077E+002	7.81367E+002	2.28910E+000	5.54656E-001	8.00700E-001	1.55500E-009	1.70960E-009	1.90170E-009
48	22	11	1	1.32000E-002	-2.70000E-003	-3.00000E-003	3.91810E-009	1.60000E-009	3.73770E-009	3.44200E+000	7.78909E+002	7.81003E+002	2.09410E+000	5.51807E-001	8.01200E-001	1.44730E-009	1.77520E-009	4.02800E-010
52	20	11	1	1.31000E-002	-2.60000E-003	-3.00000E-003	4.72130E-009	1.60000E-009	4.49650E-009	3.44250E+000	7.70596E+002	7.72068E+002	1.47280E+000	5.69310E-001	8.01100E-001	1.60420E-009	1.57140E-009	5.90200E-010
56	18	11	1	1.31000E-002	-2.70000E-003	-3.00000E-003	4.93450E-009	1.80000E-009	7.22250E-009	3.37850E+000	7.69060E+002	7.70905E+002	1.84560E+000	5.70605E-001	8.01400E-001	1.69320E-009	1.58320E-009	1.95790E-009
60	16	11	1	1.32000E-002	-2.70000E-003	-3.00000E-003	5.56910E-009	1.90000E-009	3.56910E-009	3.45540E+000	7.63428E+002	7.65362E+002	1.93370E+000	5.72760E-001	8.00300E-001	1.76580E-009	1.55040E-009	1.12400E-010
64	14	11	1	1.32000E-002	-2.70000E-003	-3.10000E-003	5.20140E-009	1.70000E-009	1.94850E-009	3.46170E+000	7.59188E+002	7.60902E+002	1.71360E+000	5.76651E-001	8.00100E-001	1.41920E-009	1.67920E-009	3.09100E-010
68	12	11	1	1.32000E-002	-2.70000E-003	-3.00000E-003	4.81270E-009	1.80000E-009	8.05600E-010	3.46450E+000	7.58378E+002	7.59825E+002	1.44760E+000	5.81644E-001	7.99600E-001	1.74710E-009	1.97430E-009	1.81730E-009
72	10	11	1	1.32000E-002	-2.70000E-003	-3.00000E-003	3.92510E-009	1.30000E-009	1.23650E-009	3.46470E+000	7.67954E+002	7.69439E+002	1.48530E+000	5.72884E-001	7.99200E-001	1.31380E-009	1.77750E-009	5.90200E-010
76	8	11	1	1.33000E-002	-2.60000E-003	-3.00000E-003	4.62770E-009	2.10000E-009	7.86900E-010	3.47860E+000	7.70566E+002	7.72380E+002	1.81410E+000	5.54994E-001	7.99300E-001	1.68150E-009	1.74940E-009	1.45200E-009
78	6	13	5	1.35000E-002	-2.90000E-003	-3.20000E-003	4.46610E-009	3.00000E-010	1.41130E-005
82	8	13	1	1.32000E-002	-2.80000E-003	-3.10000E-003	3.59020E-009	1.50000E-009	1.24590E-009	3.47880E+000	7.79227E+002	7.81852E+002	2.62500E+000	5.57744E-001	7.99800E-001	1.55040E-009	1.69560E-009	2.71700E-010
86	10	13	1	1.32000E-002	-2.70000E-003	-3.00000E-003	4.75410E-009	1.50000E-009	1.87360E-009	3.47270E+000	7.57371E+002	7.58881E+002	1.50990E+000	5.71607E-001	7.99500E-001	1.62300E-009	1.50120E-009	4.96500E-010
90	12	13	1	1.32000E-002	-2.70000E-003	-3.10000E-003	5.99070E-009	1.70000E-009	1.78920E-009	3.47910E+000	7.52429E+002	7.54338E+002	1.90900E+000	5.75612E-001	7.99700E-001	1.74010E-009	1.80330E-009	7.49000E-011
94	14	13	1	1.32000E-002	-2.70000E-003	-3.00000E-003	6.42860E-009	1.60000E-009	7.40100E-010	3.47040E+000	7.60140E+002	7.61403E+002	1.26320E+000	5.79690E-001	8.00000E-001	1.63700E-009	1.77280E-009	2.07960E-009
98	16	13	1	1.32000E-002	-2.70000E-003	-3.00000E-003	6.03050E-009	1.60000E-009	1.32090E-009	3.46460E+000	7.61840E+002	7.63493E+002	1.65280E+000	5.76879E-001	8.00900E-001	1.31150E-009	1.82440E-009	9.37000E-011
102	18	13	1	1.32000E-002	-2.70000E-003	-3.00000E-003	5.93680E-009	1.80000E-009	4.58926E-008	3.47430E+000	7.75312E+002	7.77040E+002	1.72820E+000	5.63212E-001	8.01700E-001	1.52930E-009	1.97430E-009	3.46610E-009
106	20	13	1	1.31000E-002	-2.70000E-003	-3.00000E-003	5.23420E-009	1.40000E-009	1.75180E-009	3.43630E+000	7.67741E+002	7.69279E+002	1.53850E+000	5.59674E-001	8.00600E-001	1.25760E-009	1.77750E-009	9.08700E-010
110	22	13	1	1.32000E-002	-2.70000E-003	-3.00000E-003	4.04220E-009	1.50000E-009	1.64870E-009	3.42840E+000	7.80982E+002	7.82457E+002	1.47470E+000	5.60407E-001	8.01300E-001	1.66980E-009	1.86420E-009	1.25530E-009
116	24	15	1	1.32000E-002	-2.70000E-003	-3.00000E-003	3.38180E-009	1.60000E-009	1.59300E-010	3.46790E+000	7.77520E+002	7.79473E+002	1.95310E+000	5.47819E-001	8.02300E-001	1.59250E-009	1.62760E-009	5.24600E-010
120	22	15	1	1.32000E-002	-2.80000E-003	-3.10000E-003	4.28110E-009	1.90000E-009	8.43100E-010	3.45800E+000	7.77199E+002	7.78566E+002	1.36640E+000	5.67171E-001	8.01400E-001	1.76350E-009	1.78920E-009	5.15200E-010
124	20	15	1	1.31000E-002	-2.60000E-003	-3.00000E-003	5.19210E-009	1.70000E-009	6.08900E-010	3.45450E+000	7.67220E+002	7.68903E+002	1.68240E+000	5.59176E-001	8.01600E-001	1.51520E-009	1.63700E-009	9.83600E-010
128	18	15	1	1.32000E-002	-2.70000E-003	-3.10000E-003	6.28340E-009	1.80000E-009	3.60660E-009	3.46640E+000	7.69818E+002	7.71486E+002	1.66790E+000	5.61016E-001	8.01900E-001	1.60190E-009	1.78220E-009	1.53630E-009
132	16	15	1	1.32000E-002	-2.70000E-003	-3.00000E-003	6.31150E-009	1.60000E-009	1.31100E-010	3.44480E+000	7.65786E+002	7.67076E+002	1.28920E+000	5.68866E-001	7.99800E-001	1.55970E-009	1.85720E-009	9.08700E-010
136	14	15	1	1.32000E-002	-2.70000E-003	-3.00000E-003	6.25530E-009	1.60000E-009	1.40500E-010	3.43840E+000	7.60677E+002	7.62363E+002	1.68570E+000	5.70889E-001	8.00300E-001	1.65110E-009	1.97660E-009	6.37000E-010
140	12	15	1	1.33000E-002	-2.60000E-003	-3.00000E-003	6.45670E-009	1.70000E-009	1.05860E-009	3.46980E+000	7.62394E+002	7.63957E+002	1.56320E+000	5.71256E-001	7.99600E-001	1.42390E-009	1.79160E-009	5.34000E-010
144	10	15	1	1.32000E-002	-2.60000E-003	-3.00000E-003	5.11710E-009	1.70000E-009	7.57850E-009	3.45780E+000	7.52650E+002	7.54145E+002	1.49460E+000	5.66744E-001	8.00400E-001	1.69560E-009	1.71900E-009	1.67680E-009
148	8	15	1	1.32000E-002	-2.60000E-003	-3.00000E-003	3.75650E-009	1.90000E-009	2.94150E-009	3.47110E+000	7.69400E+002	7.71174E+002	1.77480E+000	5.69828E-001	7.99700E-001	1.84080E-009	1.64870E-009	2.11710E-009
150	6	15	1	1.35000E-002	-2.90000E-003	-3.20000E-003	3.37710E-009	1.50000E-009	3.34430E-009	3.51270E+000	7.52728E+002	7.56348E+002	3.61960E+000	5.58841E-001	8.02400E-001	1.69320E-009	1.51990E-009	2.01410E-009
154	6	17	1	1.33000E-002	-2.70000E-003	-3.00000E-003	4.42390E-009	1.60000E-009	4.44970E-009	3.50340E+000	7.60486E+002	7.62291E+002	1.80490E+000	5.60664E-001	8.02400E-001	1.88990E-009	1.71900E-009	2.38880E-009
158	8	17	1	1.32000E-002	-2.70000E-003	-3.00000E-003	3.74940E-009	1.60000E-009	7.40100E-010	3.46500E+000	7.66228E+002	7.68002E+002	1.77410E+000	5.72339E-001	8.01500E-001	1.40750E-009	1.79390E-009	1.02110E-009
162	10	17	1	1.31000E-002	-2.70000E-003	-3.00000E-003	5.59720E-009	1.80000E-009	2.07030E-009	3.46660E+000	7.54073E+002	7.55703E+002	1.62980E+000	5.69653E-001	8.01000E-001	1.68150E-009	1.94380E-009	8.43100E-010
166	12	17	1	1.32000E-002	-2.70000E-003	-3.00000E-003	6.25060E-009	1.50000E-009	6.65100E-010	3.46290E+000	7.61291E+002	7.62746E+002	1.45500E+000	5.67010E-001	8.00100E-001	1.57380E-009	1.74010E-009	2.23890E-009
170	14	17	1	1.33000E-002	-2.70000E-003	-3.00000E-003	6.37940E-009	1.70000E-009	7.58800E-010	3.43960E+000	7.58062E+002	7.59546E+002	1.48370E+000	5.75237E-001	8.00400E-001	1.45670E-009	1.86180E-009	1.87000E-011
174	16	17	1	1.32000E-002	-2.60000E-003	-3.00000E-003	6.04450E-009	1.50000E-009	8.89900E-010	3.44220E+000	7.66175E+002	7.68141E+002	1.96570E+000	5.60661E-001	8.00100E-001	1.38170E-009	1.70020E-009	1.37710E-009
178	18	17	1	1.32000E-002	-2.70000E-003	-3.00000E-003	6.33730E-009	1.60000E-009	3.70960E-009	3.44780E+000	7.68985E+002	7.70690E+002	1.70550E+000	5.58411E-001	8.01700E-001	1.64170E-009	1.92510E-009	1.11480E-009
182	20	17	1	1.31000E-002	-2.70000E-003	-3.00000E-003	5.73310E-009	1.70000E-009	8.43000E-011	3.46110E+000	7.72199E+002	7.73892E+002	1.69300E+000	5.63043E-001	8.01500E-001	1.48240E-009	1.43800E-009	9.55500E-010
186	22	17	1	1.32000E-002	-2.70000E-003	-3.00000E-003	4.37240E-009	1.80000E-009	2.21080E-009	3.45780E+000	7.78415E+002	7.79964E+002	1.54920E+000	5.66793E-001	8.01300E-001	1.49650E-009	1.76110E-009	9.36800E-010
190	24	17	1	1.32000E-002	-2.70000E-003	-2.90000E-003	3.63940E-009	1.80000E-009	1.00230E-009	3.45640E+000	7.79254E+002	7.81207E+002	1.95250E+000	5.46380E-001	8.01700E-001	1.85720E-009	1.71430E-009	1.99530E-009
194	24	19	1	1.32000E-002	-2.70000E-003	-3.00000E-003	3.32320E-009	1.60000E-009	3.09100E-010	3.43820E+000	7.78679E+002	7.80543E+002	1.86480E+000	5.45949E-001	8.02100E-001	1.53400E-009	1.55040E-009	2.34200E-010
198	22	19	1	1.32000E-002	-2.70000E-003	-3.00000E-003	4.15690E-009	1.80000E-009	1.21780E-009	3.45200E+000	7.79687E+002	7.81236E+002	1.54920E+000	5.66061E-001	8.01300E-001	1.67920E-009	1.88760E-009	1.94850E-009
202	20	19	1	1.32000E-002	-2.60000E-003	-3.00000E-003	5.26940E-009	1.60000E-009	7.30700E-010	3.46010E+000	7.70566E+002	7.72304E+002	1.73810E+000	5.62945E-001	8.01500E-001	1.47540E-009	1.69790E-009	1.99530E-009
206	18	19	1	1.32000E-002	-2.60000E-003	-3.00000E-003	5.91340E-009	1.80000E-009	4.17800E-009	3.46120E+000	7.68433E+002	7.70074E+002	1.64170E+000	5.61656E-001	8.01400E-001	1.48240E-009	1.99060E-009	4.21500E-010
210	16	19	1	1.32000E-002	-2.60000E-003	-3.00000E-003	6.15930E-009	1.60000E-009	6.74500E-010	3.44220E+000	7.61016E+002	7.62243E+002	1.22670E+000	5.71292E-001	7.99200E-001	1.25060E-009	1.72370E-009	1.31150E-009
214	14	19	1	1.32000E-002	-2.60000E-003	-3.00000E-003	6.59260E-009	1.70000E-009	1.02110E-009	3.44790E+000	7.62886E+002	7.64038E+002	1.15190E+000	5.72032E-001	8.00400E-001	1.61130E-009	1.77520E-009	6.18300E-010
218	12	19	1	1.32000E-002	-2.70000E-003	-3.00000E-003	6.48480E-009	1.70000E-009	5.81740E-009	3.46380E+000	7.62318E+002	7.63763E+002	1.44490E+000	5.68179E-001	8.00200E-001	1.58320E-009	1.39350E-009	6.56000E-011
222	10	19	1	1.33000E-002	-2.50000E-003	-3.00000E-003	5.45440E-009	1.80000E-009	4.60890E-009	3.47380E+000	7.50213E+002	7.51692E+002	1.47890E+000	5.71180E-001	8.01500E-001	1.71900E-009	1.88290E-009	1.44260E-009
226	8	19	1	1.31000E-002	-2.60000E-003	-3.00000E-003	3.73070E-009	1.70000E-009	8.52500E-010	3.46860E+000	7.65309E+002	7.66957E+002	1.64810E+000	5.72341E-001	8.01500E-001	1.72600E-009	1.76820E-009	2.09840E-009
228	6	19	1	1.35000E-002	-2.90000E-003	-3.20000E-003	3.28810E-009	1.50000E-009	3.07260E-009	3.51160E+000	7.56862E+002	7.58780E+002	1.91760E+000	5.61041E-001	8.02400E-001	2.03280E-009	1.84540E-009	1.23650E-009
230	6	21	5	1.35000E-002	-2.90000E-003	-3.20000E-003	3.33490E-009	1.20000E-009	1.01000E-005
234	8	21	1	1.33000E-002	-2.70000E-003	-3.00000E-003	3.29280E-009	1.60000E-009	1.87000E-011	3.47380E+000	7.72112E+002	7.73945E+002	1.83370E+000	5.66062E-001	8.01700E-001	1.73300E-009	1.66510E-009	8.43100E-010
238	10	21	1	1.32000E-002	-2.70000E-003	-3.00000E-003	5.13820E-009	1.80000E-009	6.09840E-009	3.46800E+000	7.55269E+002	7.56632E+002	1.36360E+000	5.72209E-001	8.02100E-001	1.63230E-009	1.72130E-009	1.12400E-010
242	12	21	1	1.32000E-002	-2.70000E-003	-3.00000E-003	6.34200E-009	1.80000E-009	5.72370E-009	3.46670E+000	7.58126E+002	7.59843E+002	1.71750E+000	5.70740E-001	8.01300E-001	1.62300E-009	1.83840E-009	1.60190E-009
246	14	21	1	1.32000E-002	-2.70000E-003	-3.00000E-003	6.53170E-009	1.80000E-009	2.52900E-010	3.45900E+000	7.61559E+002	7.62830E+002	1.27030E+000	5.70501E-001	7.99900E-001	1.61130E-009	1.76580E-009	9.08700E-010
250	16	21	1	1.32000E-002	-2.70000E-003	-3.00000E-003	6.22020E-009	1.70000E-009	1.01170E-009	3.43860E+000	7.64623E+002	7.66158E+002	1.53510E+000	5.65743E-001	7.99100E-001	1.55500E-009	1.88760E-009	5.90200E-010
254	18	21	1	1.32000E-002	-2.70000E-003	-3.00000E-003	5.95560E-009	1.60000E-009	9.55500E-010	3.47230E+000	7.72605E+002	7.74150E+002	1.54510E+000	5.63550E-001	8.02000E-001	1.58320E-009	1.78220E-009	1.78000E-010
258	20	21	1	1.32000E-002	-2.60000E-003	-3.00000E-003	5.25060E-009	1.50000E-009	2.12650E-009	3.42320E+000	7.69395E+002	7.70965E+002	1.57000E+000	5.63668E-001	8.01300E-001	1.27640E-009	1.65580E-009	6.65100E-010
262	22	21	1	1.32000E-002	-2.80000E-003	-3.00000E-003	4.03050E-009	1.80000E-009	1.30210E-009	3.46870E+000	7.80856E+002	7.82367E+002	1.51150E+000	5.65824E-001	8.01800E-001	1.55500E-009	1.69090E-009	3.93400E-010
269	22	23	1	1.32000E-002	-2.70000E-003	-3.00000E-003	3.62530E-009	1.60000E-009	2.08900E-009	3.46170E+000	7.82845E+002	7.84773E+002	1.92850E+000	5.55911E-001	8.01200E-001	1.49420E-009	1.80100E-009	2.11710E-009
273	20	23	1	1.32000E-002	-2.70000E-003	-3.00000E-003	4.29280E-009	1.70000E-009	8.52500E-010	3.46020E+000	7.69981E+002	7.71483E+002	1.50250E+000	5.69061E-001	8.01800E-001	1.35600E-009	1.79390E-009	1.20840E-009
277	18	23	1	1.32000E-002	-2.70000E-003	-3.00000E-003	5.49420E-009	1.50000E-009	2.09840E-009	3.46540E+000	7.67089E+002	7.68818E+002	1.72840E+000	5.63870E-001	8.01800E-001	1.37000E-009	1.53870E-009	5.15200E-010
281	16	23	1	1.32000E-002	-2.60000E-003	-3.00000E-003	6.36770E-009	1.70000E-009	6.12650E-009	3.45660E+000	7.66542E+002	7.67869E+002	1.32680E+000	5.62807E-001	8.00800E-001	1.51990E-009	1.90170E-009	1.89230E-009
285	14	23	1	1.32000E-002	-2.60000E-003	-3.00000E-003	6.11480E-009	1.70000E-009	1.96720E-009	3.45780E+000	7.62673E+002	7.64897E+002	2.22430E+000	5.66410E-001	8.01300E-001	1.62530E-009	1.29980E-009	1.03000E-010
289	12	23	1	1.33000E-002	-2.60000E-003	-3.00000E-003	5.95090E-009	1.90000E-009	1.95790E-009	3.45880E+000	7.54724E+002	7.56216E+002	1.49230E+000	5.70508E-001	8.01500E-001	1.91570E-009	1.83610E-009	1.82670E-009
293	10	23	1	1.33000E-002	-2.60000E-003	-3.00000E-003	4.80330E-009	1.70000E-009	5.40520E-009	3.45660E+000	7.62303E+002	7.63772E+002	1.46890E+000	5.72148E-001	8.01300E-001	1.63700E-009	1.78220E-009	2.13580E-009
297	8	23	1	1.31000E-002	-2.70000E-003	-3.00000E-003	3.19440E-009	1.60000E-009	4.74010E-009	3.46570E+000	7.74537E+002	7.76454E+002	1.91700E+000	5.55301E-001	8.01100E-001	1.50820E-009	1.77750E-009	4.49700E-010
299	8	25	1	1.35000E-002	-2.90000E-003	-3.20000E-003	3.83380E-009	1.70000E-009	7.22250E-009	3.50270E+000	7.36232E+002	7.40374E+002	4.14190E+000	5.66521E-001	8.01500E-001	1.97190E-009	1.76350E-009	1.59250E-009
303	10	25	1	1.31000E-002	-2.70000E-003	-3.00000E-003	4.18500E-009	1.50000E-009	7.70030E-009	3.45830E+000	7.76072E+002	7.78380E+002	2.30840E+000	5.59439E-001	8.01600E-001	1.50350E-009	1.74940E-009	2.83840E-009
307	12	25	1	1.32000E-002	-2.80000E-003	-3.00000E-003	4.76580E-009	1.60000E-009	4.44970E-009	3.45300E+000	7.59150E+002	7.60753E+002	1.60280E+000	5.74519E-001	8.01900E-001	1.69790E-009	1.81030E-009	1.55500E-009
311	14	25	1	1.32000E-002	-2.80000E-003	-3.00000E-003	5.04450E-009	1.50000E-009	3.09140E-009	3.45230E+000	7.60730E+002	7.62283E+002	1.55280E+000	5.69412E-001	8.01700E-001	1.64400E-009	1.61590E-009	8.71200E-010
315	16	25	1	1.32000E-002	-2.70000E-003	-3.00000E-003	4.56910E-009	1.80000E-009	3.33490E-009	3.45800E+000	7.63388E+002	7.65159E+002	1.77100E+000	5.60657E-001	8.01300E-001	1.67680E-009	1.86420E-009	7.02600E-010
319	18	25	1	1.32000E-002	-2.60000E-003	-3.10000E-003	4.26000E-009	1.70000E-009	1.69560E-009	3.46520E+000	7.69331E+002	7.71083E+002	1.75240E+000	5.69189E-001	8.02300E-001	1.85480E-009	1.93680E-009	2.10770E-009
323	20	25	1	1.32000E-002	-2.70000E-003	-3.00000E-003	3.97660E-009	1.20000E-009	3.03520E-009	3.46070E+000	7.77420E+002	7.79047E+002	1.62720E+000	5.64772E-001	8.01200E-001	1.35600E-009	1.77990E-009	7.30700E-010
333	18	27	1	1.32000E-002	-2.70000E-003	-3.10000E-003	3.61830E-009	1.70000E-009	7.30700E-010	3.47210E+000	7.78848E+002	7.81247E+002	2.39810E+000	5.54923E-001	8.02200E-001	1.43330E-009	1.60890E-009	9.83600E-010
337	16	27	1	1.32000E-002	-2.70000E-003	-3.00000E-003	3.68150E-009	1.60000E-009	1.63940E-009	3.45850E+000	7.77252E+002	7.79497E+002	2.24560E+000	5.58388E-001	8.02300E-001	1.40280E-009	1.84540E-009	5.34000E-010
341	14	27	1	1.31000E-002	-2.70000E-003	-3.00000E-003	4.20610E-009	1.60000E-009	1.02127E-007	3.45210E+000	7.78030E+002	7.80369E+002	2.33940E+000	5.59776E-001	8.01900E-001	1.58550E-009	1.60190E-009	1.11102E-008
345	12	27	1	1.32000E-002	-2.70000E-003	-3.00000E-003	4.06790E-009	1.40000E-009	2.87590E-009	3.45950E+000	7.75037E+002	7.77022E+002	1.98480E+000	5.53302E-001	8.02100E-001	1.72130E-009	1.90630E-009	1.87000E-011
348	10	27	1	1.32000E-002	-2.90000E-003	-3.20000E-003	3.74710E-009	1.50000E-009	6.47310E-009	3.48500E+000	7.36972E+002	7.40556E+002	3.58310E+000	5.68909E-001	8.04100E-001	1.80330E-009	1.71660E-009	1.82670E-009

