Program name	H0192AB_E4_CP1.dll
Lot number	C146419.00-CPTSTE07-250312-164618@CP
Wafer number	04
Date	2025/03/12
Time	16:49:16

No.U	X	Y	Bin	CONT@D	CONT@G	CONT@S	IGSS1	IGSSR1	IDSS1	VTH	BVDSS1	BVDSS2	BV2-BV1	RDSON1	VFSDS	IGSS2	IGSSR2	IDSS3
LimitU				0.5V	0.5V	0.5V	80nA	3uA	200nA	4V	900V	900V	50V	640mohm	1V	80nA	80nA	150nA
LimitL				-0.5V	-0.5V	-0.5V	0nA	0uA	0nA	3V	700V	700V	-10V	0mohm	0V	0nA	0nA	0nA
Bias 1				 	 	 	 	 	 	100uA	250uA	1mA	 	1A	 	 	 	 
Bias 2				 	 	 	 	 	 	 	 	 	 	 	2A	 	 	 
Bias 3				2V	 	 	 	 	700V	 	 	 	 	 	 	 	 	600V
Bias 4				 	2V	 	30V	-30V	 	 	 	 	 	10V	0V	20V	-20V	 
Bias 5				1000uS	8000uS	8000uS	12000uS	12000uS	10000uS	2000uS	10000uS	8000uS	1000uS	50000uS	5000uS	12000uS	12000uS	10000uS
Bias 6				 	 	 	 	 	 	 	 	 	 	 	 	 	 	 
3	17	6	1	1.32000E-002	1.30000E-003	9.00000E-004	2.89230E-009	1.60000E-009	1.47540E-008	3.49530E+000	7.29551E+002	7.33309E+002	3.75830E+000	5.82725E-001	7.97400E-001	1.56210E-009	1.88050E-009	1.52690E-009
7	15	6	1	1.32000E-002	1.20000E-003	9.00000E-004	3.12410E-009	1.60000E-009	1.50444E-008	3.49620E+000	7.48726E+002	7.51715E+002	2.98930E+000	5.78171E-001	7.97600E-001	1.13350E-009	1.83610E-009	1.03980E-009
11	13	6	1	1.32000E-002	1.20000E-003	9.00000E-004	3.51290E-009	1.40000E-009	1.85292E-008	3.51860E+000	7.34852E+002	7.38239E+002	3.38760E+000	5.72970E-001	7.98800E-001	1.48710E-009	1.67450E-009	2.29510E-009
20	9	8	5	1.32000E-002	1.20000E-003	9.00000E-004	3.23180E-009	1.40000E-009	1.38120E-005
24	11	8	1	1.32000E-002	1.30000E-003	9.00000E-004	3.49180E-009	1.80000E-009	7.83130E-009	3.47510E+000	7.77132E+002	7.79444E+002	2.31170E+000	5.56545E-001	7.97200E-001	1.18270E-009	1.84310E-009	5.24600E-010
28	13	8	1	1.31000E-002	1.30000E-003	1.00000E-003	3.25990E-009	1.50000E-009	8.28100E-009	3.45340E+000	7.78359E+002	7.80237E+002	1.87790E+000	5.70934E-001	7.96600E-001	1.21080E-009	1.81500E-009	5.52700E-010
32	15	8	1	1.32000E-002	1.30000E-003	9.00000E-004	3.80090E-009	1.80000E-009	1.20840E-009	3.45700E+000	7.67179E+002	7.68828E+002	1.64890E+000	5.83406E-001	7.96400E-001	1.28570E-009	1.84540E-009	2.00470E-009
36	17	8	1	1.33000E-002	1.30000E-003	1.00000E-003	3.45900E-009	1.50000E-009	4.43090E-009	3.44630E+000	7.70667E+002	7.72323E+002	1.65620E+000	5.80680E-001	7.96800E-001	1.25290E-009	1.95780E-009	1.99530E-009
40	19	8	1	1.32000E-002	1.30000E-003	9.00000E-004	3.55740E-009	1.80000E-009	4.07490E-009	3.44350E+000	7.74584E+002	7.75864E+002	1.28020E+000	5.69523E-001	7.95700E-001	1.41220E-009	1.94140E-009	4.30900E-010
45	21	10	1	1.32000E-002	1.30000E-003	9.00000E-004	3.44030E-009	1.40000E-009	1.33960E-009	3.44820E+000	7.80325E+002	7.81523E+002	1.19790E+000	5.62469E-001	7.95200E-001	8.80600E-010	1.66040E-009	2.61360E-009
49	19	10	1	1.32000E-002	1.20000E-003	1.00000E-003	4.17090E-009	1.70000E-009	3.48480E-009	3.45080E+000	7.62912E+002	7.64489E+002	1.57710E+000	5.85771E-001	7.96100E-001	1.27870E-009	1.95080E-009	1.84540E-009
53	17	10	1	1.32000E-002	1.30000E-003	1.00000E-003	4.76110E-009	1.60000E-009	1.44260E-009	3.45710E+000	7.57601E+002	7.59307E+002	1.70590E+000	5.92103E-001	7.96200E-001	1.34190E-009	1.72360E-009	1.03980E-009
57	15	10	1	1.31000E-002	1.30000E-003	1.00000E-003	5.35830E-009	1.80000E-009	2.94140E-009	3.46330E+000	7.61811E+002	7.63546E+002	1.73530E+000	5.91964E-001	7.97400E-001	1.11470E-009	1.79860E-009	2.02340E-009
61	13	10	1	1.31000E-002	1.30000E-003	9.00000E-004	4.43790E-009	1.70000E-009	1.33020E-009	3.46930E+000	7.68464E+002	7.69870E+002	1.40650E+000	5.83839E-001	7.97200E-001	1.38170E-009	1.82900E-009	7.30700E-010
65	11	10	1	1.32000E-002	1.30000E-003	1.00000E-003	3.94610E-009	1.50000E-009	3.73770E-009	3.47070E+000	7.80725E+002	7.82413E+002	1.68730E+000	5.72958E-001	7.97900E-001	1.19670E-009	1.64870E-009	1.24590E-009
69	9	10	1	1.32000E-002	1.40000E-003	9.00000E-004	3.30680E-009	1.60000E-009	4.42150E-009	3.47330E+000	7.78745E+002	7.80824E+002	2.07950E+000	5.55323E-001	7.96800E-001	1.28570E-009	1.87590E-009	1.97660E-009
73	7	10	3	1.32000E-002	1.50000E-003	9.00000E-004	1.38700E-005
79	7	12	1	1.32000E-002	1.20000E-003	9.00000E-004	3.33020E-009	1.70000E-009	8.11240E-009	3.48760E+000	7.68041E+002	7.70200E+002	2.15930E+000	5.61945E-001	7.97600E-001	1.12650E-009	1.65340E-009	1.75170E-009
83	9	12	1	1.33000E-002	1.50000E-003	9.00000E-004	3.37940E-009	1.70000E-009	4.00930E-009	3.46260E+000	7.81101E+002	7.82538E+002	1.43630E+000	5.68879E-001	7.97100E-001	1.19440E-009	1.71430E-009	3.09130E-009
87	11	12	1	1.33000E-002	1.20000E-003	9.00000E-004	5.22480E-009	1.60000E-009	1.61120E-009	3.46890E+000	7.70274E+002	7.71840E+002	1.56660E+000	5.80444E-001	7.97100E-001	1.21540E-009	1.55030E-009	2.65100E-009
91	13	12	1	1.32000E-002	1.20000E-003	9.00000E-004	5.91570E-009	1.60000E-009	2.26700E-009	3.47380E+000	7.57393E+002	7.59131E+002	1.73730E+000	5.88131E-001	7.96700E-001	1.19910E-009	1.95550E-009	7.02600E-010
95	15	12	1	1.32000E-002	1.30000E-003	9.00000E-004	6.33020E-009	1.40000E-009	2.24820E-009	3.46380E+000	7.56638E+002	7.58320E+002	1.68280E+000	5.96084E-001	7.96500E-001	8.08000E-010	1.77280E-009	3.30680E-009
99	17	12	1	1.32000E-002	1.30000E-003	1.00000E-003	5.83840E-009	1.50000E-009	2.47310E-009	3.46090E+000	7.55370E+002	7.57089E+002	1.71840E+000	5.89659E-001	7.96700E-001	1.16160E-009	2.05850E-009	4.96500E-010
103	19	12	1	1.32000E-002	1.30000E-003	9.00000E-004	5.21780E-009	1.60000E-009	2.25760E-009	3.45040E+000	7.56468E+002	7.57951E+002	1.48310E+000	5.85885E-001	7.96400E-001	1.16160E-009	2.00000E-009	2.85710E-009
107	21	12	1	1.32000E-002	1.30000E-003	1.00000E-003	4.01170E-009	1.60000E-009	6.60420E-009	3.44840E+000	7.71001E+002	7.72485E+002	1.48340E+000	5.74579E-001	7.96700E-001	1.31850E-009	1.84540E-009	1.63930E-009
111	23	12	1	1.31000E-002	1.20000E-003	9.00000E-004	3.66980E-009	1.40000E-009	7.03510E-009	3.46770E+000	7.76247E+002	7.78220E+002	1.97360E+000	5.46058E-001	7.97100E-001	1.29740E-009	1.79160E-009	2.99800E-010
113	23	14	1	1.31000E-002	1.30000E-003	1.00000E-003	3.64870E-009	1.60000E-009	3.57840E-009	3.46830E+000	7.84130E+002	7.85851E+002	1.72140E+000	5.52344E-001	7.96700E-001	1.31850E-009	1.61590E-009	1.87350E-009
117	21	14	1	1.32000E-002	1.30000E-003	1.00000E-003	4.51520E-009	1.60000E-009	4.78690E-009	3.43270E+000	7.63644E+002	7.65387E+002	1.74290E+000	5.73039E-001	7.96600E-001	1.26700E-009	1.80560E-009	1.77050E-009
121	19	14	1	1.33000E-002	1.30000E-003	1.00000E-003	5.96720E-009	1.50000E-009	1.82670E-009	3.45410E+000	7.56117E+002	7.57715E+002	1.59800E+000	5.81494E-001	7.95900E-001	1.27870E-009	1.70720E-009	1.95780E-009
125	17	14	1	1.32000E-002	1.30000E-003	9.00000E-004	6.36530E-009	1.50000E-009	1.48010E-009	3.45350E+000	7.61861E+002	7.63374E+002	1.51240E+000	5.84666E-001	7.96400E-001	1.02580E-009	1.79160E-009	2.88520E-009
129	15	14	1	1.32000E-002	1.30000E-003	9.00000E-004	6.15690E-009	1.70000E-009	1.56440E-009	3.44410E+000	7.65073E+002	7.66668E+002	1.59500E+000	5.80420E-001	7.96100E-001	1.10770E-009	2.00940E-009	2.58550E-009
133	13	14	1	1.32000E-002	1.30000E-003	9.00000E-004	6.49180E-009	1.30000E-009	2.12640E-009	3.46000E+000	7.64311E+002	7.65718E+002	1.40670E+000	5.84749E-001	7.97000E-001	8.99300E-010	1.84780E-009	1.01170E-009
137	11	14	1	1.32000E-002	1.40000E-003	9.00000E-004	5.55970E-009	1.50000E-009	1.55500E-009	3.47190E+000	7.71221E+002	7.73003E+002	1.78200E+000	5.71080E-001	7.96500E-001	1.17330E-009	2.01170E-009	2.38870E-009
141	9	14	1	1.32000E-002	1.30000E-003	1.00000E-003	4.60180E-009	1.50000E-009	4.13110E-009	3.45820E+000	7.73870E+002	7.75303E+002	1.43300E+000	5.75195E-001	7.96900E-001	1.11940E-009	1.69790E-009	3.93400E-010
145	7	14	1	1.32000E-002	1.30000E-003	9.00000E-004	3.21080E-009	1.70000E-009	5.01170E-009	3.46810E+000	7.82034E+002	7.84040E+002	2.00640E+000	5.56743E-001	7.96600E-001	1.11470E-009	1.95780E-009	6.74500E-010
151	5	16	3	1.32000E-002	2.50000E-003	1.20000E-003	1.38700E-005
155	7	16	1	1.32000E-002	1.30000E-003	9.00000E-004	3.90630E-009	1.40000E-009	4.11240E-009	3.46660E+000	7.85919E+002	7.88031E+002	2.11220E+000	5.62236E-001	7.96700E-001	1.04920E-009	1.81970E-009	2.35130E-009
159	9	16	1	1.32000E-002	1.40000E-003	9.00000E-004	4.38170E-009	1.80000E-009	4.50580E-009	3.46060E+000	7.67596E+002	7.69118E+002	1.52150E+000	5.82282E-001	7.97800E-001	1.15220E-009	1.91330E-009	2.42620E-009
163	11	16	1	1.32000E-002	1.30000E-003	1.00000E-003	6.05620E-009	1.30000E-009	2.16390E-009	3.48640E+000	7.73469E+002	7.75310E+002	1.84050E+000	5.73152E-001	7.96100E-001	7.91600E-010	1.58080E-009	1.20840E-009
167	13	16	1	1.31000E-002	1.30000E-003	9.00000E-004	6.60890E-009	1.60000E-009	2.03280E-009	3.44640E+000	7.66694E+002	7.68298E+002	1.60370E+000	5.75806E-001	7.97300E-001	1.11470E-009	1.64170E-009	2.22950E-009
171	15	16	1	1.31000E-002	1.30000E-003	9.00000E-004	6.08190E-009	1.80000E-009	3.20370E-009	3.43240E+000	7.59962E+002	7.61646E+002	1.68420E+000	5.69449E-001	7.96600E-001	1.25990E-009	1.86180E-009	8.24400E-010
175	17	16	1	1.32000E-002	1.30000E-003	1.00000E-003	6.14280E-009	1.40000E-009	2.28570E-009	3.43900E+000	7.61502E+002	7.63326E+002	1.82380E+000	5.76009E-001	7.96100E-001	1.05620E-009	1.96490E-009	1.92970E-009
179	19	16	1	1.32000E-002	1.30000E-003	1.00000E-003	6.04210E-009	1.60000E-009	2.57610E-009	3.45650E+000	7.58923E+002	7.60447E+002	1.52390E+000	5.79883E-001	7.96100E-001	1.25530E-009	1.91100E-009	2.52930E-009
183	21	16	1	1.32000E-002	1.40000E-003	9.00000E-004	5.33950E-009	1.50000E-009	4.33720E-009	3.46460E+000	7.64275E+002	7.66092E+002	1.81710E+000	5.78969E-001	7.97400E-001	1.07490E-009	1.83140E-009	2.30440E-009
187	23	16	1	1.31000E-002	1.40000E-003	1.00000E-003	3.40510E-009	1.60000E-009	1.84540E-009	3.47150E+000	7.83260E+002	7.84931E+002	1.67150E+000	5.66655E-001	7.97300E-001	1.36060E-009	1.75410E-009	2.63230E-009
191	23	18	1	1.32000E-002	1.30000E-003	1.00000E-003	3.94850E-009	1.70000E-009	1.40510E-009	3.46770E+000	7.84842E+002	7.87007E+002	2.16560E+000	5.67926E-001	7.97600E-001	1.09840E-009	1.93210E-009	2.09830E-009
195	21	18	1	1.32000E-002	1.30000E-003	1.00000E-003	4.77280E-009	1.60000E-009	3.78450E-009	3.45620E+000	7.64939E+002	7.66743E+002	1.80380E+000	5.79094E-001	7.97000E-001	9.67200E-010	2.03510E-009	1.33020E-009
199	19	18	1	1.32000E-002	1.30000E-003	1.00000E-003	5.87120E-009	1.70000E-009	2.19200E-009	3.44570E+000	7.63958E+002	7.65411E+002	1.45280E+000	5.79591E-001	7.96200E-001	1.18500E-009	2.03040E-009	2.32320E-009
203	17	18	1	1.33000E-002	1.30000E-003	1.00000E-003	6.31850E-009	1.40000E-009	2.12640E-009	3.43350E+000	7.65767E+002	7.67636E+002	1.86980E+000	5.72794E-001	7.95500E-001	1.13580E-009	1.82900E-009	1.91100E-009
207	15	18	1	1.32000E-002	1.20000E-003	1.00000E-003	5.85710E-009	1.60000E-009	1.61120E-009	3.43000E+000	7.58258E+002	7.59917E+002	1.65910E+000	5.59526E-001	7.96600E-001	1.02340E-009	1.73300E-009	2.40750E-009
211	13	18	1	1.32000E-002	1.30000E-003	1.00000E-003	6.68150E-009	1.70000E-009	1.24590E-009	3.44610E+000	7.69058E+002	7.70588E+002	1.52930E+000	5.72321E-001	7.95500E-001	1.30680E-009	1.96490E-009	4.30900E-010
215	11	18	1	1.31000E-002	1.30000E-003	1.00000E-003	5.49180E-009	1.50000E-009	2.53860E-009	3.48350E+000	7.74312E+002	7.76412E+002	2.10020E+000	5.74482E-001	7.96600E-001	1.02340E-009	1.88760E-009	2.24820E-009
219	9	18	1	1.32000E-002	1.30000E-003	9.00000E-004	4.23420E-009	1.60000E-009	4.25290E-009	3.44910E+000	7.66204E+002	7.67625E+002	1.42080E+000	5.82995E-001	7.97000E-001	1.37700E-009	2.03040E-009	1.49900E-010
223	7	18	1	1.31000E-002	1.30000E-003	1.00000E-003	3.42150E-009	1.40000E-009	4.14050E-009	3.45930E+000	7.82329E+002	7.85883E+002	3.55420E+000	5.61010E-001	7.96800E-001	1.10540E-009	1.85480E-009	2.81000E-011
231	7	20	1	1.32000E-002	1.30000E-003	9.00000E-004	3.17800E-009	1.50000E-009	5.45200E-009	3.45100E+000	7.82676E+002	7.84967E+002	2.29070E+000	5.61794E-001	7.96900E-001	1.44030E-009	1.67910E-009	7.96200E-010
235	9	20	1	1.32000E-002	1.40000E-003	1.00000E-003	4.40040E-009	1.60000E-009	4.21540E-009	3.44590E+000	7.72282E+002	7.73723E+002	1.44090E+000	5.81354E-001	7.95800E-001	1.01170E-009	1.75640E-009	2.22950E-009
239	11	20	1	1.32000E-002	1.30000E-003	1.00000E-003	5.86880E-009	1.50000E-009	2.05150E-009	3.47170E+000	7.72754E+002	7.74669E+002	1.91530E+000	5.76981E-001	7.95500E-001	1.20840E-009	1.99530E-009	1.49880E-009
243	13	20	1	1.32000E-002	1.30000E-003	9.00000E-004	6.46600E-009	1.40000E-009	1.77050E-009	3.45250E+000	7.66509E+002	7.68045E+002	1.53650E+000	5.81058E-001	7.96200E-001	1.27170E-009	1.97190E-009	1.34890E-009
247	15	20	1	1.31000E-002	1.30000E-003	1.00000E-003	6.33720E-009	1.60000E-009	2.15460E-009	3.43190E+000	7.63390E+002	7.64880E+002	1.48940E+000	5.76310E-001	7.96400E-001	9.97700E-010	1.94850E-009	1.52690E-009
251	17	20	1	1.32000E-002	1.40000E-003	9.00000E-004	6.21310E-009	1.40000E-009	2.38870E-009	3.43210E+000	7.65765E+002	7.67369E+002	1.60350E+000	5.77144E-001	7.96200E-001	9.62500E-010	1.88050E-009	1.71430E-009
255	19	20	1	1.32000E-002	1.30000E-003	9.00000E-004	5.98830E-009	1.60000E-009	2.12640E-009	3.44560E+000	7.69844E+002	7.71284E+002	1.43990E+000	5.80531E-001	7.95800E-001	1.03750E-009	1.91570E-009	1.81730E-009
259	21	20	1	1.32000E-002	1.40000E-003	1.00000E-003	5.16160E-009	1.50000E-009	5.84540E-009	3.45900E+000	7.73378E+002	7.75002E+002	1.62460E+000	5.79099E-001	7.96900E-001	1.03510E-009	1.74470E-009	9.37000E-011
263	23	20	1	1.30000E-002	1.30000E-003	9.00000E-004	3.64870E-009	1.70000E-009	2.57610E-009	3.46390E+000	7.90804E+002	7.92486E+002	1.68210E+000	5.63638E-001	7.97400E-001	1.51990E-009	1.90400E-009	2.51990E-009
265	23	22	1	1.33000E-002	1.30000E-003	8.00000E-004	3.69550E-009	1.30000E-009	5.79860E-009	3.45060E+000	7.86233E+002	7.88132E+002	1.89890E+000	5.54056E-001	7.96600E-001	1.76110E-009	1.57140E-009	1.04920E-009
266	21	22	1	1.32000E-002	1.30000E-003	1.00000E-003	4.23420E-009	1.70000E-009	5.94840E-009	3.45620E+000	7.80323E+002	7.81848E+002	1.52460E+000	5.77115E-001	7.96400E-001	1.25060E-009	1.69090E-009	1.87400E-010
270	19	22	1	1.32000E-002	1.30000E-003	1.00000E-003	5.16160E-009	1.50000E-009	1.70490E-009	3.45280E+000	7.64820E+002	7.66234E+002	1.41410E+000	5.80703E-001	7.95900E-001	1.09370E-009	1.97890E-009	1.16160E-009
274	17	22	1	1.32000E-002	1.30000E-003	1.00000E-003	5.95080E-009	1.40000E-009	1.55500E-009	3.45480E+000	7.69475E+002	7.71000E+002	1.52560E+000	5.85925E-001	7.96300E-001	9.83600E-010	1.86180E-009	2.38870E-009
278	15	22	1	1.32000E-002	1.30000E-003	9.00000E-004	6.30210E-009	1.50000E-009	2.24820E-009	3.44640E+000	7.66516E+002	7.68556E+002	2.03980E+000	5.83315E-001	7.96300E-001	9.46100E-010	1.85950E-009	2.44490E-009
282	13	22	1	1.32000E-002	1.30000E-003	9.00000E-004	6.48710E-009	1.70000E-009	1.29270E-009	3.46400E+000	7.64532E+002	7.66078E+002	1.54580E+000	5.88752E-001	7.97000E-001	1.21080E-009	1.86420E-009	1.77980E-009
286	11	22	1	1.31000E-002	1.30000E-003	9.00000E-004	6.14520E-009	1.80000E-009	1.33960E-009	3.46730E+000	7.69896E+002	7.71400E+002	1.50380E+000	5.82424E-001	7.95800E-001	1.10540E-009	1.52460E-009	9.64900E-010
290	9	22	1	1.32000E-002	1.30000E-003	1.00000E-003	3.83840E-009	1.60000E-009	1.02110E-009	3.46030E+000	7.77969E+002	7.79361E+002	1.39220E+000	5.78473E-001	7.95400E-001	1.26930E-009	1.70260E-009	1.73300E-009
294	7	22	1	1.32000E-002	1.30000E-003	9.00000E-004	2.96950E-009	1.80000E-009	5.49880E-009	3.48650E+000	7.78011E+002	7.80074E+002	2.06230E+000	5.62644E-001	7.96900E-001	1.19910E-009	1.76810E-009	1.44260E-009
300	9	24	1	1.31000E-002	1.30000E-003	9.00000E-004	3.92970E-009	1.70000E-009	4.96500E-010	3.45400E+000	7.89398E+002	7.89837E+002	4.39600E-001	5.63512E-001	7.95200E-001	1.39580E-009	1.71190E-009	1.18030E-009
304	11	24	1	1.32000E-002	1.30000E-003	9.00000E-004	4.74700E-009	1.70000E-009	5.52700E-010	3.45520E+000	7.80047E+002	7.81487E+002	1.43930E+000	5.81259E-001	7.95800E-001	1.20370E-009	1.84540E-009	8.33700E-010
308	13	24	1	1.32000E-002	1.30000E-003	1.00000E-003	5.18030E-009	1.60000E-009	1.64870E-009	3.46010E+000	7.70986E+002	7.72688E+002	1.70120E+000	5.91263E-001	7.96600E-001	1.26460E-009	1.76350E-009	2.49180E-009
312	15	24	1	1.32000E-002	1.30000E-003	1.00000E-003	5.45430E-009	1.50000E-009	9.40000E-012	3.45900E+000	7.65544E+002	7.67336E+002	1.79180E+000	5.89720E-001	7.96500E-001	9.71900E-010	2.00470E-009	1.29270E-009
316	17	24	1	1.32000E-002	1.40000E-003	1.00000E-003	5.18500E-009	1.50000E-009	1.59250E-009	3.45730E+000	7.70077E+002	7.71972E+002	1.89510E+000	5.91241E-001	7.96500E-001	1.05620E-009	1.91100E-009	2.64170E-009
320	19	24	1	1.32000E-002	1.30000E-003	1.00000E-003	4.44030E-009	1.20000E-009	9.83600E-010	3.44950E+000	7.74299E+002	7.76057E+002	1.75840E+000	5.82353E-001	7.96900E-001	1.08200E-009	1.74000E-009	2.39810E-009
324	21	24	1	1.34000E-002	1.40000E-003	9.00000E-004	3.97890E-009	1.50000E-009	1.92970E-009	3.45980E+000	7.86736E+002	7.88245E+002	1.50890E+000	5.69954E-001	7.95500E-001	1.37700E-009	1.72130E-009	2.82900E-009
327	19	26	1	1.33000E-002	1.30000E-003	9.00000E-004	4.09600E-009	1.70000E-009	5.90200E-010	3.45220E+000	7.88120E+002	7.90406E+002	2.28660E+000	5.70674E-001	7.95300E-001	1.31150E-009	1.70720E-009	3.25060E-009
330	17	26	1	1.32000E-002	1.30000E-003	1.00000E-003	4.08430E-009	1.60000E-009	8.43000E-011	3.44510E+000	7.79574E+002	7.81185E+002	1.61090E+000	5.85459E-001	7.96800E-001	1.01870E-009	1.83370E-009	1.29270E-009
334	15	26	1	1.32000E-002	1.30000E-003	1.00000E-003	4.48010E-009	1.70000E-009	2.61360E-009	3.44560E+000	7.75948E+002	7.77793E+002	1.84510E+000	5.87168E-001	7.96600E-001	1.18730E-009	1.87120E-009	2.19200E-009
338	13	26	1	1.32000E-002	1.20000E-003	1.00000E-003	3.98590E-009	1.50000E-009	1.21780E-009	3.44750E+000	7.80930E+002	7.82399E+002	1.46830E+000	5.85090E-001	7.96800E-001	1.02810E-009	2.02110E-009	1.21800E-010
342	11	26	1	1.32000E-002	1.20000E-003	9.00000E-004	4.41450E-009	1.40000E-009	1.70490E-009	3.45520E+000	7.91016E+002	7.90769E+002	-2.46900E-001	5.62138E-001	7.95400E-001	1.06560E-009	1.86650E-009	1.26460E-009
346	9	26	1	1.31000E-002	1.20000E-003	9.00000E-004	3.25760E-009	1.40000E-009	5.43300E-010	3.48100E+000	7.69003E+002	7.71648E+002	2.64520E+000	5.69167E-001	7.97000E-001	1.55270E-009	2.04920E-009	1.19910E-009
350	13	28	1	1.34000E-002	1.20000E-003	9.00000E-004	3.45670E-009	1.60000E-009	1.50820E-009	3.46420E+000	7.78327E+002	7.80319E+002	1.99260E+000	5.63328E-001	7.95700E-001	1.72360E-009	1.61360E-009	3.05380E-009
352	15	28	1	1.35000E-002	1.20000E-003	9.00000E-004	3.77050E-009	1.50000E-009	2.62300E-010	3.45620E+000	7.81332E+002	7.83357E+002	2.02510E+000	5.64974E-001	7.96000E-001	1.68150E-009	1.68850E-009	3.54100E-009
354	17	28	1	1.33000E-002	1.20000E-003	8.00000E-004	4.13580E-009	1.40000E-009	2.25760E-009	3.46370E+000	7.79710E+002	7.82155E+002	2.44550E+000	5.63692E-001	7.96100E-001	2.18500E-009	1.67210E-009	2.11710E-009

4	18	6	5	1.32000E-002	2.40000E-003	2.00000E-003	3.17990E-009	1.90000E-009	2.21741E-007
8	16	6	1	1.32000E-002	2.40000E-003	2.00000E-003	3.27590E-009	1.80000E-009	5.45130E-009	3.49280E+000	7.46683E+002	7.49442E+002	2.75920E+000	5.81020E-001	7.96500E-001	1.52200E-009	2.11210E-009	2.44460E-009
12	14	6	1	1.32000E-002	2.40000E-003	2.00000E-003	3.84490E-009	1.90000E-009	1.07902E-008	3.50400E+000	7.44658E+002	7.47527E+002	2.86930E+000	5.78056E-001	7.97300E-001	2.00210E-009	1.83350E-009	2.51020E-009
15	12	6	5	1.35000E-002	2.40000E-003	1.90000E-003	3.57100E-009	1.20000E-009	1.37830E-005
21	10	8	1	1.32000E-002	2.40000E-003	2.00000E-003	3.70210E-009	1.90000E-009	7.94280E-009	3.50120E+000	7.64875E+002	7.67365E+002	2.49020E+000	5.59925E-001	7.96300E-001	1.86630E-009	2.28780E-009	5.80700E-010
25	12	8	1	1.32000E-002	2.40000E-003	2.10000E-003	4.36710E-009	2.00000E-009	4.36480E-009	3.44920E+000	7.81252E+002	7.82302E+002	1.04960E+000	5.61387E-001	7.95800E-001	1.63440E-009	2.13090E-009	1.70470E-009
29	14	8	1	1.31000E-002	2.40000E-003	2.00000E-003	3.82150E-009	1.80000E-009	2.66010E-009	3.46260E+000	7.71830E+002	7.73767E+002	1.93640E+000	5.78282E-001	7.95700E-001	1.62980E-009	2.10510E-009	6.83800E-010
33	16	8	1	1.32000E-002	2.50000E-003	2.10000E-003	4.10250E-009	2.10000E-009	3.55900E-010	3.45320E+000	7.70915E+002	7.72695E+002	1.78000E+000	5.82191E-001	7.95200E-001	1.74680E-009	1.98570E-009	1.56420E-009
37	18	8	1	1.33000E-002	2.50000E-003	2.10000E-003	3.91520E-009	1.70000E-009	6.65000E-010	3.45800E+000	7.77076E+002	7.78862E+002	1.78520E+000	5.72365E-001	7.95600E-001	1.64620E-009	2.21980E-009	1.75150E-009
41	20	8	1	1.32000E-002	2.50000E-003	2.10000E-003	3.50770E-009	2.00000E-009	2.81000E-011	3.46220E+000	7.68321E+002	7.70176E+002	1.85490E+000	5.67891E-001	7.94600E-001	1.71410E-009	1.99970E-009	1.09590E-009
46	22	10	1	1.32000E-002	2.40000E-003	2.10000E-003	3.44690E-009	1.70000E-009	8.61700E-010	3.46470E+000	7.70020E+002	7.72076E+002	2.05630E+000	5.57251E-001	7.94500E-001	1.38390E-009	1.81010E-009	3.55900E-010
50	20	10	1	1.32000E-002	2.40000E-003	2.00000E-003	4.16810E-009	1.80000E-009	4.43970E-009	3.40220E+000	7.71044E+002	7.72586E+002	1.54130E+000	5.76674E-001	7.94700E-001	1.58760E-009	2.25260E-009	2.71630E-009
54	18	10	1	1.32000E-002	2.50000E-003	2.00000E-003	4.78630E-009	1.90000E-009	1.16140E-009	3.46260E+000	7.64510E+002	7.66338E+002	1.82820E+000	5.86440E-001	7.95300E-001	1.62510E-009	2.06060E-009	2.24800E-010
58	16	10	1	1.31000E-002	2.40000E-003	2.00000E-003	5.45360E-009	2.10000E-009	3.37200E-010	3.45910E+000	7.62766E+002	7.64486E+002	1.72010E+000	5.89623E-001	7.95000E-001	1.57590E-009	1.95520E-009	1.12400E-009
62	14	10	1	1.31000E-002	2.40000E-003	2.10000E-003	5.13750E-009	2.00000E-009	6.08800E-010	3.46730E+000	7.58233E+002	7.59854E+002	1.62100E+000	5.91647E-001	7.95100E-001	1.56420E-009	1.98570E-009	5.71400E-010
66	12	10	1	1.32000E-002	2.50000E-003	2.00000E-003	4.82140E-009	1.80000E-009	2.06060E-009	3.45990E+000	7.69440E+002	7.71082E+002	1.64280E+000	5.83106E-001	7.96000E-001	1.58530E-009	1.81010E-009	1.80770E-009
70	10	10	1	1.32000E-002	2.40000E-003	2.00000E-003	3.89640E-009	1.90000E-009	6.57520E-009	3.46240E+000	7.82410E+002	7.84986E+002	2.57520E+000	5.64223E-001	7.96200E-001	1.77260E-009	2.01610E-009	1.66720E-009
74	8	10	1	1.32000E-002	2.50000E-003	2.00000E-003	4.42560E-009	1.60000E-009	4.12120E-009	3.50110E+000	7.60420E+002	7.63954E+002	3.53340E+000	5.61276E-001	7.96900E-001	1.74220E-009	2.24790E-009	2.42590E-009
77	6	12	3	1.36000E-002	2.30000E-003	1.90000E-003	1.38560E-005
80	8	12	1	1.32000E-002	2.40000E-003	2.00000E-003	4.09310E-009	2.10000E-009	1.93890E-009	3.45360E+000	7.82717E+002	7.84535E+002	1.81740E+000	5.57503E-001	7.95000E-001	1.72810E-009	1.88030E-009	1.73280E-009
84	10	12	1	1.33000E-002	2.40000E-003	2.10000E-003	4.35770E-009	2.00000E-009	1.08650E-009	3.45630E+000	7.71831E+002	7.73228E+002	1.39670E+000	5.77546E-001	7.95800E-001	1.58530E-009	1.86860E-009	8.14900E-010
88	12	12	1	1.33000E-002	2.40000E-003	2.00000E-003	6.13030E-009	2.20000E-009	9.40000E-012	3.45970E+000	7.62401E+002	7.63931E+002	1.53030E+000	5.84321E-001	7.95000E-001	1.59930E-009	1.80070E-009	1.22700E-009
92	14	12	1	1.32000E-002	2.40000E-003	2.00000E-003	6.54950E-009	2.00000E-009	1.65790E-009	3.46880E+000	7.61329E+002	7.62644E+002	1.31530E+000	5.91831E-001	7.95900E-001	1.71410E-009	2.11210E-009	1.12400E-010
96	16	12	1	1.32000E-002	2.50000E-003	2.10000E-003	6.61510E-009	1.70000E-009	8.24200E-010	3.46510E+000	7.62147E+002	7.63635E+002	1.48790E+000	5.93185E-001	7.95800E-001	1.32540E-009	1.93180E-009	2.62300E-010
100	18	12	1	1.32000E-002	2.50000E-003	2.10000E-003	6.01790E-009	1.70000E-009	1.89200E-009	3.47190E+000	7.59446E+002	7.61140E+002	1.69310E+000	5.85305E-001	7.94900E-001	1.65080E-009	2.35570E-009	1.38620E-009
104	20	12	1	1.32000E-002	2.50000E-003	2.10000E-003	4.82610E-009	1.80000E-009	7.54000E-009	3.44100E+000	7.63260E+002	7.64791E+002	1.53020E+000	5.82672E-001	7.95800E-001	1.62040E-009	2.18240E-009	1.71410E-009
108	22	12	1	1.32000E-002	2.50000E-003	2.10000E-003	3.88240E-009	2.00000E-009	4.07440E-009	3.44980E+000	7.81229E+002	7.82658E+002	1.42930E+000	5.62389E-001	7.95300E-001	1.76790E-009	1.99040E-009	2.01380E-009
114	24	14	1	1.31000E-002	2.40000E-003	2.00000E-003	3.45620E-009	2.00000E-009	5.74160E-009	3.45680E+000	7.72698E+002	7.74464E+002	1.76540E+000	5.47690E-001	7.95600E-001	1.83820E-009	1.85920E-009	2.27600E-009
118	22	14	1	1.32000E-002	2.40000E-003	2.10000E-003	3.99010E-009	1.80000E-009	1.71410E-009	3.45720E+000	7.74804E+002	7.76289E+002	1.48420E+000	5.70072E-001	7.96200E-001	1.74680E-009	1.91080E-009	1.31130E-009
122	20	14	1	1.33000E-002	2.40000E-003	2.00000E-003	5.54260E-009	2.00000E-009	3.88710E-009	3.46050E+000	7.61425E+002	7.62910E+002	1.48500E+000	5.75208E-001	7.95400E-001	1.49860E-009	1.92480E-009	2.12620E-009
126	18	14	1	1.32000E-002	2.40000E-003	2.10000E-003	6.45820E-009	1.80000E-009	5.24500E-010	3.46530E+000	7.64580E+002	7.66337E+002	1.75640E+000	5.81477E-001	7.95300E-001	1.45650E-009	1.95990E-009	3.74700E-010
130	16	14	1	1.32000E-002	2.50000E-003	2.10000E-003	6.49560E-009	2.00000E-009	5.33900E-010	3.45310E+000	7.65472E+002	7.67119E+002	1.64680E+000	5.80863E-001	7.95200E-001	1.49160E-009	2.29010E-009	1.16140E-009
134	14	14	1	1.32000E-002	2.40000E-003	2.10000E-003	6.76020E-009	1.60000E-009	3.65300E-010	3.45080E+000	7.63562E+002	7.64948E+002	1.38550E+000	5.84890E-001	7.95500E-001	1.35810E-009	2.05360E-009	3.18500E-010
138	12	14	1	1.32000E-002	2.50000E-003	2.00000E-003	6.63140E-009	2.00000E-009	7.86800E-010	3.46740E+000	7.59412E+002	7.60873E+002	1.46150E+000	5.81035E-001	7.94500E-001	1.61100E-009	2.21750E-009	6.55700E-010
142	10	14	1	1.32000E-002	2.50000E-003	2.10000E-003	5.69480E-009	1.70000E-009	1.08650E-009	3.45820E+000	7.66123E+002	7.67588E+002	1.46480E+000	5.73971E-001	7.94900E-001	1.57120E-009	2.03020E-009	8.89800E-010
146	8	14	1	1.32000E-002	2.50000E-003	2.10000E-003	3.81450E-009	1.90000E-009	3.37190E-009	3.46920E+000	7.83070E+002	7.84785E+002	1.71500E+000	5.69510E-001	7.95800E-001	1.47050E-009	2.21280E-009	9.46000E-010
149	6	14	1	1.35000E-002	2.30000E-003	2.00000E-003	3.88710E-009	2.00000E-009	6.62210E-009	3.51690E+000	7.50224E+002	7.54002E+002	3.77850E+000	5.66758E-001	7.98800E-001	2.04420E-009	2.15900E-009	1.38620E-009
152	6	16	1	1.32000E-002	2.40000E-003	2.00000E-003	4.28980E-009	1.40000E-009	1.12400E-010	3.49480E+000	7.74588E+002	7.76440E+002	1.85220E+000	5.61162E-001	7.97700E-001	1.99510E-009	1.93890E-009	1.12400E-010
156	8	16	1	1.32000E-002	2.50000E-003	2.10000E-003	4.15640E-009	1.90000E-009	3.18500E-010	3.46440E+000	7.75356E+002	7.77093E+002	1.73750E+000	5.77287E-001	7.96400E-001	1.59230E-009	1.96460E-009	7.96100E-010
160	10	16	1	1.32000E-002	2.50000E-003	2.00000E-003	5.50510E-009	2.10000E-009	7.39900E-010	3.46630E+000	7.59954E+002	7.61503E+002	1.54830E+000	5.80925E-001	7.96000E-001	1.66720E-009	2.09570E-009	1.17080E-009
164	12	16	1	1.32000E-002	2.50000E-003	2.00000E-003	6.69700E-009	1.70000E-009	1.02090E-009	3.45660E+000	7.65077E+002	7.66674E+002	1.59740E+000	5.80303E-001	7.94800E-001	1.30900E-009	1.77490E-009	6.74400E-010
168	14	16	1	1.31000E-002	2.50000E-003	2.00000E-003	6.58930E-009	2.00000E-009	1.20830E-009	3.43610E+000	7.66315E+002	7.67583E+002	1.26840E+000	5.73873E-001	7.95200E-001	1.66020E-009	1.68130E-009	4.30900E-010
172	16	16	1	1.31000E-002	2.50000E-003	2.10000E-003	6.35510E-009	2.10000E-009	1.03970E-009	3.43590E+000	7.66990E+002	7.68397E+002	1.40700E+000	5.69584E-001	7.94900E-001	1.74680E-009	2.03490E-009	1.49900E-010
176	18	16	1	1.32000E-002	2.50000E-003	2.00000E-003	6.18420E-009	1.60000E-009	1.36750E-009	3.45570E+000	7.67137E+002	7.68983E+002	1.84590E+000	5.75057E-001	7.94700E-001	1.43780E-009	2.14960E-009	7.21200E-010
180	20	16	1	1.32000E-002	2.50000E-003	2.10000E-003	6.11630E-009	1.80000E-009	1.60170E-009	3.45480E+000	7.56349E+002	7.58222E+002	1.87350E+000	5.79114E-001	7.95900E-001	1.41200E-009	2.05360E-009	1.48930E-009
184	22	16	1	1.32000E-002	2.50000E-003	2.10000E-003	4.58960E-009	1.70000E-009	6.18200E-010	3.46190E+000	7.73386E+002	7.75044E+002	1.65840E+000	5.78027E-001	7.96400E-001	1.35350E-009	2.03950E-009	1.42370E-009
188	24	16	1	1.31000E-002	2.50000E-003	2.10000E-003	3.40240E-009	1.90000E-009	8.80400E-010	3.45330E+000	7.81273E+002	7.83104E+002	1.83150E+000	5.52772E-001	7.95600E-001	1.80540E-009	1.96460E-009	1.62980E-009
192	24	18	1	1.32000E-002	2.50000E-003	2.00000E-003	3.70440E-009	2.00000E-009	3.58740E-009	3.43700E+000	7.78044E+002	7.80053E+002	2.00980E+000	5.56680E-001	7.95900E-001	1.55480E-009	2.06530E-009	1.95760E-009
196	22	18	1	1.32000E-002	2.60000E-003	2.10000E-003	4.35770E-009	1.80000E-009	1.34880E-009	3.45360E+000	7.74163E+002	7.75613E+002	1.45020E+000	5.78788E-001	7.96500E-001	1.38620E-009	2.16830E-009	1.83580E-009
200	20	18	1	1.32000E-002	2.60000E-003	2.10000E-003	5.88210E-009	1.80000E-009	2.21980E-009	3.45650E+000	7.63271E+002	7.65041E+002	1.77020E+000	5.79862E-001	7.96000E-001	1.43540E-009	2.27140E-009	1.60170E-009
204	18	18	1	1.33000E-002	2.40000E-003	2.10000E-003	6.69000E-009	1.60000E-009	3.27800E-010	3.44890E+000	7.66300E+002	7.67926E+002	1.62570E+000	5.74638E-001	7.94600E-001	1.49160E-009	1.96460E-009	1.52670E-009
208	16	18	1	1.32000E-002	2.50000E-003	2.10000E-003	5.89850E-009	1.80000E-009	2.37910E-009	3.43450E+000	7.67860E+002	7.69675E+002	1.81540E+000	5.57621E-001	7.94900E-001	1.46120E-009	1.88270E-009	9.74100E-010
212	14	18	1	1.32000E-002	2.50000E-003	2.10000E-003	6.74620E-009	2.30000E-009	5.62000E-010	3.43850E+000	7.63992E+002	7.65349E+002	1.35710E+000	5.71840E-001	7.95600E-001	1.81010E-009	2.13790E-009	6.56000E-011
216	12	18	1	1.31000E-002	2.50000E-003	2.00000E-003	6.69470E-009	1.90000E-009	1.02090E-009	3.45540E+000	7.64932E+002	7.66372E+002	1.44020E+000	5.80830E-001	7.94500E-001	1.46350E-009	2.14260E-009	6.08800E-010
220	10	18	1	1.32000E-002	2.50000E-003	2.10000E-003	5.67610E-009	1.90000E-009	2.52900E-010	3.46350E+000	7.57067E+002	7.58843E+002	1.77560E+000	5.82145E-001	7.95600E-001	1.80300E-009	2.31120E-009	5.99500E-010
224	8	18	1	1.31000E-002	2.50000E-003	2.00000E-003	3.94090E-009	1.70000E-009	6.74400E-010	3.45880E+000	7.74450E+002	7.75983E+002	1.53330E+000	5.78297E-001	7.96300E-001	1.50800E-009	2.05360E-009	1.87300E-010
227	6	18	1	1.35000E-002	2.40000E-003	2.00000E-003	3.48670E-009	2.10000E-009	1.12400E-010	3.49680E+000	7.75903E+002	7.77816E+002	1.91320E+000	5.60682E-001	7.98000E-001	2.10040E-009	2.32290E-009	3.74700E-010
229	6	20	1	1.35000E-002	2.40000E-003	1.90000E-003	3.10030E-009	1.90000E-009	8.61700E-010	3.51680E+000	7.52880E+002	7.56780E+002	3.89980E+000	5.72767E-001	7.98400E-001	1.49630E-009	2.07470E-009	4.68300E-010
232	8	20	1	1.32000E-002	2.50000E-003	2.10000E-003	3.75590E-009	1.90000E-009	2.06100E-010	3.45470E+000	7.78705E+002	7.80425E+002	1.71940E+000	5.75291E-001	7.95500E-001	1.80300E-009	1.88500E-009	1.22700E-009
236	10	20	1	1.32000E-002	2.50000E-003	2.10000E-003	5.47230E-009	1.80000E-009	1.47050E-009	3.45790E+000	7.62725E+002	7.64180E+002	1.45510E+000	5.84190E-001	7.94700E-001	1.44240E-009	1.88970E-009	7.96100E-010
240	12	20	1	1.32000E-002	2.50000E-003	2.10000E-003	7.08810E-009	2.00000E-009	1.90140E-009	3.45610E+000	7.63986E+002	7.65654E+002	1.66780E+000	5.85793E-001	7.95400E-001	1.69770E-009	2.29710E-009	9.08500E-010
244	14	20	1	1.32000E-002	2.50000E-003	2.00000E-003	6.63610E-009	1.60000E-009	1.98570E-009	3.43800E+000	7.68443E+002	7.69902E+002	1.45920E+000	5.76782E-001	7.95100E-001	1.57590E-009	2.06760E-009	1.38620E-009
248	16	20	1	1.31000E-002	2.50000E-003	2.10000E-003	6.64320E-009	1.80000E-009	2.09810E-009	3.43570E+000	7.66715E+002	7.68399E+002	1.68360E+000	5.73320E-001	7.95200E-001	1.40730E-009	2.16130E-009	3.75000E-011
252	18	20	1	1.32000E-002	2.50000E-003	2.10000E-003	6.59160E-009	1.80000E-009	1.34880E-009	3.45910E+000	7.71468E+002	7.73068E+002	1.59960E+000	5.80051E-001	7.95100E-001	1.43310E-009	2.02780E-009	9.46000E-010
256	20	20	1	1.32000E-002	2.50000E-003	2.10000E-003	5.69010E-009	2.10000E-009	2.81000E-011	3.45030E+000	7.65818E+002	7.67414E+002	1.59610E+000	5.78056E-001	7.95500E-001	1.55950E-009	2.13090E-009	7.11900E-010
260	22	20	1	1.32000E-002	2.50000E-003	2.10000E-003	4.67850E-009	1.80000E-009	2.98790E-009	3.44020E+000	7.79825E+002	7.81254E+002	1.42920E+000	5.77673E-001	7.95900E-001	1.50800E-009	1.91780E-009	7.11900E-010
267	22	22	1	1.32000E-002	2.50000E-003	2.10000E-003	3.83560E-009	1.90000E-009	3.05350E-009	3.46850E+000	7.82921E+002	7.84276E+002	1.35490E+000	5.72977E-001	7.95400E-001	1.63440E-009	2.04890E-009	1.10520E-009
271	20	22	1	1.32000E-002	2.50000E-003	2.00000E-003	4.83540E-009	1.70000E-009	1.14270E-009	3.46430E+000	7.73326E+002	7.74926E+002	1.60030E+000	5.79624E-001	7.95400E-001	1.49630E-009	2.12850E-009	6.55700E-010
275	18	22	1	1.32000E-002	2.60000E-003	2.10000E-003	5.95000E-009	1.80000E-009	2.85680E-009	3.46290E+000	7.76425E+002	7.78269E+002	1.84420E+000	5.80607E-001	7.95100E-001	1.34880E-009	2.16370E-009	1.33940E-009
279	16	22	1	1.32000E-002	2.50000E-003	2.00000E-003	6.63850E-009	1.80000E-009	1.05840E-009	3.44690E+000	7.66779E+002	7.68387E+002	1.60730E+000	5.83391E-001	7.94700E-001	1.40030E-009	2.00910E-009	1.21760E-009
283	14	22	1	1.32000E-002	2.60000E-003	2.10000E-003	6.80470E-009	2.00000E-009	4.87100E-010	3.45110E+000	7.65440E+002	7.66746E+002	1.30610E+000	5.85286E-001	7.95500E-001	1.64850E-009	2.06760E-009	1.21800E-010
287	12	22	1	1.31000E-002	2.50000E-003	2.10000E-003	7.05760E-009	1.90000E-009	1.42370E-009	3.45940E+000	7.56118E+002	7.57520E+002	1.40210E+000	5.91727E-001	7.95000E-001	1.40500E-009	1.81010E-009	2.52900E-010
291	10	22	1	1.32000E-002	2.40000E-003	2.10000E-003	5.25220E-009	1.80000E-009	7.11900E-010	3.46250E+000	7.70636E+002	7.72095E+002	1.45950E+000	5.84598E-001	7.94400E-001	1.62270E-009	1.96460E-009	8.43000E-011
295	8	22	1	1.32000E-002	2.50000E-003	2.00000E-003	3.81210E-009	2.20000E-009	1.15210E-009	3.45940E+000	7.87231E+002	7.89905E+002	2.67420E+000	5.65075E-001	7.94300E-001	1.74920E-009	1.93180E-009	1.78900E-009
298	8	24	1	1.34000E-002	2.40000E-003	2.00000E-003	3.65060E-009	1.90000E-009	2.40720E-009	3.47700E+000	7.78970E+002	7.81013E+002	2.04290E+000	5.63792E-001	7.95500E-001	1.90370E-009	2.11450E-009	2.71600E-010
301	10	24	1	1.31000E-002	2.50000E-003	2.00000E-003	4.82140E-009	2.00000E-009	2.90400E-010	3.45960E+000	7.79644E+002	7.81108E+002	1.46460E+000	5.78429E-001	7.94600E-001	1.69060E-009	1.94350E-009	2.43500E-010
305	12	24	1	1.32000E-002	2.50000E-003	2.10000E-003	5.46770E-009	1.80000E-009	1.68600E-010	3.45180E+000	7.68621E+002	7.70045E+002	1.42320E+000	5.90982E-001	7.95100E-001	1.60400E-009	2.16370E-009	1.03970E-009
309	14	24	1	1.32000E-002	2.40000E-003	2.10000E-003	5.63630E-009	1.90000E-009	2.08870E-009	3.45100E+000	7.69955E+002	7.71552E+002	1.59610E+000	5.90288E-001	7.95200E-001	1.77730E-009	1.96930E-009	1.19890E-009
313	16	24	1	1.32000E-002	2.60000E-003	2.10000E-003	5.59180E-009	1.70000E-009	1.67660E-009	3.45980E+000	7.72472E+002	7.74147E+002	1.67540E+000	5.87036E-001	7.95000E-001	1.36520E-009	2.08400E-009	6.74400E-010
317	18	24	1	1.32000E-002	2.50000E-003	2.10000E-003	5.11640E-009	1.60000E-009	2.21050E-009	3.46610E+000	7.76449E+002	7.78195E+002	1.74670E+000	5.82067E-001	7.95400E-001	1.41670E-009	2.20110E-009	9.17900E-010
321	20	24	1	1.32000E-002	2.40000E-003	2.10000E-003	4.43270E-009	1.70000E-009	2.21980E-009	3.45630E+000	7.79819E+002	7.81299E+002	1.47940E+000	5.78004E-001	7.95700E-001	1.59460E-009	1.94350E-009	6.18200E-010
325	22	24	1	1.34000E-002	2.50000E-003	2.00000E-003	3.92690E-009	1.80000E-009	1.03000E-010	3.45970E+000	7.83234E+002	7.84927E+002	1.69310E+000	5.59097E-001	7.95100E-001	1.78430E-009	1.99270E-009	1.02090E-009
328	20	26	1	1.33000E-002	2.50000E-003	2.00000E-003	4.59420E-009	1.90000E-009	9.36600E-010	3.44100E+000	7.83404E+002	7.85680E+002	2.27540E+000	5.61321E-001	7.94500E-001	1.81480E-009	1.89900E-009	1.96700E-010
331	18	26	1	1.32000E-002	2.40000E-003	2.10000E-003	4.06040E-009	1.90000E-009	3.46600E-010	3.46250E+000	7.87320E+002	7.89158E+002	1.83820E+000	5.73742E-001	7.94900E-001	1.43070E-009	2.08870E-009	6.65000E-010
335	16	26	1	1.32000E-002	2.50000E-003	2.00000E-003	4.38580E-009	2.10000E-009	8.14900E-010	3.45300E+000	7.83894E+002	7.85809E+002	1.91530E+000	5.84184E-001	7.95700E-001	1.61570E-009	2.05830E-009	1.39560E-009
339	14	26	1	1.32000E-002	2.50000E-003	2.00000E-003	4.50760E-009	1.80000E-009	2.40720E-009	3.43920E+000	7.77344E+002	7.78921E+002	1.57650E+000	5.89378E-001	7.95900E-001	1.44710E-009	2.17070E-009	4.59000E-010
343	12	26	1	1.32000E-002	2.50000E-003	2.10000E-003	4.61300E-009	1.70000E-009	2.61320E-009	3.45170E+000	7.83568E+002	7.85175E+002	1.60700E+000	5.78776E-001	7.94800E-001	1.39330E-009	2.07940E-009	3.65300E-010
347	10	26	1	1.31000E-002	2.40000E-003	2.00000E-003	4.14930E-009	1.50000E-009	2.01380E-009	3.45600E+000	7.80993E+002	7.83307E+002	2.31430E+000	5.63416E-001	7.96000E-001	1.85220E-009	2.18240E-009	2.81000E-011
349	12	28	1	1.46000E-002	2.30000E-003	1.90000E-003	3.91750E-009	1.10000E-009	2.12620E-009	3.46970E+000	7.71653E+002	7.73699E+002	2.04590E+000	5.68623E-001	7.95100E-001	2.97150E-009	1.18250E-009	3.09100E-010
351	14	28	1	1.34000E-002	2.40000E-003	1.90000E-003	3.58270E-009	1.80000E-009	1.40500E-009	3.45000E+000	7.80177E+002	7.81990E+002	1.81300E+000	5.65287E-001	7.95100E-001	1.95990E-009	1.64850E-009	6.93100E-010
353	16	28	1	1.35000E-002	2.30000E-003	2.00000E-003	3.90110E-009	1.60000E-009	1.33940E-009	3.45200E+000	7.82498E+002	7.84358E+002	1.86020E+000	5.62187E-001	7.94900E-001	2.22920E-009	1.80770E-009	7.30600E-010

1	15	5	3	1.29000E-002	-5.00000E-004	-9.00000E-004	1.39360E-005
2	19	7	1	1.29000E-002	-4.00000E-004	-8.00000E-004	4.43660E-009	1.00000E-009	1.87000E-011	3.48200E+000	7.53171E+002	7.56069E+002	2.89850E+000	5.75587E-001	7.98200E-001	2.75000E-009	1.37270E-009	2.36120E-009
5	17	7	5	1.32000E-002	-3.00000E-004	-5.00000E-004	3.41760E-009	1.70000E-009	2.13978E-007
9	15	7	1	1.32000E-002	-3.00000E-004	-5.00000E-004	3.53480E-009	1.60000E-009	7.28970E-009	3.45370E+000	7.72511E+002	7.74060E+002	1.54840E+000	5.72313E-001	7.99000E-001	1.49920E-009	1.82710E-009	5.71600E-010
13	13	7	1	1.32000E-002	-2.00000E-004	-5.00000E-004	3.36380E-009	1.70000E-009	6.24030E-009	3.47580E+000	7.73864E+002	7.75876E+002	2.01130E+000	5.67353E-001	7.98900E-001	1.98640E-009	1.82950E-009	1.18060E-009
16	11	7	1	1.35000E-002	-3.00000E-004	-5.00000E-004	3.07090E-009	1.70000E-009	1.31458E-008	3.51350E+000	7.47230E+002	7.51442E+002	4.21160E+000	5.65593E-001	8.00000E-001	1.89040E-009	2.16440E-009	5.90300E-010
22	9	9	1	1.32000E-002	-2.00000E-004	-5.00000E-004	3.13190E-009	1.70000E-009	8.48900E-009	3.49540E+000	7.69422E+002	7.71133E+002	1.71110E+000	5.55780E-001	7.98900E-001	1.87160E-009	1.96530E-009	1.21800E-010
26	11	9	1	1.32000E-002	-2.00000E-004	-5.00000E-004	3.66360E-009	1.70000E-009	1.15342E-008	3.46440E+000	7.85666E+002	7.86958E+002	1.29170E+000	5.60669E-001	7.98200E-001	1.49920E-009	1.91140E-009	6.56000E-011
30	13	9	1	1.31000E-002	-2.00000E-004	-5.00000E-004	3.94230E-009	1.70000E-009	2.02390E-009	3.46080E+000	7.66778E+002	7.68381E+002	1.60360E+000	5.83475E-001	7.97600E-001	1.61860E-009	1.84350E-009	5.90300E-010
34	15	9	1	1.32000E-002	-2.00000E-004	-6.00000E-004	4.51860E-009	1.80000E-009	8.33900E-010	3.45400E+000	7.61489E+002	7.63104E+002	1.61510E+000	5.91062E-001	7.97800E-001	1.67480E-009	1.96770E-009	1.09630E-009
38	17	9	1	1.33000E-002	-2.00000E-004	-6.00000E-004	4.06410E-009	1.60000E-009	1.56480E-009	3.44470E+000	7.62387E+002	7.64174E+002	1.78740E+000	5.88053E-001	7.97800E-001	1.56940E-009	1.93020E-009	1.32110E-009
42	19	9	1	1.32000E-002	-2.00000E-004	-6.00000E-004	3.62610E-009	1.80000E-009	4.37570E-009	3.44500E+000	7.71334E+002	7.73386E+002	2.05140E+000	5.77860E-001	7.97400E-001	1.69120E-009	1.98170E-009	5.99700E-010
44	21	9	1	1.28000E-002	-4.00000E-004	-8.00000E-004	4.62160E-009	1.00000E-009	7.50000E-011	3.45820E+000	7.72930E+002	7.74344E+002	1.41390E+000	5.61279E-001	7.96400E-001	2.52980E-009	1.33520E-009	3.00770E-009
47	21	11	1	1.32000E-002	-3.00000E-004	-6.00000E-004	3.65660E-009	1.50000E-009	5.58440E-009	3.30420E+000	7.75295E+002	7.76904E+002	1.60960E+000	5.71038E-001	7.96800E-001	1.27190E-009	1.78030E-009	1.00260E-009
51	19	11	1	1.32000E-002	-2.00000E-004	-5.00000E-004	4.51390E-009	1.60000E-009	1.14310E-009	3.44900E+000	7.58958E+002	7.60660E+002	1.70190E+000	5.87157E-001	7.97800E-001	1.50390E-009	2.07070E-009	1.45230E-009
55	17	11	1	1.32000E-002	-2.00000E-004	-5.00000E-004	5.42980E-009	1.80000E-009	6.18400E-010	3.46040E+000	7.53626E+002	7.55167E+002	1.54080E+000	5.89766E-001	7.97700E-001	1.70760E-009	1.80840E-009	9.55700E-010
59	15	11	1	1.31000E-002	-2.00000E-004	-5.00000E-004	5.90530E-009	1.90000E-009	1.29300E-009	3.45470E+000	7.54605E+002	7.56170E+002	1.56460E+000	5.92778E-001	7.97300E-001	1.51560E-009	1.81310E-009	1.18060E-009
63	13	11	1	1.31000E-002	-2.00000E-004	-5.00000E-004	5.13930E-009	1.80000E-009	1.12400E-010	3.47010E+000	7.63725E+002	7.65473E+002	1.74820E+000	5.84665E-001	7.98000E-001	1.56240E-009	1.79200E-009	1.21810E-009
67	11	11	1	1.32000E-002	-1.00000E-004	-6.00000E-004	4.23510E-009	1.70000E-009	1.98640E-009	3.46710E+000	7.76941E+002	7.78783E+002	1.84200E+000	5.77956E-001	7.98500E-001	1.58580E-009	1.71230E-009	8.90100E-010
71	9	11	1	1.32000E-002	-1.00000E-004	-5.00000E-004	3.48790E-009	1.70000E-009	3.72920E-009	3.46560E+000	7.85769E+002	7.87670E+002	1.90140E+000	5.59064E-001	7.98900E-001	1.50390E-009	1.87860E-009	1.39610E-009
75	7	11	1	1.32000E-002	-3.00000E-004	-5.00000E-004	5.03160E-009	1.70000E-009	1.79994E-008	3.51180E+000	7.27461E+002	7.32329E+002	4.86820E+000	5.66849E-001	8.00400E-001	1.64670E-009	1.90680E-009	1.41480E-009
81	7	13	1	1.32000E-002	-2.00000E-004	-6.00000E-004	3.15290E-009	1.80000E-009	3.68230E-009	3.48250E+000	7.76950E+002	7.79270E+002	2.32060E+000	5.58885E-001	7.98000E-001	1.67720E-009	1.80370E-009	1.08690E-009
85	9	13	1	1.33000E-002	-2.00000E-004	-5.00000E-004	3.71280E-009	1.90000E-009	3.10140E-009	3.46170E+000	7.72149E+002	7.73887E+002	1.73800E+000	5.70154E-001	7.98200E-001	1.48750E-009	1.67250E-009	1.87400E-009
89	11	13	1	1.33000E-002	-3.00000E-004	-5.00000E-004	5.58670E-009	1.90000E-009	3.84200E-010	3.46750E+000	7.66416E+002	7.67992E+002	1.57610E+000	5.76269E-001	7.97700E-001	1.63740E-009	1.66780E-009	1.72400E-009
93	13	13	1	1.32000E-002	-2.00000E-004	-4.00000E-004	6.48390E-009	1.70000E-009	3.74800E-010	3.48540E+000	7.57833E+002	7.59372E+002	1.53930E+000	5.90258E-001	7.98200E-001	1.58120E-009	1.93720E-009	8.43300E-010
97	15	13	1	1.32000E-002	-2.00000E-004	-5.00000E-004	6.61510E-009	1.60000E-009	6.74600E-010	3.46420E+000	7.59602E+002	7.61049E+002	1.44720E+000	5.92149E-001	7.98500E-001	1.29300E-009	1.91850E-009	2.13630E-009
101	17	13	1	1.32000E-002	-2.00000E-004	-6.00000E-004	6.09970E-009	1.50000E-009	3.46700E-010	3.46290E+000	7.58945E+002	7.60460E+002	1.51450E+000	5.88832E-001	7.97900E-001	1.56480E-009	2.16210E-009	9.37000E-011
105	19	13	1	1.32000E-002	-2.00000E-004	-5.00000E-004	5.61020E-009	1.60000E-009	7.30800E-010	3.46130E+000	7.54316E+002	7.56017E+002	1.70030E+000	5.82450E-001	7.97500E-001	1.59750E-009	2.03790E-009	1.93950E-009
109	21	13	1	1.32000E-002	-2.00000E-004	-5.00000E-004	4.16020E-009	1.80000E-009	4.43190E-009	3.45230E+000	7.66756E+002	7.68359E+002	1.60280E+000	5.71481E-001	7.97800E-001	1.67720E-009	2.00280E-009	9.93200E-010
112	23	13	1	1.31000E-002	-4.00000E-004	-7.00000E-004	4.06180E-009	1.40000E-009	4.42250E-009	3.46260E+000	7.80843E+002	7.82854E+002	2.01110E+000	5.48869E-001	7.97400E-001	1.75680E-009	1.71940E-009	4.02900E-010
115	23	15	1	1.31000E-002	-2.00000E-004	-5.00000E-004	3.50660E-009	1.80000E-009	1.61160E-009	3.46600E+000	7.86256E+002	7.87872E+002	1.61590E+000	5.60236E-001	7.98700E-001	1.69830E-009	1.78030E-009	1.27430E-009
119	21	15	1	1.32000E-002	-2.00000E-004	-6.00000E-004	4.71770E-009	1.70000E-009	2.31430E-009	3.45440E+000	7.69087E+002	7.71118E+002	2.03030E+000	5.74887E-001	7.97900E-001	1.57650E-009	1.80130E-009	1.19930E-009
123	19	15	1	1.33000E-002	-1.00000E-004	-5.00000E-004	5.99430E-009	1.80000E-009	4.31000E-010	3.45920E+000	7.63863E+002	7.65443E+002	1.58050E+000	5.79956E-001	7.96900E-001	1.64440E-009	1.80130E-009	1.42420E-009
127	17	15	1	1.32000E-002	-1.00000E-004	-5.00000E-004	6.17230E-009	1.80000E-009	4.31000E-010	3.44130E+000	7.61996E+002	7.63425E+002	1.42880E+000	5.80144E-001	7.98000E-001	1.47110E-009	1.95360E-009	2.16440E-009
131	15	15	1	1.32000E-002	-2.00000E-004	-5.00000E-004	6.21690E-009	1.70000E-009	3.56100E-010	3.43250E+000	7.61501E+002	7.62984E+002	1.48280E+000	5.77673E-001	7.97500E-001	1.42190E-009	2.08010E-009	1.74280E-009
135	13	15	1	1.32000E-002	-2.00000E-004	-6.00000E-004	6.42060E-009	1.40000E-009	4.59100E-010	3.45090E+000	7.66335E+002	7.68058E+002	1.72260E+000	5.79793E-001	7.97500E-001	1.33050E-009	2.03320E-009	9.18200E-010
139	11	15	1	1.32000E-002	-2.00000E-004	-5.00000E-004	5.37590E-009	1.60000E-009	7.40200E-010	3.47370E+000	7.77474E+002	7.80004E+002	2.53010E+000	5.68016E-001	7.97500E-001	1.40080E-009	2.09180E-009	1.55540E-009
143	9	15	1	1.32000E-002	-1.00000E-004	-5.00000E-004	4.73410E-009	1.70000E-009	2.42680E-009	3.46120E+000	7.74147E+002	7.76011E+002	1.86440E+000	5.78155E-001	7.98200E-001	1.50850E-009	1.86220E-009	7.21500E-010
147	7	15	1	1.32000E-002	-2.00000E-004	-5.00000E-004	3.68700E-009	1.70000E-009	1.99580E-009	3.45430E+000	7.84685E+002	7.86610E+002	1.92530E+000	5.59157E-001	7.97300E-001	1.48750E-009	1.95830E-009	8.80800E-010
153	5	17	3	1.32000E-002	-3.00000E-004	-6.00000E-004	1.39570E-005
157	7	17	1	1.32000E-002	-3.00000E-004	-5.00000E-004	3.57930E-009	1.60000E-009	2.38930E-009	3.46430E+000	7.86532E+002	7.88652E+002	2.11990E+000	5.62451E-001	7.98700E-001	1.40310E-009	1.80130E-009	1.51790E-009
161	9	17	1	1.32000E-002	-3.00000E-004	-5.00000E-004	4.34290E-009	1.90000E-009	2.50170E-009	3.45660E+000	7.66849E+002	7.68444E+002	1.59590E+000	5.82992E-001	7.98800E-001	1.47810E-009	2.01450E-009	1.60220E-009
165	11	17	1	1.32000E-002	-2.00000E-004	-5.00000E-004	5.84210E-009	1.60000E-009	9.27600E-010	3.48590E+000	7.76374E+002	7.78321E+002	1.94650E+000	5.73756E-001	7.98000E-001	1.23210E-009	1.65610E-009	1.24620E-009
169	13	17	1	1.31000E-002	-2.00000E-004	-5.00000E-004	6.45580E-009	1.60000E-009	7.59000E-010	3.44390E+000	7.65960E+002	7.67492E+002	1.53190E+000	5.72978E-001	7.96900E-001	1.49210E-009	1.52960E-009	1.47110E-009
173	15	17	1	1.31000E-002	-1.00000E-004	-5.00000E-004	6.05760E-009	1.90000E-009	1.50850E-009	3.42740E+000	7.52933E+002	7.54877E+002	1.94370E+000	5.58710E-001	7.97400E-001	1.58820E-009	2.02390E-009	6.18400E-010
177	17	17	1	1.32000E-002	-2.00000E-004	-5.00000E-004	5.90770E-009	1.50000E-009	4.49700E-010	3.42810E+000	7.65130E+002	7.66582E+002	1.45140E+000	5.71235E-001	7.96900E-001	1.46640E-009	2.01450E-009	1.31180E-009
181	19	17	1	1.32000E-002	-1.00000E-004	-5.00000E-004	6.09740E-009	1.50000E-009	3.93500E-010	3.44770E+000	7.61433E+002	7.63013E+002	1.57930E+000	5.80002E-001	7.97800E-001	1.58350E-009	1.88330E-009	1.90210E-009
185	21	17	1	1.32000E-002	-1.00000E-004	-5.00000E-004	5.34780E-009	1.60000E-009	2.51110E-009	3.45750E+000	7.63447E+002	7.65221E+002	1.77360E+000	5.80091E-001	7.98200E-001	1.58120E-009	1.97470E-009	1.22740E-009
189	23	17	1	1.31000E-002	-2.00000E-004	-6.00000E-004	3.48090E-009	1.60000E-009	1.87000E-011	3.45880E+000	7.82224E+002	7.84991E+002	2.76730E+000	5.68226E-001	7.98500E-001	1.71940E-009	1.76850E-009	1.80840E-009
193	23	19	1	1.32000E-002	-2.00000E-004	-5.00000E-004	3.62610E-009	1.80000E-009	8.05800E-010	3.46570E+000	7.87046E+002	7.89702E+002	2.65520E+000	5.67251E-001	7.98900E-001	1.43360E-009	2.03560E-009	1.41480E-009
197	21	19	1	1.32000E-002	-1.00000E-004	-5.00000E-004	4.68720E-009	1.80000E-009	3.03580E-009	3.46260E+000	7.69575E+002	7.71918E+002	2.34230E+000	5.77241E-001	7.98200E-001	1.42190E-009	2.14330E-009	5.24700E-010
201	19	19	1	1.32000E-002	-1.00000E-004	-5.00000E-004	5.87490E-009	1.70000E-009	3.18600E-010	3.44330E+000	7.67767E+002	7.69639E+002	1.87170E+000	5.79395E-001	7.96800E-001	1.49920E-009	2.04500E-009	1.60220E-009
205	17	19	1	1.33000E-002	-1.00000E-004	-5.00000E-004	6.42770E-009	1.60000E-009	1.37740E-009	3.43370E+000	7.62445E+002	7.63846E+002	1.40090E+000	5.76075E-001	7.96800E-001	1.52960E-009	1.85520E-009	7.30800E-010
209	15	19	1	1.32000E-002	-1.00000E-004	-5.00000E-004	5.93110E-009	1.60000E-009	2.24900E-010	3.43750E+000	7.60049E+002	7.61578E+002	1.52890E+000	5.72601E-001	7.97300E-001	1.34460E-009	1.69120E-009	1.66780E-009
213	13	19	1	1.32000E-002	-1.00000E-004	-5.00000E-004	6.47690E-009	2.00000E-009	2.71700E-010	3.44700E+000	7.67032E+002	7.68780E+002	1.74820E+000	5.75793E-001	7.97700E-001	1.59990E-009	2.03320E-009	5.99700E-010
217	11	19	1	1.31000E-002	-2.00000E-004	-5.00000E-004	5.61480E-009	1.80000E-009	5.43400E-010	3.47820E+000	7.77974E+002	7.80307E+002	2.33320E+000	5.74050E-001	7.97100E-001	1.45700E-009	1.93020E-009	1.72400E-009
221	9	19	1	1.32000E-002	-1.00000E-004	-5.00000E-004	4.08520E-009	1.80000E-009	3.43870E-009	3.44890E+000	7.70311E+002	7.72147E+002	1.83590E+000	5.80907E-001	7.98000E-001	1.61630E-009	2.15510E-009	1.40500E-010
225	7	19	1	1.31000E-002	-2.00000E-004	-5.00000E-004	3.42930E-009	1.60000E-009	3.38250E-009	3.45610E+000	7.81852E+002	7.84504E+002	2.65250E+000	5.64238E-001	7.98300E-001	1.52730E-009	1.94420E-009	7.50000E-011
233	7	21	1	1.32000E-002	-3.00000E-004	-5.00000E-004	2.96090E-009	1.80000E-009	2.54860E-009	3.46810E+000	7.79593E+002	7.81498E+002	1.90480E+000	5.63452E-001	7.98100E-001	1.87400E-009	1.85290E-009	9.18200E-010
237	9	21	1	1.32000E-002	-2.00000E-004	-5.00000E-004	4.08520E-009	1.70000E-009	1.40500E-010	3.45050E+000	7.75599E+002	7.77164E+002	1.56520E+000	5.80503E-001	7.97100E-001	1.49210E-009	1.74510E-009	1.64910E-009
241	11	21	1	1.32000E-002	-2.00000E-004	-5.00000E-004	6.07160E-009	1.70000E-009	9.40000E-012	3.46770E+000	7.70292E+002	7.72132E+002	1.83950E+000	5.78660E-001	7.97100E-001	1.58580E-009	2.08240E-009	1.02130E-009
245	13	21	1	1.32000E-002	-2.00000E-004	-5.00000E-004	6.62680E-009	1.50000E-009	1.87400E-010	3.45620E+000	7.64013E+002	7.65639E+002	1.62580E+000	5.87610E-001	7.98100E-001	1.81070E-009	2.03320E-009	8.15200E-010
249	15	21	1	1.31000E-002	-2.00000E-004	-5.00000E-004	6.24500E-009	1.60000E-009	9.37000E-011	3.44420E+000	7.64573E+002	7.66061E+002	1.48870E+000	5.79178E-001	7.97500E-001	1.39380E-009	1.93490E-009	1.36800E-009
253	17	21	1	1.32000E-002	-2.00000E-004	-5.00000E-004	6.42300E-009	1.60000E-009	3.37300E-010	3.44500E+000	7.67270E+002	7.68857E+002	1.58640E+000	5.81779E-001	7.98000E-001	1.47110E-009	1.98640E-009	1.07750E-009
257	19	21	1	1.32000E-002	-2.00000E-004	-5.00000E-004	5.75770E-009	1.80000E-009	2.90500E-010	3.45330E+000	7.67510E+002	7.69288E+002	1.77810E+000	5.78898E-001	7.97700E-001	1.36330E-009	1.88570E-009	1.46170E-009
261	21	21	1	1.32000E-002	-2.00000E-004	-5.00000E-004	4.81140E-009	1.60000E-009	3.53240E-009	3.46310E+000	7.74721E+002	7.76423E+002	1.70210E+000	5.79847E-001	7.98100E-001	1.49920E-009	1.83410E-009	2.43600E-010
264	23	21	1	1.30000E-002	-4.00000E-004	-7.00000E-004	3.53240E-009	1.60000E-009	2.83900E-009	3.45370E+000	7.89764E+002	7.91632E+002	1.86730E+000	5.57353E-001	7.98500E-001	1.84580E-009	1.80600E-009	1.81770E-009
268	21	23	1	1.32000E-002	-2.00000E-004	-5.00000E-004	3.66590E-009	1.80000E-009	2.52050E-009	3.44840E+000	7.83229E+002	7.85130E+002	1.90110E+000	5.76007E-001	7.97400E-001	1.56940E-009	1.99580E-009	3.46700E-010
272	19	23	1	1.32000E-002	-2.00000E-004	-5.00000E-004	4.68490E-009	1.70000E-009	1.12400E-010	3.44510E+000	7.70986E+002	7.72709E+002	1.72230E+000	5.82123E-001	7.97600E-001	1.52020E-009	2.02620E-009	7.30800E-010
276	17	23	1	1.32000E-002	-2.00000E-004	-5.00000E-004	5.65000E-009	1.70000E-009	9.37000E-011	3.44330E+000	7.66537E+002	7.68013E+002	1.47630E+000	5.88183E-001	7.97500E-001	1.29070E-009	2.00050E-009	1.56480E-009
280	15	23	1	1.32000E-002	-2.00000E-004	-5.00000E-004	6.17940E-009	1.80000E-009	4.40400E-010	3.45160E+000	7.63778E+002	7.65330E+002	1.55200E+000	5.87974E-001	7.97600E-001	1.35390E-009	2.02150E-009	1.42420E-009
284	13	23	1	1.32000E-002	-2.00000E-004	-5.00000E-004	6.08800E-009	1.80000E-009	4.02900E-010	3.45620E+000	7.65257E+002	7.67095E+002	1.83760E+000	5.90658E-001	7.98500E-001	1.49210E-009	1.85520E-009	1.50850E-009
288	11	23	1	1.31000E-002	-2.00000E-004	-5.00000E-004	5.58210E-009	1.90000E-009	2.90500E-010	3.46020E+000	7.77395E+002	7.79081E+002	1.68610E+000	5.82128E-001	7.96900E-001	1.48980E-009	1.70060E-009	1.04000E-009
292	9	23	1	1.32000E-002	-1.00000E-004	-5.00000E-004	3.84400E-009	1.80000E-009	4.96600E-010	3.45540E+000	7.85824E+002	7.87523E+002	1.69890E+000	5.72466E-001	7.96200E-001	1.59050E-009	1.74280E-009	1.62100E-009
296	7	23	1	1.32000E-002	-2.00000E-004	-5.00000E-004	2.97020E-009	2.10000E-009	3.72920E-009	3.49840E+000	7.67246E+002	7.69900E+002	2.65390E+000	5.66967E-001	7.99000E-001	1.64440E-009	1.96300E-009	5.90300E-010
302	9	25	1	1.31000E-002	-3.00000E-004	-6.00000E-004	3.62140E-009	1.90000E-009	2.71700E-010	3.45900E+000	7.81314E+002	7.83105E+002	1.79060E+000	5.62155E-001	7.97500E-001	1.82480E-009	1.85290E-009	1.12440E-009
306	11	25	1	1.32000E-002	-3.00000E-004	-6.00000E-004	4.52090E-009	1.70000E-009	4.21600E-010	3.45310E+000	7.87749E+002	7.89209E+002	1.45970E+000	5.75780E-001	7.96900E-001	1.60690E-009	1.88100E-009	6.18400E-010
310	13	25	1	1.32000E-002	-2.00000E-004	-5.00000E-004	4.75520E-009	1.70000E-009	4.21600E-010	3.44720E+000	7.73851E+002	7.75502E+002	1.65140E+000	5.90895E-001	7.98100E-001	1.58580E-009	1.93250E-009	1.57410E-009
314	15	25	1	1.32000E-002	-3.00000E-004	-5.00000E-004	4.91680E-009	1.50000E-009	9.46300E-010	3.44660E+000	7.66900E+002	7.68583E+002	1.68270E+000	5.91720E-001	7.98000E-001	1.40550E-009	1.98640E-009	8.43300E-010
318	17	25	1	1.32000E-002	-2.00000E-004	-5.00000E-004	4.54430E-009	1.40000E-009	5.34100E-010	3.44620E+000	7.71455E+002	7.73057E+002	1.60150E+000	5.92156E-001	7.98200E-001	1.40080E-009	1.99110E-009	2.00510E-009
322	19	25	1	1.32000E-002	-1.00000E-004	-6.00000E-004	4.15550E-009	1.60000E-009	2.15500E-010	3.45290E+000	7.78951E+002	7.80410E+002	1.45930E+000	5.80074E-001	7.97000E-001	1.50850E-009	1.87400E-009	1.92080E-009
326	21	25	1	1.34000E-002	-3.00000E-004	-6.00000E-004	3.75260E-009	1.50000E-009	7.21500E-010	3.45330E+000	7.84187E+002	7.86114E+002	1.92740E+000	5.60579E-001	7.96600E-001	1.80130E-009	1.80600E-009	1.55540E-009
329	19	27	1	1.33000E-002	-2.00000E-004	-6.00000E-004	4.13680E-009	1.70000E-009	2.25810E-009	3.45570E+000	7.80934E+002	7.83439E+002	2.50530E+000	5.61671E-001	7.97000E-001	1.74280E-009	1.69830E-009	1.55540E-009
332	17	27	1	1.32000E-002	-2.00000E-004	-5.00000E-004	3.46210E-009	1.70000E-009	6.65300E-010	3.45890E+000	7.86307E+002	7.89001E+002	2.69430E+000	5.74062E-001	7.97100E-001	1.31410E-009	1.78030E-009	1.59290E-009
336	15	27	1	1.32000E-002	-2.00000E-004	-5.00000E-004	3.59800E-009	1.90000E-009	9.08900E-010	3.45280E+000	7.85004E+002	7.87013E+002	2.00990E+000	5.80890E-001	7.98100E-001	1.54130E-009	1.98410E-009	1.52730E-009
340	13	27	1	1.32000E-002	-2.00000E-004	-5.00000E-004	3.69170E-009	1.70000E-009	2.43600E-010	3.44790E+000	7.87528E+002	7.89698E+002	2.16970E+000	5.66593E-001	7.97400E-001	1.55300E-009	2.09650E-009	4.96600E-010
344	11	27	1	1.32000E-002	-2.00000E-004	-6.00000E-004	3.58390E-009	1.60000E-009	1.49900E-010	3.46890E+000	7.80038E+002	7.82584E+002	2.54620E+000	5.61423E-001	7.97700E-001	1.31880E-009	1.90680E-009	1.42420E-009

6	18	7	1	1.32000E-002	-2.70000E-003	-3.10000E-003	3.32790E-009	1.80000E-009	3.36300E-009	3.48110E+000	7.71080E+002	7.73182E+002	2.10180E+000	5.67894E-001	8.00700E-001	2.00240E-009	1.66980E-009	1.77990E-009
10	16	7	1	1.32000E-002	-2.80000E-003	-3.00000E-003	3.57150E-009	1.60000E-009	5.68620E-009	3.45530E+000	7.73885E+002	7.76143E+002	2.25810E+000	5.72016E-001	8.00800E-001	1.64400E-009	1.84540E-009	2.40750E-009
14	14	7	1	1.32000E-002	-2.70000E-003	-3.00000E-003	4.01640E-009	1.70000E-009	1.06418E-008	3.46390E+000	7.72668E+002	7.74790E+002	2.12180E+000	5.70074E-001	8.01300E-001	1.97890E-009	1.65580E-009	2.56680E-009
17	12	7	1	1.35000E-002	-2.70000E-003	-3.10000E-003	3.37240E-009	1.80000E-009	6.09840E-009	3.48480E+000	7.68373E+002	7.70357E+002	1.98420E+000	5.65918E-001	8.01200E-001	1.78460E-009	2.13820E-009	2.47310E-009
18	10	7	5	1.01000E-002	-3.00000E-003	-3.30000E-003	4.00710E-009	7.00000E-010	1.41150E-005
19	8	9	5	1.02000E-002	-3.00000E-003	-3.30000E-003	3.09140E-009	7.00000E-010	1.41150E-005
23	10	9	1	1.32000E-002	-2.80000E-003	-3.00000E-003	3.84550E-009	1.80000E-009	8.55280E-009	3.46170E+000	7.79257E+002	7.81238E+002	1.98050E+000	5.54571E-001	8.00800E-001	1.91570E-009	1.97660E-009	8.43000E-011
27	12	9	1	1.32000E-002	-2.80000E-003	-3.10000E-003	4.27400E-009	1.80000E-009	5.68620E-009	3.44800E+000	7.76038E+002	7.77683E+002	1.64480E+000	5.73953E-001	8.00100E-001	1.67210E-009	1.81970E-009	2.12650E-009
31	14	9	1	1.31000E-002	-2.70000E-003	-3.00000E-003	4.43090E-009	1.60000E-009	1.58320E-009	3.45590E+000	7.60938E+002	7.62504E+002	1.56570E+000	5.88745E-001	8.00400E-001	1.69320E-009	1.76110E-009	4.87100E-010
35	16	9	1	1.32000E-002	-2.80000E-003	-3.10000E-003	4.69790E-009	1.90000E-009	2.47310E-009	3.45090E+000	7.63873E+002	7.65514E+002	1.64160E+000	5.89918E-001	8.01100E-001	1.75650E-009	1.76580E-009	1.52690E-009
39	18	9	1	1.33000E-002	-2.80000E-003	-3.00000E-003	3.97190E-009	1.60000E-009	4.68000E-011	3.46120E+000	7.70265E+002	7.71954E+002	1.68920E+000	5.82378E-001	8.00000E-001	1.73070E-009	1.88060E-009	1.41450E-009
43	20	9	1	1.32000E-002	-2.70000E-003	-3.00000E-003	3.81030E-009	1.80000E-009	8.61800E-010	3.44130E+000	7.80142E+002	7.81962E+002	1.81950E+000	5.64674E-001	7.99000E-001	1.71660E-009	1.84080E-009	1.39580E-009
48	22	11	1	1.32000E-002	-2.70000E-003	-3.00000E-003	3.83140E-009	1.40000E-009	2.41690E-009	3.44000E+000	7.79382E+002	7.80512E+002	1.12990E+000	5.57624E-001	7.99000E-001	1.39810E-009	1.60660E-009	6.83800E-010
52	20	11	1	1.32000E-002	-2.70000E-003	-3.00000E-003	4.56680E-009	1.70000E-009	5.63940E-009	3.40790E+000	7.66703E+002	7.68310E+002	1.60750E+000	5.82327E-001	7.99900E-001	1.64170E-009	1.93440E-009	2.65110E-009
56	18	11	1	1.32000E-002	-2.70000E-003	-3.00000E-003	5.39350E-009	1.80000E-009	1.52690E-009	3.46820E+000	7.61960E+002	7.64077E+002	2.11750E+000	5.86815E-001	8.00700E-001	1.78220E-009	1.75180E-009	1.68600E-010
60	16	11	1	1.31000E-002	-2.70000E-003	-3.00000E-003	6.07500E-009	1.80000E-009	8.15000E-010	3.45580E+000	7.59406E+002	7.60891E+002	1.48560E+000	5.88843E-001	8.00100E-001	1.62760E-009	1.63940E-009	1.22720E-009
64	14	11	1	1.31000E-002	-2.70000E-003	-3.00000E-003	5.90640E-009	1.80000E-009	1.35830E-009	3.46090E+000	7.55493E+002	7.57119E+002	1.62540E+000	5.89407E-001	8.00200E-001	1.63470E-009	1.74940E-009	8.05600E-010
68	12	11	1	1.32000E-002	-2.70000E-003	-3.00000E-003	5.22490E-009	1.60000E-009	5.71400E-010	3.46090E+000	7.65476E+002	7.66849E+002	1.37340E+000	5.85305E-001	8.00400E-001	1.64170E-009	1.51290E-009	1.55500E-009
72	10	11	1	1.32000E-002	-2.60000E-003	-3.00000E-003	3.98600E-009	1.70000E-009	4.32790E-009	3.46040E+000	7.74865E+002	7.76428E+002	1.56340E+000	5.73452E-001	8.01400E-001	1.77050E-009	1.80800E-009	5.05900E-010
76	8	11	1	1.32000E-002	-2.70000E-003	-3.00000E-003	4.55740E-009	2.00000E-009	1.93910E-009	3.47670E+000	7.77930E+002	7.79849E+002	1.91960E+000	5.56215E-001	8.00100E-001	1.73540E-009	1.86180E-009	2.34190E-009
78	6	13	1	1.36000E-002	-2.90000E-003	-3.20000E-003	4.16160E-009	5.00000E-010	1.78268E-008	3.55720E+000	7.09107E+002	7.13886E+002	4.77870E+000	5.70500E-001	8.04100E-001	2.22950E-009	8.50100E-010	1.55500E-009
82	8	13	1	1.32000E-002	-2.80000E-003	-3.00000E-003	3.80800E-009	1.80000E-009	5.21780E-009	3.47410E+000	7.87214E+002	7.89012E+002	1.79820E+000	5.61505E-001	8.00500E-001	1.69090E-009	1.63700E-009	1.55500E-009
86	10	13	1	1.33000E-002	-2.70000E-003	-3.00000E-003	4.84780E-009	1.90000E-009	1.19910E-009	3.46520E+000	7.68638E+002	7.70405E+002	1.76660E+000	5.72605E-001	8.00600E-001	1.64640E-009	1.59950E-009	5.52700E-010
90	12	13	1	1.33000E-002	-2.70000E-003	-3.00000E-003	6.33730E-009	1.90000E-009	8.15000E-010	3.47470E+000	7.57127E+002	7.58943E+002	1.81630E+000	5.83220E-001	7.99700E-001	1.59950E-009	1.47780E-009	9.83600E-010
94	14	13	1	1.32000E-002	-2.70000E-003	-3.00000E-003	6.86420E-009	1.70000E-009	2.99800E-010	3.46570E+000	7.57931E+002	7.59359E+002	1.42760E+000	5.92758E-001	8.00500E-001	1.71900E-009	1.83370E-009	1.87400E-010
98	16	13	1	1.32000E-002	-2.70000E-003	-3.00000E-003	6.65580E-009	1.50000E-009	1.07730E-009	3.46210E+000	7.61425E+002	7.62964E+002	1.53930E+000	5.91133E-001	8.01300E-001	1.35360E-009	1.71200E-009	1.12400E-010
102	18	13	1	1.32000E-002	-2.70000E-003	-3.00000E-003	5.95320E-009	1.50000E-009	1.59250E-009	3.48550E+000	7.68340E+002	7.70647E+002	2.30730E+000	5.81851E-001	8.00500E-001	1.67920E-009	2.04690E-009	2.04220E-009
106	20	13	1	1.32000E-002	-2.70000E-003	-3.00000E-003	5.18970E-009	1.60000E-009	5.04920E-009	3.46580E+000	7.62733E+002	7.64417E+002	1.68400E+000	5.76741E-001	8.00500E-001	1.74010E-009	1.97430E-009	1.09600E-009
110	22	13	1	1.32000E-002	-2.70000E-003	-3.00000E-003	3.82440E-009	1.80000E-009	5.68620E-009	3.46150E+000	7.77274E+002	7.78921E+002	1.64660E+000	5.64891E-001	8.00400E-001	1.81970E-009	1.79390E-009	1.74240E-009
116	24	15	1	1.31000E-002	-2.70000E-003	-3.00000E-003	3.63700E-009	1.80000E-009	5.85480E-009	3.46930E+000	7.77474E+002	7.79150E+002	1.67640E+000	5.50270E-001	8.01100E-001	1.86420E-009	1.62760E-009	2.06090E-009
120	22	15	1	1.32000E-002	-2.70000E-003	-3.00000E-003	4.26230E-009	1.70000E-009	1.97660E-009	3.46080E+000	7.74809E+002	7.76186E+002	1.37670E+000	5.75205E-001	8.01400E-001	1.77280E-009	1.74010E-009	1.29280E-009
124	20	15	1	1.33000E-002	-2.70000E-003	-3.00000E-003	5.91570E-009	1.70000E-009	5.50820E-009	3.43810E+000	7.57747E+002	7.59658E+002	1.91110E+000	5.75016E-001	8.00500E-001	1.64400E-009	1.63000E-009	1.88290E-009
128	18	15	1	1.32000E-002	-2.60000E-003	-3.00000E-003	6.55270E-009	1.70000E-009	1.69560E-009	3.45620E+000	7.65480E+002	7.67033E+002	1.55310E+000	5.78026E-001	8.00000E-001	1.51990E-009	1.79630E-009	1.48010E-009
132	16	15	1	1.32000E-002	-2.70000E-003	-3.00000E-003	6.50120E-009	1.70000E-009	1.12410E-009	3.44040E+000	7.64835E+002	7.66450E+002	1.61510E+000	5.75962E-001	8.00300E-001	1.52460E-009	1.96720E-009	1.14290E-009
136	14	15	1	1.32000E-002	-2.60000E-003	-3.00000E-003	6.56210E-009	1.40000E-009	1.14290E-009	3.43440E+000	7.63396E+002	7.64967E+002	1.57070E+000	5.77103E-001	8.00300E-001	1.35830E-009	1.83140E-009	3.65300E-010
140	12	15	1	1.32000E-002	-2.70000E-003	-3.00000E-003	6.61130E-009	1.80000E-009	1.77990E-009	3.46660E+000	7.65441E+002	7.67041E+002	1.59990E+000	5.82189E-001	7.99900E-001	1.66980E-009	2.03510E-009	1.12410E-009
144	10	15	1	1.32000E-002	-2.60000E-003	-3.00000E-003	5.74480E-009	1.60000E-009	6.46400E-010	3.46370E+000	7.63506E+002	7.65144E+002	1.63730E+000	5.77499E-001	8.00500E-001	1.59020E-009	1.71660E-009	4.59000E-010
148	8	15	1	1.32000E-002	-2.70000E-003	-3.00000E-003	3.95550E-009	1.70000E-009	3.84080E-009	3.46340E+000	7.79624E+002	7.81348E+002	1.72410E+000	5.73485E-001	8.01000E-001	1.54800E-009	1.89230E-009	5.99500E-010
150	6	15	1	1.35000E-002	-2.80000E-003	-3.20000E-003	3.68150E-009	1.60000E-009	3.69090E-009	3.50310E+000	7.69085E+002	7.71606E+002	2.52150E+000	5.61463E-001	8.02900E-001	1.94620E-009	1.71900E-009	9.55500E-010
154	6	17	1	1.32000E-002	-2.70000E-003	-3.00000E-003	4.40520E-009	1.50000E-009	5.34000E-010	3.49370E+000	7.75390E+002	7.77401E+002	2.01120E+000	5.60565E-001	8.03000E-001	2.02340E-009	1.55040E-009	7.49000E-011
158	8	17	1	1.32000E-002	-2.70000E-003	-3.00000E-003	4.26000E-009	1.70000E-009	4.49700E-010	3.46130E+000	7.76608E+002	7.78145E+002	1.53700E+000	5.77286E-001	8.01500E-001	1.57380E-009	1.74710E-009	6.46400E-010
162	10	17	1	1.32000E-002	-2.70000E-003	-3.00000E-003	5.75880E-009	1.90000E-009	1.74240E-009	3.46130E+000	7.60782E+002	7.62878E+002	2.09670E+000	5.79815E-001	8.00200E-001	1.66510E-009	1.83840E-009	5.43300E-010
166	12	17	1	1.32000E-002	-2.70000E-003	-3.00000E-003	6.74710E-009	1.60000E-009	5.71400E-010	3.45150E+000	7.68351E+002	7.69962E+002	1.61140E+000	5.76210E-001	7.99700E-001	1.33260E-009	1.46610E-009	1.49880E-009
170	14	17	1	1.31000E-002	-2.70000E-003	-3.00000E-003	6.70970E-009	1.70000E-009	1.49880E-009	3.43390E+000	7.64024E+002	7.65396E+002	1.37200E+000	5.71175E-001	8.00000E-001	1.62530E-009	1.47310E-009	1.25530E-009
174	16	17	1	1.31000E-002	-2.70000E-003	-3.00000E-003	5.90170E-009	1.80000E-009	8.99300E-010	3.43270E+000	7.68747E+002	7.70722E+002	1.97500E+000	5.55936E-001	8.00200E-001	1.71200E-009	1.84540E-009	4.02800E-010
178	18	17	1	1.32000E-002	-2.60000E-003	-3.00000E-003	6.05860E-009	1.50000E-009	0.00000E+000	3.44590E+000	7.65511E+002	7.67176E+002	1.66570E+000	5.71733E-001	8.00100E-001	1.54800E-009	2.01640E-009	1.29280E-009
182	20	17	1	1.32000E-002	-2.60000E-003	-3.00000E-003	5.94150E-009	1.70000E-009	9.93000E-010	3.45870E+000	7.62861E+002	7.65149E+002	2.28840E+000	5.78926E-001	8.01000E-001	1.59250E-009	1.83840E-009	1.28340E-009
186	22	17	1	1.32000E-002	-2.70000E-003	-3.10000E-003	4.79390E-009	1.50000E-009	5.15200E-010	3.46080E+000	7.74632E+002	7.76355E+002	1.72250E+000	5.78030E-001	8.01100E-001	1.45670E-009	1.81270E-009	1.22720E-009
190	24	17	1	1.31000E-002	-2.70000E-003	-3.00000E-003	3.66750E-009	1.60000E-009	2.84780E-009	3.44970E+000	7.81544E+002	7.83635E+002	2.09080E+000	5.54792E-001	8.00800E-001	1.85250E-009	1.70490E-009	1.27400E-009
194	24	19	1	1.32000E-002	-2.70000E-003	-3.00000E-003	3.75180E-009	1.80000E-009	4.49650E-009	3.44220E+000	7.80761E+002	7.82969E+002	2.20710E+000	5.59667E-001	8.00900E-001	1.59020E-009	1.81030E-009	2.10770E-009
198	22	19	1	1.32000E-002	-2.60000E-003	-3.00000E-003	3.92740E-009	1.70000E-009	1.78000E-010	3.45320E+000	7.76532E+002	7.77918E+002	1.38540E+000	5.78269E-001	8.01100E-001	1.51520E-009	2.02810E-009	2.14520E-009
202	20	19	1	1.32000E-002	-2.60000E-003	-3.00000E-003	5.78930E-009	1.70000E-009	3.11010E-009	3.45630E+000	7.65172E+002	7.67141E+002	1.96900E+000	5.78018E-001	8.00800E-001	1.60660E-009	1.93910E-009	1.58320E-009
206	18	19	1	1.33000E-002	-2.70000E-003	-3.00000E-003	6.48950E-009	1.60000E-009	1.88290E-009	3.45220E+000	7.69040E+002	7.70552E+002	1.51220E+000	5.77161E-001	8.00300E-001	1.62060E-009	1.73300E-009	1.55500E-009
210	16	19	1	1.32000E-002	-2.60000E-003	-3.00000E-003	6.18270E-009	1.60000E-009	1.86420E-009	3.44090E+000	7.62383E+002	7.63862E+002	1.47880E+000	5.71590E-001	7.99800E-001	1.54800E-009	1.66980E-009	1.02110E-009
214	14	19	1	1.32000E-002	-2.60000E-003	-3.00000E-003	6.70500E-009	2.00000E-009	1.56440E-009	3.43820E+000	7.63705E+002	7.65091E+002	1.38580E+000	5.71794E-001	8.00100E-001	1.78220E-009	1.80800E-009	5.80800E-010
218	12	19	1	1.31000E-002	-2.60000E-003	-3.00000E-003	6.81740E-009	1.80000E-009	4.30900E-010	3.45550E+000	7.63308E+002	7.64729E+002	1.42140E+000	5.84095E-001	7.99900E-001	1.50350E-009	1.81270E-009	5.99500E-010
222	10	19	1	1.32000E-002	-2.70000E-003	-3.00000E-003	5.80100E-009	1.80000E-009	1.40520E-009	3.46320E+000	7.58046E+002	7.59638E+002	1.59250E+000	5.82910E-001	8.00000E-001	1.79630E-009	2.00700E-009	2.62300E-010
226	8	19	1	1.31000E-002	-2.70000E-003	-3.00000E-003	3.93210E-009	1.50000E-009	4.77800E-010	3.46150E+000	7.76609E+002	7.78217E+002	1.60830E+000	5.76299E-001	8.01000E-001	1.56210E-009	1.82200E-009	2.24800E-010
228	6	19	1	1.35000E-002	-2.80000E-003	-3.10000E-003	3.27870E-009	1.70000E-009	2.17330E-009	3.50000E+000	7.68811E+002	7.70750E+002	1.93950E+000	5.66139E-001	8.02900E-001	2.08900E-009	1.82440E-009	7.40100E-010
230	6	21	1	1.35000E-002	-2.90000E-003	-3.20000E-003	3.22020E-009	1.50000E-009	4.45910E-009	3.54090E+000	7.25543E+002	7.28612E+002	3.06910E+000	5.81229E-001	8.04600E-001	1.50120E-009	1.78220E-009	8.05600E-010
234	8	21	1	1.32000E-002	-2.70000E-003	-3.00000E-003	3.77990E-009	1.70000E-009	2.62300E-010	3.45920E+000	7.84674E+002	7.86331E+002	1.65640E+000	5.70845E-001	7.99600E-001	1.83610E-009	1.68620E-009	1.37710E-009
238	10	21	1	1.32000E-002	-2.70000E-003	-3.00000E-003	5.12650E-009	1.70000E-009	2.47310E-009	3.46640E+000	7.72773E+002	7.74111E+002	1.33860E+000	5.81356E-001	8.00400E-001	1.50590E-009	1.66280E-009	1.04920E-009
242	12	21	1	1.32000E-002	-2.70000E-003	-3.00000E-003	7.05160E-009	1.80000E-009	1.42390E-009	3.46540E+000	7.64036E+002	7.65463E+002	1.42660E+000	5.86752E-001	8.00400E-001	1.69090E-009	1.91800E-009	1.37710E-009
246	14	21	1	1.32000E-002	-2.70000E-003	-3.00000E-003	6.73070E-009	1.40000E-009	1.76110E-009	3.44870E+000	7.65133E+002	7.66719E+002	1.58570E+000	5.80758E-001	8.00500E-001	1.70260E-009	1.95320E-009	1.79860E-009
250	16	21	1	1.31000E-002	-2.70000E-003	-3.00000E-003	6.53870E-009	1.70000E-009	5.90200E-010	3.43710E+000	7.66443E+002	7.67951E+002	1.50780E+000	5.76801E-001	7.99800E-001	1.54330E-009	1.82670E-009	8.43000E-011
254	18	21	1	1.32000E-002	-2.70000E-003	-3.00000E-003	6.53170E-009	1.50000E-009	7.02600E-010	3.46180E+000	7.72345E+002	7.73807E+002	1.46180E+000	5.81607E-001	8.00300E-001	1.51760E-009	1.82910E-009	1.25530E-009
258	20	21	1	1.32000E-002	-2.70000E-003	-3.00000E-003	5.29040E-009	1.90000E-009	2.81000E-011	3.46430E+000	7.69228E+002	7.70834E+002	1.60560E+000	5.77595E-001	8.00600E-001	1.59250E-009	1.86890E-009	1.17100E-009
262	22	21	1	1.32000E-002	-2.70000E-003	-3.00000E-003	4.24360E-009	1.60000E-009	5.31150E-009	3.46590E+000	7.82997E+002	7.84555E+002	1.55820E+000	5.74551E-001	8.00700E-001	1.52460E-009	1.63000E-009	1.41450E-009
269	22	23	1	1.32000E-002	-2.80000E-003	-3.00000E-003	3.55510E-009	1.80000E-009	8.43100E-010	3.46030E+000	7.86869E+002	7.88849E+002	1.97990E+000	5.63979E-001	7.99800E-001	1.69790E-009	1.77280E-009	4.77800E-010
273	20	23	1	1.32000E-002	-2.70000E-003	-3.00000E-003	4.28810E-009	1.60000E-009	3.84100E-010	3.45430E+000	7.76760E+002	7.78288E+002	1.52850E+000	5.79426E-001	8.00500E-001	1.60420E-009	1.92980E-009	4.49700E-010
277	18	23	1	1.32000E-002	-2.70000E-003	-3.00000E-003	5.52930E-009	1.70000E-009	2.07030E-009	3.45990E+000	7.72456E+002	7.74225E+002	1.76930E+000	5.81144E-001	8.00000E-001	1.46370E-009	1.81030E-009	1.17100E-009
281	16	23	1	1.32000E-002	-2.60000E-003	-3.00000E-003	6.15700E-009	1.70000E-009	3.37200E-010	3.44940E+000	7.65479E+002	7.66979E+002	1.50050E+000	5.85093E-001	7.99700E-001	1.42620E-009	1.81730E-009	1.17100E-009
285	14	23	1	1.32000E-002	-2.70000E-003	-3.00000E-003	6.52460E-009	1.80000E-009	1.16160E-009	3.44160E+000	7.64761E+002	7.66367E+002	1.60620E+000	5.88108E-001	8.00600E-001	1.68850E-009	1.72130E-009	7.02600E-010
289	12	23	1	1.31000E-002	-2.70000E-003	-3.00000E-003	6.52460E-009	1.80000E-009	1.64870E-009	3.45450E+000	7.62874E+002	7.64424E+002	1.54960E+000	5.90646E-001	8.00300E-001	1.53870E-009	1.52460E-009	5.62000E-011
293	10	23	1	1.32000E-002	-2.70000E-003	-3.00000E-003	4.96960E-009	1.70000E-009	6.08900E-010	3.44670E+000	7.75875E+002	7.77420E+002	1.54510E+000	5.80827E-001	7.99100E-001	1.66980E-009	1.64870E-009	1.46140E-009
297	8	23	1	1.32000E-002	-2.70000E-003	-3.00000E-003	3.71900E-009	2.00000E-009	1.09600E-009	3.46000E+000	7.83698E+002	7.85852E+002	2.15350E+000	5.62164E-001	7.99300E-001	1.70730E-009	1.69320E-009	1.43330E-009
299	8	25	1	1.34000E-002	-2.90000E-003	-3.20000E-003	3.67920E-009	1.50000E-009	6.27600E-010	3.49350E+000	7.63581E+002	7.66537E+002	2.95540E+000	5.69153E-001	8.01400E-001	1.92040E-009	1.66980E-009	3.18500E-010
303	10	25	1	1.31000E-002	-2.70000E-003	-3.10000E-003	4.50590E-009	1.80000E-009	9.08700E-010	3.45080E+000	7.88539E+002	7.89785E+002	1.24540E+000	5.64560E-001	7.99500E-001	1.72840E-009	1.65110E-009	7.49000E-011
307	12	25	1	1.32000E-002	-2.80000E-003	-3.10000E-003	5.07500E-009	1.80000E-009	5.90200E-010	3.44830E+000	7.77442E+002	7.78970E+002	1.52710E+000	5.87174E-001	8.00100E-001	1.69790E-009	1.86650E-009	1.15220E-009
311	14	25	1	1.32000E-002	-2.70000E-003	-3.00000E-003	5.05860E-009	1.70000E-009	1.84540E-009	3.44370E+000	7.72439E+002	7.73983E+002	1.54490E+000	5.94461E-001	8.00800E-001	1.70490E-009	1.68620E-009	1.21780E-009
315	16	25	1	1.32000E-002	-2.70000E-003	-2.90000E-003	4.56440E-009	1.60000E-009	1.92980E-009	3.45260E+000	7.75509E+002	7.77176E+002	1.66630E+000	5.89341E-001	8.00400E-001	1.48710E-009	1.89460E-009	1.28340E-009
319	18	25	1	1.32000E-002	-2.70000E-003	-3.00000E-003	4.64410E-009	1.50000E-009	2.22020E-009	3.46370E+000	7.80197E+002	7.82140E+002	1.94350E+000	5.81460E-001	8.00300E-001	1.54570E-009	1.92270E-009	7.86900E-010
323	20	25	1	1.32000E-002	-2.70000E-003	-3.00000E-003	4.20850E-009	1.50000E-009	2.52930E-009	3.45000E+000	7.85501E+002	7.87636E+002	2.13480E+000	5.71186E-001	7.99200E-001	1.57380E-009	1.71900E-009	8.52500E-010
333	18	27	1	1.32000E-002	-2.70000E-003	-3.00000E-003	3.70960E-009	1.70000E-009	3.46600E-010	3.46430E+000	7.86556E+002	7.88724E+002	2.16820E+000	5.61989E-001	7.99500E-001	1.44260E-009	1.75650E-009	9.64900E-010
337	16	27	1	1.32000E-002	-2.70000E-003	-3.00000E-003	3.88530E-009	1.80000E-009	5.99500E-010	3.45880E+000	7.86920E+002	7.89007E+002	2.08710E+000	5.75726E-001	8.00800E-001	1.67920E-009	1.76110E-009	1.13350E-009
341	14	27	1	1.32000E-002	-2.70000E-003	-3.00000E-003	3.72600E-009	1.70000E-009	2.44500E-009	3.44740E+000	7.85506E+002	7.87993E+002	2.48720E+000	5.79571E-001	8.00600E-001	1.56440E-009	2.05390E-009	1.40500E-010
345	12	27	1	1.32000E-002	-2.70000E-003	-3.00000E-003	4.26230E-009	1.60000E-009	1.46140E-009	3.45580E+000	7.85203E+002	7.85356E+002	1.52900E-001	5.64135E-001	7.99400E-001	1.52230E-009	1.82670E-009	1.42390E-009
348	10	27	1	1.31000E-002	-2.80000E-003	-3.20000E-003	3.71200E-009	1.30000E-009	9.83600E-010	3.47740E+000	7.66301E+002	7.68675E+002	2.37400E+000	5.72489E-001	8.01600E-001	1.87120E-009	1.82670E-009	1.81730E-009

