Program name	H0192AB_E4_CP1.dll
Lot number	C146419.00-CPTSTE07-250312-170237@CP
Wafer number	08
Date	2025/03/12
Time	17:05:36

No.U	X	Y	Bin	CONT@D	CONT@G	CONT@S	IGSS1	IGSSR1	IDSS1	VTH	BVDSS1	BVDSS2	BV2-BV1	RDSON1	VFSDS	IGSS2	IGSSR2	IDSS3
LimitU				0.5V	0.5V	0.5V	80nA	3uA	200nA	4V	900V	900V	50V	640mohm	1V	80nA	80nA	150nA
LimitL				-0.5V	-0.5V	-0.5V	0nA	0uA	0nA	3V	700V	700V	-10V	0mohm	0V	0nA	0nA	0nA
Bias 1				 	 	 	 	 	 	100uA	250uA	1mA	 	1A	 	 	 	 
Bias 2				 	 	 	 	 	 	 	 	 	 	 	2A	 	 	 
Bias 3				2V	 	 	 	 	700V	 	 	 	 	 	 	 	 	600V
Bias 4				 	2V	 	30V	-30V	 	 	 	 	 	10V	0V	20V	-20V	 
Bias 5				1000uS	8000uS	8000uS	12000uS	12000uS	10000uS	2000uS	10000uS	8000uS	1000uS	50000uS	5000uS	12000uS	12000uS	10000uS
Bias 6				 	 	 	 	 	 	 	 	 	 	 	 	 	 	 
3	17	6	1	1.31000E-002	1.20000E-003	9.00000E-004	3.50580E-009	1.60000E-009	1.03419E-008	3.50150E+000	7.57965E+002	7.60455E+002	2.48970E+000	5.68164E-001	7.98100E-001	1.41920E-009	1.82200E-009	3.74700E-010
7	15	6	5	1.32000E-002	1.20000E-003	9.00000E-004	3.37230E-009	1.40000E-009	5.19519E-007
11	13	6	1	1.32000E-002	1.20000E-003	9.00000E-004	3.68850E-009	1.20000E-009	8.72130E-009	3.53060E+000	7.60131E+002	7.62435E+002	2.30360E+000	5.59231E-001	7.99400E-001	1.03040E-009	1.94380E-009	2.47310E-009
20	9	8	1	1.32000E-002	1.20000E-003	9.00000E-004	3.64870E-009	1.50000E-009	8.38400E-009	3.58680E+000	7.14351E+002	7.18624E+002	4.27230E+000	5.61865E-001	7.99400E-001	1.24120E-009	1.77980E-009	2.72600E-009
24	11	8	1	1.32000E-002	1.20000E-003	9.00000E-004	3.42850E-009	1.60000E-009	2.56670E-009	3.47960E+000	7.79833E+002	7.82254E+002	2.42100E+000	5.52394E-001	7.96700E-001	1.14750E-009	1.90400E-009	3.20370E-009
28	13	8	1	1.32000E-002	1.30000E-003	9.00000E-004	3.87820E-009	1.70000E-009	1.30959E-008	3.46130E+000	7.84301E+002	7.86855E+002	2.55380E+000	5.63104E-001	7.97300E-001	1.21080E-009	1.70490E-009	1.66740E-009
32	15	8	1	1.33000E-002	1.30000E-003	1.00000E-003	4.03980E-009	1.80000E-009	8.54330E-009	3.45820E+000	7.75981E+002	7.77592E+002	1.61190E+000	5.72812E-001	7.97400E-001	1.40280E-009	1.79860E-009	0.00000E+000
36	17	8	1	1.32000E-002	1.30000E-003	9.00000E-004	3.96020E-009	1.50000E-009	8.86180E-009	3.45200E+000	7.77828E+002	7.79937E+002	2.10860E+000	5.68898E-001	7.98700E-001	1.13820E-009	2.00700E-009	3.74700E-010
40	19	8	1	1.31000E-002	1.30000E-003	9.00000E-004	4.65570E-009	1.30000E-009	1.02201E-008	3.44540E+000	7.80242E+002	7.80660E+002	4.18600E-001	5.58683E-001	7.97300E-001	8.73500E-010	1.82670E-009	1.76110E-009
45	21	10	1	1.32000E-002	1.30000E-003	1.00000E-003	3.75170E-009	1.40000E-009	7.96250E-009	3.45650E+000	7.83055E+002	7.85343E+002	2.28830E+000	5.57903E-001	7.96700E-001	1.14990E-009	1.74940E-009	1.09600E-009
49	19	10	1	1.32000E-002	1.30000E-003	9.00000E-004	4.51520E-009	1.60000E-009	6.73530E-009	3.45820E+000	7.66757E+002	7.68514E+002	1.75760E+000	5.76866E-001	7.97500E-001	1.23420E-009	1.94380E-009	2.52930E-009
53	17	10	1	1.33000E-002	1.30000E-003	9.00000E-004	5.17090E-009	1.50000E-009	6.81030E-009	3.45340E+000	7.59970E+002	7.61897E+002	1.92660E+000	5.80707E-001	7.96700E-001	1.17100E-009	1.74000E-009	1.89230E-009
57	15	10	1	1.32000E-002	1.30000E-003	1.00000E-003	5.03510E-009	1.40000E-009	3.02570E-009	3.46010E+000	7.59687E+002	7.61290E+002	1.60280E+000	5.82594E-001	7.97300E-001	1.09840E-009	1.82430E-009	1.87350E-009
61	13	10	1	1.33000E-002	1.30000E-003	1.00000E-003	4.77980E-009	1.70000E-009	5.01170E-009	3.47260E+000	7.71043E+002	7.72873E+002	1.83020E+000	5.75271E-001	7.96900E-001	1.40510E-009	1.92270E-009	1.57380E-009
65	11	10	1	1.32000E-002	1.20000E-003	1.00000E-003	3.43560E-009	1.40000E-009	7.21310E-009	3.47640E+000	7.82196E+002	7.83847E+002	1.65200E+000	5.70558E-001	7.96800E-001	1.14520E-009	1.85710E-009	2.28570E-009
69	9	10	1	1.31000E-002	1.30000E-003	9.00000E-004	3.72830E-009	1.70000E-009	1.09600E-009	3.47430E+000	7.80106E+002	7.82345E+002	2.23840E+000	5.57707E-001	7.96100E-001	1.27870E-009	1.93910E-009	2.41680E-009
73	7	10	3	1.32000E-002	1.20000E-003	8.00000E-004	1.38720E-005
79	7	12	1	1.32000E-002	1.20000E-003	9.00000E-004	3.31150E-009	1.70000E-009	1.40500E-010	3.49940E+000	7.66414E+002	7.68255E+002	1.84050E+000	5.60772E-001	7.96300E-001	1.25060E-009	1.79390E-009	2.77280E-009
83	9	12	1	1.32000E-002	1.30000E-003	9.00000E-004	3.44960E-009	1.50000E-009	7.21300E-010	3.46770E+000	7.80697E+002	7.82210E+002	1.51380E+000	5.66313E-001	7.95800E-001	1.05390E-009	1.82200E-009	2.07960E-009
87	11	12	1	1.32000E-002	1.30000E-003	9.00000E-004	4.75880E-009	1.20000E-009	1.95780E-009	3.46930E+000	7.68784E+002	7.70343E+002	1.55950E+000	5.73505E-001	7.96000E-001	9.55500E-010	1.91800E-009	2.75410E-009
91	13	12	1	1.32000E-002	1.30000E-003	1.00000E-003	5.83130E-009	1.60000E-009	3.19440E-009	3.47050E+000	7.66085E+002	7.67733E+002	1.64760E+000	5.72637E-001	7.96700E-001	1.21310E-009	1.63460E-009	2.47310E-009
95	15	12	1	1.32000E-002	1.30000E-003	1.00000E-003	5.89930E-009	1.70000E-009	1.29270E-009	3.45130E+000	7.64813E+002	7.66397E+002	1.58420E+000	5.79331E-001	7.96100E-001	1.37700E-009	1.83370E-009	2.70720E-009
99	17	12	1	1.33000E-002	1.30000E-003	1.00000E-003	6.18970E-009	1.50000E-009	7.58800E-010	3.45800E+000	7.63197E+002	7.64820E+002	1.62310E+000	5.75174E-001	7.96400E-001	1.15220E-009	1.78690E-009	2.60420E-009
103	19	12	1	1.32000E-002	1.40000E-003	1.00000E-003	5.24120E-009	1.50000E-009	5.04910E-009	3.44540E+000	7.61515E+002	7.63173E+002	1.65790E+000	5.72962E-001	7.96900E-001	1.12880E-009	1.88520E-009	2.82900E-009
107	21	12	1	1.32000E-002	1.40000E-003	1.00000E-003	4.19440E-009	1.50000E-009	5.70490E-009	3.45240E+000	7.77705E+002	7.79167E+002	1.46220E+000	5.65882E-001	7.97100E-001	1.20610E-009	1.98830E-009	1.87400E-010
111	23	12	1	1.31000E-002	1.30000E-003	9.00000E-004	3.65810E-009	1.40000E-009	4.14050E-009	3.47370E+000	7.80815E+002	7.82835E+002	2.01960E+000	5.50798E-001	7.97000E-001	1.58550E-009	1.80560E-009	2.62300E-010
113	23	14	1	1.33000E-002	1.30000E-003	1.00000E-003	3.46840E-009	1.70000E-009	3.88760E-009	3.47910E+000	7.87873E+002	7.89704E+002	1.83170E+000	5.54629E-001	7.97300E-001	1.26930E-009	1.92040E-009	1.59250E-009
117	21	14	1	1.32000E-002	1.40000E-003	9.00000E-004	4.68850E-009	1.20000E-009	4.06550E-009	3.45730E+000	7.72697E+002	7.74556E+002	1.85870E+000	5.61772E-001	7.96900E-001	1.00700E-009	1.97190E-009	2.43560E-009
121	19	14	1	1.31000E-002	1.20000E-003	9.00000E-004	6.14280E-009	1.60000E-009	3.68150E-009	3.46040E+000	7.68181E+002	7.69810E+002	1.62900E+000	5.66660E-001	7.96700E-001	1.04450E-009	1.92270E-009	1.37700E-009
125	17	14	1	1.32000E-002	1.30000E-003	9.00000E-004	6.52690E-009	1.50000E-009	1.25530E-009	3.45270E+000	7.67079E+002	7.68696E+002	1.61710E+000	5.72820E-001	7.95800E-001	1.09370E-009	1.75170E-009	5.62100E-010
129	15	14	1	1.32000E-002	1.30000E-003	9.00000E-004	6.32310E-009	1.60000E-009	2.32320E-009	3.44170E+000	7.64494E+002	7.66050E+002	1.55590E+000	5.73049E-001	7.95800E-001	1.24820E-009	1.81260E-009	3.46600E-009
133	13	14	1	1.32000E-002	1.30000E-003	9.00000E-004	6.06550E-009	1.50000E-009	1.45200E-009	3.45880E+000	7.68576E+002	7.70118E+002	1.54180E+000	5.73374E-001	7.96600E-001	1.04210E-009	1.62060E-009	3.25060E-009
137	11	14	1	1.32000E-002	1.30000E-003	9.00000E-004	5.33250E-009	1.60000E-009	1.92040E-009	3.46610E+000	7.70942E+002	7.72635E+002	1.69370E+000	5.61112E-001	7.95800E-001	1.13580E-009	1.74240E-009	1.88290E-009
141	9	14	1	1.32000E-002	1.30000E-003	1.00000E-003	4.09830E-009	1.70000E-009	6.71660E-009	3.46150E+000	7.64281E+002	7.66218E+002	1.93660E+000	5.66582E-001	7.95400E-001	1.36060E-009	1.83140E-009	4.68400E-010
145	7	14	1	1.31000E-002	1.30000E-003	9.00000E-004	3.09830E-009	1.30000E-009	1.04920E-009	3.47270E+000	7.79817E+002	7.81873E+002	2.05660E+000	5.56239E-001	7.95600E-001	1.36060E-009	1.73300E-009	2.10770E-009
151	5	16	3	1.33000E-002	1.10000E-003	9.00000E-004	1.38690E-005
155	7	16	1	1.31000E-002	1.20000E-003	9.00000E-004	3.54330E-009	1.50000E-009	3.86880E-009	3.46320E+000	7.84958E+002	7.86735E+002	1.77690E+000	5.58237E-001	7.96500E-001	1.30440E-009	1.70720E-009	1.97660E-009
159	9	16	1	1.31000E-002	1.30000E-003	9.00000E-004	4.34660E-009	1.50000E-009	6.12640E-009	3.47040E+000	7.60562E+002	7.62121E+002	1.55870E+000	5.72953E-001	7.97700E-001	1.15220E-009	1.93440E-009	2.65100E-009
163	11	16	1	1.32000E-002	1.20000E-003	1.00000E-003	5.48940E-009	1.70000E-009	5.65800E-009	3.47510E+000	7.71926E+002	7.73786E+002	1.85930E+000	5.62429E-001	7.96100E-001	1.31850E-009	2.02340E-009	9.40000E-012
167	13	16	1	1.32000E-002	1.30000E-003	9.00000E-004	6.03510E-009	1.30000E-009	1.06790E-009	3.44870E+000	7.65053E+002	7.67094E+002	2.04070E+000	5.68287E-001	7.96700E-001	1.18970E-009	1.96490E-009	1.45200E-009
171	15	16	1	1.32000E-002	1.30000E-003	1.00000E-003	6.19200E-009	1.40000E-009	8.43100E-010	3.43700E+000	7.66158E+002	7.67693E+002	1.53520E+000	5.70296E-001	7.96900E-001	1.03040E-009	2.03510E-009	2.29510E-009
175	17	16	1	1.31000E-002	1.30000E-003	9.00000E-004	6.38870E-009	1.60000E-009	2.16390E-009	3.44590E+000	7.69801E+002	7.71633E+002	1.83230E+000	5.71153E-001	7.96200E-001	1.06090E-009	1.80560E-009	2.21080E-009
179	19	16	1	1.32000E-002	1.30000E-003	1.00000E-003	5.88520E-009	1.60000E-009	2.49180E-009	3.45310E+000	7.68506E+002	7.70094E+002	1.58790E+000	5.67925E-001	7.96500E-001	1.10300E-009	1.86420E-009	1.40510E-009
183	21	16	1	1.33000E-002	1.40000E-003	1.00000E-003	5.62060E-009	1.80000E-009	4.65570E-009	3.43630E+000	7.71898E+002	7.73561E+002	1.66360E+000	5.66559E-001	7.97100E-001	1.34660E-009	1.66980E-009	1.67680E-009
187	23	16	1	1.32000E-002	1.40000E-003	9.00000E-004	3.38410E-009	1.50000E-009	2.45430E-009	3.47500E+000	7.90646E+002	7.91966E+002	1.31980E+000	5.61620E-001	7.97700E-001	1.33250E-009	1.75640E-009	2.54800E-009
191	23	18	1	1.33000E-002	1.30000E-003	9.00000E-004	3.53860E-009	1.40000E-009	9.18000E-010	3.47240E+000	7.91002E+002	7.92481E+002	1.47920E+000	5.60847E-001	7.97700E-001	1.29980E-009	1.88760E-009	2.01400E-009
195	21	18	1	1.32000E-002	1.30000E-003	1.00000E-003	4.88520E-009	1.50000E-009	4.37470E-009	3.40070E+000	7.75216E+002	7.76850E+002	1.63380E+000	5.65034E-001	7.96300E-001	1.09600E-009	2.07730E-009	1.88290E-009
199	19	18	1	1.31000E-002	1.40000E-003	9.00000E-004	5.89930E-009	1.70000E-009	6.65100E-010	3.44250E+000	7.73407E+002	7.74872E+002	1.46480E+000	5.68229E-001	7.96500E-001	1.25290E-009	2.05150E-009	8.24400E-010
203	17	18	1	1.32000E-002	1.40000E-003	9.00000E-004	5.91330E-009	1.30000E-009	1.46130E-009	3.43680E+000	7.73042E+002	7.74787E+002	1.74530E+000	5.69142E-001	7.95800E-001	9.74200E-010	1.75170E-009	2.39810E-009
207	15	18	1	1.32000E-002	1.30000E-003	1.00000E-003	6.66970E-009	1.60000E-009	3.84100E-010	3.43370E+000	7.59758E+002	7.61762E+002	2.00370E+000	5.61866E-001	7.97200E-001	1.26930E-009	1.81970E-009	1.24590E-009
211	13	18	1	1.31000E-002	1.30000E-003	1.00000E-003	6.22240E-009	1.40000E-009	1.77050E-009	3.44870E+000	7.68871E+002	7.70391E+002	1.52060E+000	5.69334E-001	7.95800E-001	8.12600E-010	1.73540E-009	1.73300E-009
215	11	18	1	1.32000E-002	1.20000E-003	1.00000E-003	5.63930E-009	1.60000E-009	5.30210E-009	3.47520E+000	7.72726E+002	7.74252E+002	1.52590E+000	5.65812E-001	7.96900E-001	1.13350E-009	1.97420E-009	2.25760E-009
219	9	18	1	1.31000E-002	1.30000E-003	9.00000E-004	5.05380E-009	1.50000E-009	3.87820E-009	3.45510E+000	7.59495E+002	7.61090E+002	1.59530E+000	5.74124E-001	7.97100E-001	1.18730E-009	1.52930E-009	2.66980E-009
223	7	18	1	1.33000E-002	1.30000E-003	1.00000E-003	3.30680E-009	1.50000E-009	3.66270E-009	3.46400E+000	7.84020E+002	7.86187E+002	2.16660E+000	5.58877E-001	7.97200E-001	1.11240E-009	1.86650E-009	2.90400E-009
231	7	20	1	1.32000E-002	1.20000E-003	9.00000E-004	3.23890E-009	1.40000E-009	5.62990E-009	3.45030E+000	7.82043E+002	7.83908E+002	1.86500E+000	5.56810E-001	7.97000E-001	1.01170E-009	1.67680E-009	1.31150E-009
235	9	20	1	1.31000E-002	1.30000E-003	9.00000E-004	3.96480E-009	1.50000E-009	7.93440E-009	3.45030E+000	7.58045E+002	7.59529E+002	1.48370E+000	5.76466E-001	7.96600E-001	1.28570E-009	1.79860E-009	1.52690E-009
239	11	20	1	1.32000E-002	1.30000E-003	9.00000E-004	5.62290E-009	1.80000E-009	3.85010E-009	3.47540E+000	7.71029E+002	7.73566E+002	2.53680E+000	5.66579E-001	7.96400E-001	1.33720E-009	1.87820E-009	4.02800E-010
243	13	20	1	1.32000E-002	1.40000E-003	1.00000E-003	6.41920E-009	1.40000E-009	9.55500E-010	3.44830E+000	7.66845E+002	7.68403E+002	1.55780E+000	5.72352E-001	7.96300E-001	1.04210E-009	1.85240E-009	2.97890E-009
247	15	20	1	1.32000E-002	1.30000E-003	1.00000E-003	6.55730E-009	1.70000E-009	1.48950E-009	3.43320E+000	7.65875E+002	7.67390E+002	1.51500E+000	5.73319E-001	7.96400E-001	1.18270E-009	2.03980E-009	6.93200E-010
251	17	20	1	1.33000E-002	1.30000E-003	1.00000E-003	6.33250E-009	1.20000E-009	2.13580E-009	3.43370E+000	7.65919E+002	7.67507E+002	1.58800E+000	5.70414E-001	7.96200E-001	8.15000E-010	1.75170E-009	2.54800E-009
255	19	20	1	1.32000E-002	1.40000E-003	9.00000E-004	6.39340E-009	1.60000E-009	1.05850E-009	3.45080E+000	7.74197E+002	7.75653E+002	1.45570E+000	5.70979E-001	7.95800E-001	1.07490E-009	2.01640E-009	1.24590E-009
259	21	20	1	1.32000E-002	1.40000E-003	1.00000E-003	4.76580E-009	1.70000E-009	6.56670E-009	3.45910E+000	7.75105E+002	7.77008E+002	1.90340E+000	5.67662E-001	7.95800E-001	1.12650E-009	1.66280E-009	2.05150E-009
263	23	20	1	1.31000E-002	1.30000E-003	9.00000E-004	4.14750E-009	1.50000E-009	2.40750E-009	3.47600E+000	7.90989E+002	7.92912E+002	1.92320E+000	5.57600E-001	7.96900E-001	1.40980E-009	1.92270E-009	1.33020E-009
265	23	22	1	1.32000E-002	1.20000E-003	8.00000E-004	4.14050E-009	1.10000E-009	1.49880E-009	3.44880E+000	7.84283E+002	7.86202E+002	1.91890E+000	5.51407E-001	7.95100E-001	2.27630E-009	1.47070E-009	1.22720E-009
266	21	22	1	1.32000E-002	1.30000E-003	1.00000E-003	4.34420E-009	1.60000E-009	5.05900E-010	3.46370E+000	7.78409E+002	7.79985E+002	1.57660E+000	5.70802E-001	7.95000E-001	1.07490E-009	1.96020E-009	2.45430E-009
270	19	22	1	1.32000E-002	1.30000E-003	9.00000E-004	5.45200E-009	1.50000E-009	1.88290E-009	3.45410E+000	7.64784E+002	7.66358E+002	1.57390E+000	5.70954E-001	7.95900E-001	9.90600E-010	1.81260E-009	2.80090E-009
274	17	22	1	1.33000E-002	1.30000E-003	9.00000E-004	6.04450E-009	1.60000E-009	1.45200E-009	3.45260E+000	7.71106E+002	7.72578E+002	1.47120E+000	5.76526E-001	7.96300E-001	1.25760E-009	1.98590E-009	2.45430E-009
278	15	22	1	1.33000E-002	1.30000E-003	1.00000E-003	6.47770E-009	1.70000E-009	2.46370E-009	3.44620E+000	7.66065E+002	7.67509E+002	1.44410E+000	5.76370E-001	7.96400E-001	9.36800E-010	1.75410E-009	3.16630E-009
282	13	22	1	1.32000E-002	1.30000E-003	9.00000E-004	6.20370E-009	1.40000E-009	1.66740E-009	3.46640E+000	7.62492E+002	7.64010E+002	1.51800E+000	5.79349E-001	7.96900E-001	1.03510E-009	1.70490E-009	3.13820E-009
286	11	22	1	1.32000E-002	1.30000E-003	9.00000E-004	5.71660E-009	1.60000E-009	4.03740E-009	3.46990E+000	7.61715E+002	7.63364E+002	1.64870E+000	5.70840E-001	7.96200E-001	1.37940E-009	1.72600E-009	1.39580E-009
290	9	22	1	1.32000E-002	1.30000E-003	9.00000E-004	3.76810E-009	1.60000E-009	9.26460E-009	3.46070E+000	7.66852E+002	7.68333E+002	1.48100E+000	5.75283E-001	7.96000E-001	1.33490E-009	1.74000E-009	2.15500E-010
294	7	22	1	1.31000E-002	1.30000E-003	9.00000E-004	2.65810E-009	1.70000E-009	3.70020E-009	3.49480E+000	7.77461E+002	7.78702E+002	1.24090E+000	5.56815E-001	7.96600E-001	1.36770E-009	1.90160E-009	1.58310E-009
300	9	24	1	1.33000E-002	1.20000E-003	9.00000E-004	3.75640E-009	1.70000E-009	5.43300E-010	3.46630E+000	7.82596E+002	7.84514E+002	1.91770E+000	5.61981E-001	7.95400E-001	1.16390E-009	1.96250E-009	9.27400E-010
304	11	24	1	1.31000E-002	1.30000E-003	9.00000E-004	5.01170E-009	1.60000E-009	3.44730E-009	3.46630E+000	7.66804E+002	7.68286E+002	1.48250E+000	5.75730E-001	7.96200E-001	1.21310E-009	1.76350E-009	1.27400E-009
308	13	24	1	1.33000E-002	1.30000E-003	1.00000E-003	5.52460E-009	1.60000E-009	7.58800E-010	3.46540E+000	7.61070E+002	7.62877E+002	1.80660E+000	5.75594E-001	7.95800E-001	1.48010E-009	1.85710E-009	1.20840E-009
312	15	24	1	1.32000E-002	1.30000E-003	1.00000E-003	5.62530E-009	1.80000E-009	1.62060E-009	3.45100E+000	7.64693E+002	7.66226E+002	1.53280E+000	5.74551E-001	7.96100E-001	1.44960E-009	1.79620E-009	5.90200E-010
316	17	24	1	1.32000E-002	1.30000E-003	1.00000E-003	5.18970E-009	1.40000E-009	1.82670E-009	3.45780E+000	7.65412E+002	7.66902E+002	1.48930E+000	5.73060E-001	7.95900E-001	1.31380E-009	1.60420E-009	2.62290E-009
320	19	24	1	1.31000E-002	1.40000E-003	1.00000E-003	4.36530E-009	1.40000E-009	7.49400E-010	3.45690E+000	7.66990E+002	7.68582E+002	1.59140E+000	5.76904E-001	7.96500E-001	1.37240E-009	1.90870E-009	8.05600E-010
324	21	24	1	1.33000E-002	1.30000E-003	9.00000E-004	3.90160E-009	1.90000E-009	2.37000E-009	3.46480E+000	7.86232E+002	7.88025E+002	1.79340E+000	5.66230E-001	7.95400E-001	1.03040E-009	2.09130E-009	1.50820E-009
327	19	26	1	1.34000E-002	1.30000E-003	9.00000E-004	4.09600E-009	1.80000E-009	1.26460E-009	3.46390E+000	7.84759E+002	7.87347E+002	2.58750E+000	5.67478E-001	7.95200E-001	9.78900E-010	1.69320E-009	1.33020E-009
330	17	26	1	1.33000E-002	1.30000E-003	1.00000E-003	3.87350E-009	1.40000E-009	8.89900E-010	3.46090E+000	7.74444E+002	7.76077E+002	1.63330E+000	5.74489E-001	7.96100E-001	1.31620E-009	1.86420E-009	1.69550E-009
334	15	26	1	1.32000E-002	1.30000E-003	1.00000E-003	4.33720E-009	1.50000E-009	1.63930E-009	3.44510E+000	7.69973E+002	7.71456E+002	1.48250E+000	5.74557E-001	7.96100E-001	1.43560E-009	1.80330E-009	2.65100E-009
338	13	26	1	1.31000E-002	1.40000E-003	1.00000E-003	4.13580E-009	1.60000E-009	1.73300E-009	3.46210E+000	7.70139E+002	7.71757E+002	1.61820E+000	5.76522E-001	7.96500E-001	1.23180E-009	2.01170E-009	2.55740E-009
342	11	26	1	1.32000E-002	1.20000E-003	9.00000E-004	4.26700E-009	1.50000E-009	8.33700E-010	3.46170E+000	7.85259E+002	7.85881E+002	6.21600E-001	5.58471E-001	7.95400E-001	1.04450E-009	1.99760E-009	1.24590E-009
346	9	26	1	1.32000E-002	1.20000E-003	9.00000E-004	3.76580E-009	1.40000E-009	1.01170E-009	3.49490E+000	7.63801E+002	7.66271E+002	2.47030E+000	5.66412E-001	7.96700E-001	1.81030E-009	2.08430E-009	2.15460E-009
350	13	28	1	1.34000E-002	1.20000E-003	8.00000E-004	3.99060E-009	1.60000E-009	2.49180E-009	3.47070E+000	7.75980E+002	7.77930E+002	1.95060E+000	5.55294E-001	7.95300E-001	1.57610E-009	1.95310E-009	3.30680E-009
352	15	28	1	1.34000E-002	1.20000E-003	8.00000E-004	3.49410E-009	1.40000E-009	2.53860E-009	3.45490E+000	7.78789E+002	7.80946E+002	2.15670E+000	5.56485E-001	7.95700E-001	1.63930E-009	1.51520E-009	2.00470E-009
354	17	28	1	1.32000E-002	1.20000E-003	9.00000E-004	3.72130E-009	1.30000E-009	2.65100E-009	3.46690E+000	7.77422E+002	7.79714E+002	2.29160E+000	5.59381E-001	7.95900E-001	1.99760E-009	1.58780E-009	1.07730E-009

4	18	6	1	1.31000E-002	2.40000E-003	2.00000E-003	3.91050E-009	1.40000E-009	8.66400E-009	3.54990E+000	7.40256E+002	7.44077E+002	3.82060E+000	5.65626E-001	7.98500E-001	1.92710E-009	2.03020E-009	3.19400E-009
8	16	6	1	1.32000E-002	2.40000E-003	2.00000E-003	3.65290E-009	1.70000E-009	6.74478E-008	3.50190E+000	7.65744E+002	7.67639E+002	1.89460E+000	5.67895E-001	7.97300E-001	1.68130E-009	2.49620E-009	3.69040E-009
12	14	6	1	1.32000E-002	2.40000E-003	2.00000E-003	3.77230E-009	1.60000E-009	3.57800E-009	3.50530E+000	7.66045E+002	7.67293E+002	1.24840E+000	5.66817E-001	7.97900E-001	1.44240E-009	2.22690E-009	1.33000E-009
15	12	6	1	1.37000E-002	2.30000E-003	2.00000E-003	4.60360E-009	2.00000E-010	2.44558E-008	3.58080E+000	7.14825E+002	7.18199E+002	3.37330E+000	5.63398E-001	7.98800E-001	2.08400E-009	2.22690E-009	2.88490E-009
21	10	8	1	1.32000E-002	2.40000E-003	2.00000E-003	3.75130E-009	2.00000E-009	3.09100E-010	3.51020E+000	7.71655E+002	7.74087E+002	2.43220E+000	5.61104E-001	7.95400E-001	1.82880E-009	2.03490E-009	7.11900E-010
25	12	8	1	1.32000E-002	2.40000E-003	2.00000E-003	4.08140E-009	1.80000E-009	4.33670E-009	3.45650E+000	7.82272E+002	7.84608E+002	2.33570E+000	5.57330E-001	7.96100E-001	1.49160E-009	2.08870E-009	1.30190E-009
29	14	8	1	1.32000E-002	2.40000E-003	2.00000E-003	4.40930E-009	2.10000E-009	5.64800E-009	3.46180E+000	7.80165E+002	7.81948E+002	1.78280E+000	5.70238E-001	7.96400E-001	1.72810E-009	1.91780E-009	2.18240E-009
33	16	8	1	1.33000E-002	2.50000E-003	2.10000E-003	4.54740E-009	2.10000E-009	6.43480E-009	3.45200E+000	7.79430E+002	7.80920E+002	1.48970E+000	5.70958E-001	7.96400E-001	1.81480E-009	2.11680E-009	1.78900E-009
37	18	8	1	1.32000E-002	2.50000E-003	2.10000E-003	4.12120E-009	2.00000E-009	5.43250E-009	3.46840E+000	7.81868E+002	7.84511E+002	2.64300E+000	5.63045E-001	7.98100E-001	1.62510E-009	2.26670E-009	1.57360E-009
41	20	8	1	1.31000E-002	2.50000E-003	2.10000E-003	3.72550E-009	1.80000E-009	2.94110E-009	3.47150E+000	7.74783E+002	7.76916E+002	2.13290E+000	5.57262E-001	7.95500E-001	1.38390E-009	2.04190E-009	1.57360E-009
46	22	10	1	1.32000E-002	2.40000E-003	2.00000E-003	3.49370E-009	1.80000E-009	8.33600E-010	3.47600E+000	7.76333E+002	7.78424E+002	2.09090E+000	5.58187E-001	7.95200E-001	1.58290E-009	1.92480E-009	1.30190E-009
50	20	10	1	1.32000E-002	2.40000E-003	2.00000E-003	4.37180E-009	1.90000E-009	3.17520E-009	3.45540E+000	7.78677E+002	7.80289E+002	1.61220E+000	5.68574E-001	7.96300E-001	1.55950E-009	2.15430E-009	1.32070E-009
54	18	10	1	1.33000E-002	2.40000E-003	2.00000E-003	5.28030E-009	1.70000E-009	4.33670E-009	3.46170E+000	7.66746E+002	7.68696E+002	1.94940E+000	5.76416E-001	7.96500E-001	1.54780E-009	2.00440E-009	2.08870E-009
58	16	10	1	1.32000E-002	2.40000E-003	2.00000E-003	5.32950E-009	1.80000E-009	2.36970E-009	3.45880E+000	7.63984E+002	7.65733E+002	1.74850E+000	5.77904E-001	7.95200E-001	1.57120E-009	1.98570E-009	4.68300E-010
62	14	10	1	1.33000E-002	2.50000E-003	2.00000E-003	5.54730E-009	2.10000E-009	2.21050E-009	3.46320E+000	7.64572E+002	7.66157E+002	1.58490E+000	5.79749E-001	7.95400E-001	1.91780E-009	2.10280E-009	1.92950E-009
66	12	10	1	1.32000E-002	2.40000E-003	2.10000E-003	4.27810E-009	1.70000E-009	6.65000E-010	3.46090E+000	7.72273E+002	7.73867E+002	1.59490E+000	5.77219E-001	7.95200E-001	1.47050E-009	2.02080E-009	1.26450E-009
70	10	10	1	1.31000E-002	2.40000E-003	2.10000E-003	4.07440E-009	2.00000E-009	1.00220E-009	3.46760E+000	7.84595E+002	7.86434E+002	1.83980E+000	5.62031E-001	7.95100E-001	1.58290E-009	2.23160E-009	1.49860E-009
74	8	10	1	1.32000E-002	2.40000E-003	2.00000E-003	4.79330E-009	1.70000E-009	1.62980E-009	3.51170E+000	7.66319E+002	7.68126E+002	1.80700E+000	5.59908E-001	7.95800E-001	1.95760E-009	2.53130E-009	1.21800E-010
77	6	12	3	1.35000E-002	2.30000E-003	1.90000E-003	1.38580E-005
80	8	12	1	1.32000E-002	2.40000E-003	2.10000E-003	3.62250E-009	2.00000E-009	4.87100E-010	3.46170E+000	7.81828E+002	7.83669E+002	1.84110E+000	5.57565E-001	7.94700E-001	1.66490E-009	2.06060E-009	1.37690E-009
84	10	12	1	1.32000E-002	2.40000E-003	2.00000E-003	4.14230E-009	1.80000E-009	2.43500E-010	3.45990E+000	7.68473E+002	7.70047E+002	1.57320E+000	5.74915E-001	7.94400E-001	1.51030E-009	1.97160E-009	1.52670E-009
88	12	12	1	1.32000E-002	2.50000E-003	2.10000E-003	5.70180E-009	1.70000E-009	4.21500E-010	3.46100E+000	7.60750E+002	7.62237E+002	1.48710E+000	5.76547E-001	7.94900E-001	1.33000E-009	2.11680E-009	7.30600E-010
92	14	12	1	1.32000E-002	2.40000E-003	2.10000E-003	6.51200E-009	1.80000E-009	7.68000E-010	3.46740E+000	7.67773E+002	7.69339E+002	1.56680E+000	5.76809E-001	7.95700E-001	1.66020E-009	1.73750E-009	1.46120E-009
96	16	12	1	1.32000E-002	2.50000E-003	2.10000E-003	6.29430E-009	1.90000E-009	2.90400E-010	3.45390E+000	7.67322E+002	7.68900E+002	1.57840E+000	5.78279E-001	7.95600E-001	1.72810E-009	2.12850E-009	1.77960E-009
100	18	12	1	1.33000E-002	2.50000E-003	2.10000E-003	6.15380E-009	2.00000E-009	1.53610E-009	3.46500E+000	7.66083E+002	7.67853E+002	1.76970E+000	5.70239E-001	7.95500E-001	1.59930E-009	1.97400E-009	1.13330E-009
104	20	12	1	1.32000E-002	2.50000E-003	2.10000E-003	4.87060E-009	1.80000E-009	1.68600E-009	3.45100E+000	7.69301E+002	7.71191E+002	1.89010E+000	5.69366E-001	7.96200E-001	1.55010E-009	2.00680E-009	9.74100E-010
108	22	12	1	1.32000E-002	2.50000E-003	2.10000E-003	4.21720E-009	1.80000E-009	3.56860E-009	3.45810E+000	7.85589E+002	7.87671E+002	2.08220E+000	5.60009E-001	7.96100E-001	1.69770E-009	2.21750E-009	1.72340E-009
114	24	14	1	1.33000E-002	2.50000E-003	2.00000E-003	3.27830E-009	1.80000E-009	3.46600E-010	3.46970E+000	7.78109E+002	7.80008E+002	1.89940E+000	5.53362E-001	7.95100E-001	1.64380E-009	2.17070E-009	1.12400E-009
118	22	14	1	1.32000E-002	2.50000E-003	2.00000E-003	4.36940E-009	1.60000E-009	4.40200E-010	3.46720E+000	7.78620E+002	7.80167E+002	1.54690E+000	5.66602E-001	7.96700E-001	1.45880E-009	2.18240E-009	9.92800E-010
122	20	14	1	1.31000E-002	2.50000E-003	2.10000E-003	5.72520E-009	1.90000E-009	1.15210E-009	3.45930E+000	7.70946E+002	7.72452E+002	1.50520E+000	5.59345E-001	7.95700E-001	1.49630E-009	2.18940E-009	1.11460E-009
126	18	14	1	1.32000E-002	2.50000E-003	2.10000E-003	6.44880E-009	1.80000E-009	1.16140E-009	3.47040E+000	7.73303E+002	7.75036E+002	1.73310E+000	5.66784E-001	7.95500E-001	1.45180E-009	1.99270E-009	3.09100E-010
130	16	14	1	1.32000E-002	2.50000E-003	2.00000E-003	6.71110E-009	1.90000E-009	1.73280E-009	3.44940E+000	7.68717E+002	7.70413E+002	1.69570E+000	5.70914E-001	7.94800E-001	1.56190E-009	1.96700E-009	2.52900E-010
134	14	14	1	1.32000E-002	2.50000E-003	2.00000E-003	6.60100E-009	1.80000E-009	8.43000E-010	3.44780E+000	7.67422E+002	7.68851E+002	1.42960E+000	5.75084E-001	7.95100E-001	1.34410E-009	1.81940E-009	1.15210E-009
138	12	14	1	1.32000E-002	2.50000E-003	2.00000E-003	6.22870E-009	1.90000E-009	5.05800E-010	3.46660E+000	7.67355E+002	7.68810E+002	1.45500E+000	5.69727E-001	7.94700E-001	1.51970E-009	1.98570E-009	3.09100E-010
142	10	14	1	1.32000E-002	2.40000E-003	2.00000E-003	5.12110E-009	2.10000E-009	3.65300E-010	3.46490E+000	7.64235E+002	7.65697E+002	1.46220E+000	5.63967E-001	7.93900E-001	1.90840E-009	1.97870E-009	1.12400E-009
146	8	14	1	1.31000E-002	2.50000E-003	2.10000E-003	3.60610E-009	1.60000E-009	9.92800E-010	3.47470E+000	7.80259E+002	7.81840E+002	1.58060E+000	5.66276E-001	7.94800E-001	1.46120E-009	1.91780E-009	5.05800E-010
149	6	14	1	1.35000E-002	2.30000E-003	2.00000E-003	4.35540E-009	1.70000E-009	8.06450E-009	3.55140E+000	7.49077E+002	7.52813E+002	3.73520E+000	5.62000E-001	7.98800E-001	1.72340E-009	2.22920E-009	1.40500E-009
152	6	16	1	1.33000E-002	2.40000E-003	2.00000E-003	4.86120E-009	1.70000E-009	2.66010E-009	3.50910E+000	7.73303E+002	7.75515E+002	2.21120E+000	5.55775E-001	7.97200E-001	1.68600E-009	2.09570E-009	6.65000E-010
156	8	16	1	1.31000E-002	2.50000E-003	2.10000E-003	3.99710E-009	2.00000E-009	1.25510E-009	3.47020E+000	7.71082E+002	7.72818E+002	1.73590E+000	5.72968E-001	7.95700E-001	1.73280E-009	1.97870E-009	2.19170E-009
160	10	16	1	1.31000E-002	2.60000E-003	2.00000E-003	5.41150E-009	1.70000E-009	3.51240E-009	3.46930E+000	7.53703E+002	7.55291E+002	1.58770E+000	5.69630E-001	7.95800E-001	1.53140E-009	2.07000E-009	1.40500E-009
164	12	16	1	1.32000E-002	2.50000E-003	2.10000E-003	6.43480E-009	2.00000E-009	1.88270E-009	3.45690E+000	7.63576E+002	7.65069E+002	1.49280E+000	5.72513E-001	7.94500E-001	1.77260E-009	2.32520E-009	1.48930E-009
168	14	16	1	1.32000E-002	2.50000E-003	2.00000E-003	6.54480E-009	1.60000E-009	4.40200E-010	3.43780E+000	7.67396E+002	7.69236E+002	1.84010E+000	5.72702E-001	7.95200E-001	1.56420E-009	2.04890E-009	9.17900E-010
172	16	16	1	1.32000E-002	2.60000E-003	2.10000E-003	6.68760E-009	1.60000E-009	5.52600E-010	3.44150E+000	7.69417E+002	7.71248E+002	1.83150E+000	5.71172E-001	7.95100E-001	1.48220E-009	2.24330E-009	9.64700E-010
176	18	16	1	1.31000E-002	2.50000E-003	2.00000E-003	6.53080E-009	1.80000E-009	6.46300E-010	3.44880E+000	7.72459E+002	7.74701E+002	2.24200E+000	5.64975E-001	7.94900E-001	1.50570E-009	1.93650E-009	6.08800E-010
180	20	16	1	1.32000E-002	2.50000E-003	2.00000E-003	5.76040E-009	1.90000E-009	3.75000E-011	3.46120E+000	7.68989E+002	7.70771E+002	1.78200E+000	5.64695E-001	7.96300E-001	1.62510E-009	2.03490E-009	7.96100E-010
184	22	16	1	1.33000E-002	2.40000E-003	2.10000E-003	4.73240E-009	2.20000E-009	2.62300E-010	3.46700E+000	7.77076E+002	7.78637E+002	1.56140E+000	5.71238E-001	7.96300E-001	1.89670E-009	1.73980E-009	1.59230E-009
188	24	16	1	1.32000E-002	2.50000E-003	2.10000E-003	3.33680E-009	2.00000E-009	1.30190E-009	3.46100E+000	7.82234E+002	7.84080E+002	1.84650E+000	5.50640E-001	7.95500E-001	1.72110E-009	2.10750E-009	2.00440E-009
192	24	18	1	1.33000E-002	2.50000E-003	2.10000E-003	3.58740E-009	1.90000E-009	9.55400E-010	3.44340E+000	7.82466E+002	7.84301E+002	1.83500E+000	5.49461E-001	7.95100E-001	1.80540E-009	1.99510E-009	1.67660E-009
196	22	18	1	1.32000E-002	2.50000E-003	2.10000E-003	4.45140E-009	1.80000E-009	6.83800E-010	3.45820E+000	7.79691E+002	7.81053E+002	1.36190E+000	5.69595E-001	7.96300E-001	1.52910E-009	2.23620E-009	1.20830E-009
200	20	18	1	1.31000E-002	2.50000E-003	2.10000E-003	5.65500E-009	1.90000E-009	1.96700E-009	3.37900E+000	7.74355E+002	7.76349E+002	1.99420E+000	5.66010E-001	7.95300E-001	1.69300E-009	2.33460E-009	2.69750E-009
204	18	18	1	1.32000E-002	2.50000E-003	2.10000E-003	6.09290E-009	1.70000E-009	9.55400E-010	3.44630E+000	7.72899E+002	7.74540E+002	1.64010E+000	5.63641E-001	7.94800E-001	1.45650E-009	1.91310E-009	1.29260E-009
208	16	18	1	1.32000E-002	2.50000E-003	2.10000E-003	6.34580E-009	1.80000E-009	4.12100E-010	3.44160E+000	7.73037E+002	7.75636E+002	2.59870E+000	5.60037E-001	7.95200E-001	1.56650E-009	2.06760E-009	2.81000E-010
212	14	18	1	1.31000E-002	2.50000E-003	2.10000E-003	6.70170E-009	1.90000E-009	1.05840E-009	3.43610E+000	7.70367E+002	7.72825E+002	2.45750E+000	5.69650E-001	7.96300E-001	1.25510E-009	1.99040E-009	9.37000E-011
216	12	18	1	1.32000E-002	2.50000E-003	2.10000E-003	6.65490E-009	2.00000E-009	2.06100E-010	3.45630E+000	7.62574E+002	7.63959E+002	1.38530E+000	5.71616E-001	7.94500E-001	1.56890E-009	2.20580E-009	1.11460E-009
220	10	18	1	1.31000E-002	2.50000E-003	2.10000E-003	5.85170E-009	1.70000E-009	3.73720E-009	3.46330E+000	7.55169E+002	7.56712E+002	1.54390E+000	5.71044E-001	7.96000E-001	1.55480E-009	1.82650E-009	2.28540E-009
224	8	18	1	1.33000E-002	2.50000E-003	2.10000E-003	3.97140E-009	1.70000E-009	7.68000E-010	3.46130E+000	7.69052E+002	7.70731E+002	1.67910E+000	5.74651E-001	7.96200E-001	1.66020E-009	2.05830E-009	4.87100E-010
227	6	18	1	1.36000E-002	2.40000E-003	2.00000E-003	3.86370E-009	1.80000E-009	2.03250E-009	3.50630E+000	7.73693E+002	7.75904E+002	2.21020E+000	5.57655E-001	7.97200E-001	2.10280E-009	2.17770E-009	3.18500E-010
229	6	20	1	1.35000E-002	2.40000E-003	1.90000E-003	3.42810E-009	1.60000E-009	9.92800E-010	3.52640E+000	7.65998E+002	7.67840E+002	1.84220E+000	5.61235E-001	7.98000E-001	1.81010E-009	1.90370E-009	7.49300E-010
232	8	20	1	1.32000E-002	2.50000E-003	2.10000E-003	3.48900E-009	1.80000E-009	4.12120E-009	3.45600E+000	7.69138E+002	7.70812E+002	1.67380E+000	5.73423E-001	7.95700E-001	1.47990E-009	1.94350E-009	2.22920E-009
236	10	20	1	1.31000E-002	2.50000E-003	2.00000E-003	5.65030E-009	1.90000E-009	3.40940E-009	3.46660E+000	7.53161E+002	7.54714E+002	1.55310E+000	5.75000E-001	7.95400E-001	1.76320E-009	1.92250E-009	1.00220E-009
240	12	20	1	1.32000E-002	2.50000E-003	2.10000E-003	6.66660E-009	2.20000E-009	1.18020E-009	3.45050E+000	7.62920E+002	7.64544E+002	1.62400E+000	5.75360E-001	7.94900E-001	1.90610E-009	1.98800E-009	1.00220E-009
244	14	20	1	1.32000E-002	2.50000E-003	2.10000E-003	6.50030E-009	1.80000E-009	5.24500E-010	3.43940E+000	7.66994E+002	7.68389E+002	1.39490E+000	5.71925E-001	7.95300E-001	1.49630E-009	2.10980E-009	8.61700E-010
248	16	20	1	1.32000E-002	2.50000E-003	2.20000E-003	6.81410E-009	2.00000E-009	1.23640E-009	3.43440E+000	7.65879E+002	7.67405E+002	1.52580E+000	5.72492E-001	7.95600E-001	1.60630E-009	2.31350E-009	1.50800E-009
252	18	20	1	1.33000E-002	2.50000E-003	2.10000E-003	6.40670E-009	1.70000E-009	1.21760E-009	3.46010E+000	7.73878E+002	7.75469E+002	1.59100E+000	5.71239E-001	7.95100E-001	1.31360E-009	1.92250E-009	4.12100E-010
256	20	20	1	1.32000E-002	2.60000E-003	2.10000E-003	5.94070E-009	2.00000E-009	1.84520E-009	3.45200E+000	7.70393E+002	7.71919E+002	1.52700E+000	5.66640E-001	7.95400E-001	1.51030E-009	2.24090E-009	0.00000E+000
260	22	20	1	1.32000E-002	2.50000E-003	2.10000E-003	4.53340E-009	1.80000E-009	3.00660E-009	3.44610E+000	7.83020E+002	7.84776E+002	1.75660E+000	5.68639E-001	7.95200E-001	1.51270E-009	1.86860E-009	2.24790E-009
267	22	22	1	1.32000E-002	2.40000E-003	2.10000E-003	4.08610E-009	1.80000E-009	4.59000E-010	3.47380E+000	7.85496E+002	7.86847E+002	1.35100E+000	5.67093E-001	7.94200E-001	1.45180E-009	2.19170E-009	1.19890E-009
271	20	22	1	1.32000E-002	2.30000E-003	2.10000E-003	5.19840E-009	1.80000E-009	1.48930E-009	3.46270E+000	7.71153E+002	7.72668E+002	1.51560E+000	5.70057E-001	7.94600E-001	1.44950E-009	2.06300E-009	1.02090E-009
275	18	22	1	1.33000E-002	2.40000E-003	2.10000E-003	6.05310E-009	2.00000E-009	4.40200E-010	3.46840E+000	7.77890E+002	7.79476E+002	1.58680E+000	5.70718E-001	7.95100E-001	1.71640E-009	2.21750E-009	9.08500E-010
279	16	22	1	1.33000E-002	2.50000E-003	2.10000E-003	6.73680E-009	1.90000E-009	1.22700E-009	3.44260E+000	7.69024E+002	7.70502E+002	1.47790E+000	5.76101E-001	7.94900E-001	1.30430E-009	2.02320E-009	1.28320E-009
283	14	22	1	1.32000E-002	2.50000E-003	2.10000E-003	6.50730E-009	1.80000E-009	1.33940E-009	3.45210E+000	7.65479E+002	7.66863E+002	1.38410E+000	5.78686E-001	7.95400E-001	1.46120E-009	1.84520E-009	2.62300E-010
287	12	22	1	1.32000E-002	2.50000E-003	2.00000E-003	6.65020E-009	2.10000E-009	4.21500E-010	3.45780E+000	7.54337E+002	7.55957E+002	1.61990E+000	5.76225E-001	7.94500E-001	1.89900E-009	1.86160E-009	1.62980E-009
291	10	22	1	1.32000E-002	2.40000E-003	2.00000E-003	5.00640E-009	1.80000E-009	4.96420E-009	3.46440E+000	7.56145E+002	7.57608E+002	1.46330E+000	5.77649E-001	7.95200E-001	1.54550E-009	1.94350E-009	1.59200E-010
295	8	22	1	1.31000E-002	2.50000E-003	2.10000E-003	3.63650E-009	2.00000E-009	2.10750E-009	3.46220E+000	7.84027E+002	7.85784E+002	1.75620E+000	5.61639E-001	7.95200E-001	1.80300E-009	2.22920E-009	2.36970E-009
298	8	24	1	1.35000E-002	2.40000E-003	1.90000E-003	3.47030E-009	2.10000E-009	1.42370E-009	3.48440E+000	7.76095E+002	7.77900E+002	1.80500E+000	5.60324E-001	7.95100E-001	1.83110E-009	2.19170E-009	1.01160E-009
301	10	24	1	1.33000E-002	2.40000E-003	2.00000E-003	4.70200E-009	1.90000E-009	4.96400E-010	3.46770E+000	7.68941E+002	7.70677E+002	1.73560E+000	5.74052E-001	7.95000E-001	1.55950E-009	2.22450E-009	3.37200E-010
305	12	24	1	1.31000E-002	2.50000E-003	2.10000E-003	5.62920E-009	1.80000E-009	9.64700E-010	3.46080E+000	7.56880E+002	7.58404E+002	1.52360E+000	5.78703E-001	7.94700E-001	1.63440E-009	1.92710E-009	2.90400E-010
309	14	24	1	1.33000E-002	2.40000E-003	2.10000E-003	5.87280E-009	2.00000E-009	2.17300E-009	3.45830E+000	7.62385E+002	7.64181E+002	1.79530E+000	5.76153E-001	7.94800E-001	1.89200E-009	2.13560E-009	1.12400E-010
313	16	24	1	1.32000E-002	2.60000E-003	2.20000E-003	5.39510E-009	2.00000E-009	2.25730E-009	3.44960E+000	7.67567E+002	7.69036E+002	1.46850E+000	5.72035E-001	7.94700E-001	1.73050E-009	2.04190E-009	1.09590E-009
317	18	24	1	1.32000E-002	2.50000E-003	2.10000E-003	5.21240E-009	1.80000E-009	5.05800E-010	3.46590E+000	7.69039E+002	7.70612E+002	1.57290E+000	5.74199E-001	7.95300E-001	1.55480E-009	1.81010E-009	1.68600E-009
321	20	24	1	1.31000E-002	2.50000E-003	2.10000E-003	4.36480E-009	1.70000E-009	2.34160E-009	3.46490E+000	7.78118E+002	7.79510E+002	1.39240E+000	5.72250E-001	7.95100E-001	1.74450E-009	2.19880E-009	7.49000E-011
325	22	24	1	1.33000E-002	2.40000E-003	2.00000E-003	4.06270E-009	2.10000E-009	8.71100E-010	3.45700E+000	7.82386E+002	7.84343E+002	1.95630E+000	5.56431E-001	7.94600E-001	1.46350E-009	2.26200E-009	1.00220E-009
328	20	26	1	1.34000E-002	2.40000E-003	2.00000E-003	4.46080E-009	2.10000E-009	1.36750E-009	3.44960E+000	7.82051E+002	7.84346E+002	2.29580E+000	5.57731E-001	7.94000E-001	1.44950E-009	1.93180E-009	2.90400E-010
331	18	26	1	1.33000E-002	2.50000E-003	2.10000E-003	4.10480E-009	1.70000E-009	2.02320E-009	3.47170E+000	7.82292E+002	7.83897E+002	1.60420E+000	5.69008E-001	7.94700E-001	1.71170E-009	2.10280E-009	2.06100E-010
335	16	26	1	1.32000E-002	2.60000E-003	2.10000E-003	4.08610E-009	1.80000E-009	2.18240E-009	3.45470E+000	7.71834E+002	7.73982E+002	2.14790E+000	5.69626E-001	7.95200E-001	1.89440E-009	2.01380E-009	1.10520E-009
339	14	26	1	1.31000E-002	2.90000E-003	2.20000E-003	4.62940E-009	1.90000E-009	1.07710E-009	3.45260E+000	7.68409E+002	7.70000E+002	1.59090E+000	5.77963E-001	7.95700E-001	1.62510E-009	2.18470E-009	6.74400E-010
343	12	26	1	1.32000E-002	2.40000E-003	2.10000E-003	4.73940E-009	1.70000E-009	9.83500E-010	3.46050E+000	7.73115E+002	7.74780E+002	1.66500E+000	5.72901E-001	7.94100E-001	1.39330E-009	2.21280E-009	5.62000E-010
347	10	26	1	1.32000E-002	2.30000E-003	2.00000E-003	4.34140E-009	1.80000E-009	1.91080E-009	3.45850E+000	7.77344E+002	7.79932E+002	2.58770E+000	5.58973E-001	7.95100E-001	1.94820E-009	2.11680E-009	8.05500E-010
349	12	28	1	1.45000E-002	2.30000E-003	1.90000E-003	4.77450E-009	1.10000E-009	1.77030E-009	3.47420E+000	7.68631E+002	7.70891E+002	2.25950E+000	5.60548E-001	7.94800E-001	2.45870E-009	1.21060E-009	6.93100E-010
351	14	28	1	1.34000E-002	2.40000E-003	1.90000E-003	4.07910E-009	1.80000E-009	2.34200E-010	3.45560E+000	7.77725E+002	7.79945E+002	2.21970E+000	5.56300E-001	7.94800E-001	1.99740E-009	2.04190E-009	7.86800E-010
353	16	28	1	1.34000E-002	2.30000E-003	2.00000E-003	3.74420E-009	1.60000E-009	2.64130E-009	3.45790E+000	7.79836E+002	7.81544E+002	1.70850E+000	5.55326E-001	7.95600E-001	2.00910E-009	1.67660E-009	4.68000E-011

1	15	5	3	1.28000E-002	-6.00000E-004	-8.00000E-004	1.39320E-005
2	19	7	1	1.28000E-002	-5.00000E-004	-8.00000E-004	4.25860E-009	1.10000E-009	1.78030E-009	3.48330E+000	7.67106E+002	7.69054E+002	1.94750E+000	5.63027E-001	7.98500E-001	2.72190E-009	1.30010E-009	2.64230E-009
5	17	7	1	1.31000E-002	-3.00000E-004	-5.00000E-004	3.63080E-009	1.70000E-009	2.92340E-009	3.45570E+000	7.76723E+002	7.79214E+002	2.49140E+000	5.59993E-001	7.99800E-001	1.76850E-009	2.01220E-009	3.56100E-010
9	15	7	1	1.32000E-002	-2.00000E-004	-6.00000E-004	3.87440E-009	1.60000E-009	2.41740E-009	3.45770E+000	7.82392E+002	7.82255E+002	-1.37600E-001	5.58064E-001	8.00000E-001	1.73110E-009	2.01450E-009	8.99500E-010
13	13	7	1	1.32000E-002	-2.00000E-004	-5.00000E-004	3.35910E-009	1.60000E-009	4.43660E-008	3.47190E+000	7.78336E+002	7.80809E+002	2.47380E+000	5.57374E-001	7.99700E-001	1.41480E-009	1.98410E-009	6.65300E-010
16	11	7	1	1.37000E-002	-3.00000E-004	-6.00000E-004	3.68940E-009	1.50000E-009	5.45320E-009	3.52840E+000	7.65085E+002	7.67853E+002	2.76790E+000	5.58805E-001	7.99900E-001	2.00980E-009	1.99810E-009	6.27800E-010
22	9	9	1	1.32000E-002	-2.00000E-004	-5.00000E-004	3.38480E-009	1.70000E-009	4.68000E-011	3.50220E+000	7.71755E+002	7.73821E+002	2.06680E+000	5.60507E-001	7.97900E-001	1.68890E-009	2.02860E-009	2.06140E-009
26	11	9	1	1.32000E-002	-2.00000E-004	-6.00000E-004	3.76200E-009	1.70000E-009	7.88000E-009	3.47130E+000	7.87090E+002	7.89248E+002	2.15790E+000	5.54683E-001	7.97700E-001	1.48040E-009	1.86460E-009	5.43400E-010
30	13	9	1	1.32000E-002	-2.00000E-004	-5.00000E-004	4.05950E-009	1.80000E-009	5.26580E-009	3.46600E+000	7.76409E+002	7.78096E+002	1.68730E+000	5.75830E-001	7.97300E-001	1.61160E-009	1.84820E-009	1.32110E-009
34	15	9	1	1.33000E-002	-2.00000E-004	-6.00000E-004	4.75520E-009	1.90000E-009	5.29390E-009	3.45610E+000	7.64971E+002	7.66679E+002	1.70860E+000	5.82122E-001	7.98500E-001	1.74980E-009	1.82480E-009	1.40500E-010
38	17	9	1	1.32000E-002	-2.00000E-004	-6.00000E-004	4.49280E-009	1.70000E-009	6.46520E-009	3.44590E+000	7.65187E+002	7.66787E+002	1.60010E+000	5.79591E-001	7.99200E-001	1.47810E-009	2.11760E-009	5.62000E-011
42	19	9	1	1.31000E-002	-3.00000E-004	-6.00000E-004	4.42020E-009	1.60000E-009	1.40172E-008	3.45110E+000	7.77914E+002	7.79634E+002	1.72040E+000	5.69882E-001	7.99000E-001	1.27900E-009	2.00050E-009	1.10560E-009
44	21	9	1	1.28000E-002	-4.00000E-004	-7.00000E-004	4.85120E-009	1.10000E-009	1.33050E-009	3.46630E+000	7.77634E+002	7.79493E+002	1.85930E+000	5.55843E-001	7.97500E-001	2.69850E-009	1.46170E-009	1.87400E-010
47	21	11	1	1.32000E-002	-2.00000E-004	-6.00000E-004	3.71280E-009	1.70000E-009	5.20960E-009	3.45640E+000	7.80710E+002	7.82330E+002	1.62020E+000	5.65122E-001	7.98400E-001	1.54370E-009	1.83650E-009	5.06000E-010
51	19	11	1	1.32000E-002	-2.00000E-004	-5.00000E-004	4.71770E-009	1.70000E-009	3.86040E-009	3.44980E+000	7.65969E+002	7.67605E+002	1.63570E+000	5.75393E-001	7.98500E-001	1.48510E-009	2.00050E-009	1.93020E-009
55	17	11	1	1.33000E-002	-2.00000E-004	-5.00000E-004	5.60310E-009	1.70000E-009	2.65170E-009	3.45870E+000	7.59416E+002	7.61004E+002	1.58750E+000	5.77199E-001	7.97700E-001	1.53660E-009	1.98870E-009	1.33990E-009
59	15	11	1	1.32000E-002	-2.00000E-004	-5.00000E-004	5.42750E-009	1.50000E-009	2.15500E-010	3.45000E+000	7.61757E+002	7.63355E+002	1.59730E+000	5.77356E-001	7.96900E-001	1.39840E-009	1.78960E-009	1.91140E-009
63	13	11	1	1.33000E-002	-1.00000E-004	-5.00000E-004	5.08080E-009	2.00000E-009	2.25810E-009	3.46970E+000	7.67035E+002	7.68648E+002	1.61270E+000	5.73614E-001	7.98100E-001	1.83410E-009	2.10590E-009	9.65100E-010
67	11	11	1	1.32000E-002	-1.00000E-004	-5.00000E-004	3.93770E-009	1.60000E-009	3.25130E-009	3.46860E+000	7.73386E+002	7.75038E+002	1.65190E+000	5.74904E-001	7.97000E-001	1.53200E-009	1.88570E-009	1.77090E-009
71	9	11	1	1.31000E-002	0.00000E+000	-5.00000E-004	3.60270E-009	1.70000E-009	1.19930E-009	3.46950E+000	7.85526E+002	7.86787E+002	1.26120E+000	5.57462E-001	7.97700E-001	1.47570E-009	2.07070E-009	1.05880E-009
75	7	11	1	1.32000E-002	-2.00000E-004	-6.00000E-004	5.05970E-009	1.80000E-009	3.63550E-009	3.55320E+000	7.29464E+002	7.34309E+002	4.84480E+000	5.58798E-001	7.99600E-001	1.85290E-009	2.10120E-009	2.34200E-010
81	7	13	1	1.32000E-002	-3.00000E-004	-6.00000E-004	3.15060E-009	1.70000E-009	1.06820E-009	3.48760E+000	7.76425E+002	7.78609E+002	2.18330E+000	5.57034E-001	7.96900E-001	1.62570E-009	1.93490E-009	1.94890E-009
85	9	13	1	1.32000E-002	-2.00000E-004	-6.00000E-004	3.82760E-009	1.70000E-009	4.68000E-011	3.46800E+000	7.69396E+002	7.71247E+002	1.85030E+000	5.69103E-001	7.96300E-001	1.48980E-009	1.86460E-009	8.80800E-010
89	11	13	1	1.32000E-002	-2.00000E-004	-5.00000E-004	4.96130E-009	1.40000E-009	6.56000E-011	3.47590E+000	7.68267E+002	7.69838E+002	1.57140E+000	5.68408E-001	7.96800E-001	1.21100E-009	1.96060E-009	2.08010E-009
93	13	13	1	1.32000E-002	-2.00000E-004	-6.00000E-004	6.20510E-009	1.60000E-009	1.32110E-009	3.48120E+000	7.64568E+002	7.66067E+002	1.49870E+000	5.76422E-001	7.98000E-001	1.57650E-009	1.77790E-009	1.50850E-009
97	15	13	1	1.32000E-002	-2.00000E-004	-5.00000E-004	6.10210E-009	1.80000E-009	3.46700E-010	3.45430E+000	7.68132E+002	7.69541E+002	1.40840E+000	5.78348E-001	7.98100E-001	1.67950E-009	1.83650E-009	1.43360E-009
101	17	13	1	1.33000E-002	-2.00000E-004	-5.00000E-004	6.36440E-009	1.80000E-009	3.74800E-010	3.46300E+000	7.65560E+002	7.67000E+002	1.44040E+000	5.77107E-001	7.97600E-001	1.50390E-009	1.92550E-009	1.78960E-009
105	19	13	1	1.32000E-002	-2.00000E-004	-6.00000E-004	5.58670E-009	1.60000E-009	2.52050E-009	3.40710E+000	7.61522E+002	7.63054E+002	1.53160E+000	5.67022E-001	7.97900E-001	1.48750E-009	1.91850E-009	1.69590E-009
109	21	13	1	1.32000E-002	-2.00000E-004	-5.00000E-004	4.34990E-009	1.60000E-009	4.08520E-009	3.44020E+000	7.70757E+002	7.72278E+002	1.52160E+000	5.61008E-001	7.97600E-001	1.53430E-009	2.02860E-009	4.59100E-010
112	23	13	1	1.31000E-002	-4.00000E-004	-7.00000E-004	3.85800E-009	1.40000E-009	1.89270E-009	3.46880E+000	7.84673E+002	7.86703E+002	2.03010E+000	5.51369E-001	7.97600E-001	1.97230E-009	1.82950E-009	2.99800E-010
115	23	15	1	1.33000E-002	-2.00000E-004	-5.00000E-004	3.52540E-009	1.60000E-009	9.46300E-010	3.47380E+000	7.90483E+002	7.92314E+002	1.83130E+000	5.57737E-001	7.99100E-001	1.47340E-009	1.89270E-009	1.23680E-009
119	21	15	1	1.32000E-002	0.00000E+000	-6.00000E-004	4.83950E-009	1.50000E-009	2.60480E-009	3.41620E+000	7.74145E+002	7.75835E+002	1.69040E+000	5.65319E-001	7.97900E-001	1.41950E-009	2.08480E-009	1.56480E-009
123	19	15	1	1.31000E-002	-2.00000E-004	-5.00000E-004	6.04120E-009	1.70000E-009	2.64230E-009	3.46400E+000	7.72014E+002	7.73509E+002	1.49540E+000	5.68059E-001	7.97500E-001	1.41250E-009	1.93250E-009	1.20870E-009
127	17	15	1	1.32000E-002	-1.00000E-004	-5.00000E-004	6.37380E-009	1.70000E-009	5.24700E-010	3.44470E+000	7.62339E+002	7.63870E+002	1.53050E+000	5.71986E-001	7.97800E-001	1.42660E-009	1.89740E-009	7.68300E-010
131	15	15	1	1.32000E-002	-1.00000E-004	-5.00000E-004	6.33400E-009	1.50000E-009	4.59100E-010	3.43910E+000	7.67027E+002	7.68430E+002	1.40230E+000	5.72814E-001	7.97500E-001	1.56940E-009	1.74750E-009	2.46430E-009
135	13	15	1	1.32000E-002	-2.00000E-004	-5.00000E-004	5.90770E-009	1.70000E-009	9.40000E-012	3.44640E+000	7.70846E+002	7.72591E+002	1.74520E+000	5.68441E-001	7.96900E-001	1.44530E-009	1.70760E-009	1.95830E-009
139	11	15	1	1.32000E-002	-1.00000E-004	-5.00000E-004	5.36420E-009	1.70000E-009	6.27800E-010	3.48030E+000	7.78046E+002	7.80257E+002	2.21100E+000	5.61322E-001	7.96900E-001	1.40310E-009	1.76390E-009	1.35860E-009
143	9	15	1	1.32000E-002	-1.00000E-004	-4.00000E-004	4.26560E-009	1.90000E-009	6.94300E-009	3.46540E+000	7.64839E+002	7.66351E+002	1.51150E+000	5.69988E-001	7.97400E-001	1.79670E-009	1.98410E-009	5.62200E-010
147	7	15	1	1.31000E-002	-1.00000E-004	-6.00000E-004	3.31690E-009	1.60000E-009	1.96800E-010	3.46050E+000	7.82121E+002	7.83868E+002	1.74730E+000	5.59936E-001	7.96700E-001	1.74980E-009	1.71000E-009	1.88330E-009
153	5	17	3	1.33000E-002	-3.00000E-004	-6.00000E-004	1.39580E-005
157	7	17	1	1.31000E-002	-3.00000E-004	-6.00000E-004	3.48320E-009	1.70000E-009	2.23940E-009	3.46800E+000	7.84996E+002	7.86997E+002	2.00100E+000	5.59487E-001	7.98400E-001	1.71000E-009	1.81070E-009	9.55700E-010
161	9	17	1	1.31000E-002	-2.00000E-004	-5.00000E-004	4.28200E-009	1.60000E-009	2.11760E-009	3.46330E+000	7.62125E+002	7.63653E+002	1.52810E+000	5.73614E-001	7.98900E-001	1.50150E-009	1.87860E-009	1.76150E-009
165	11	17	1	1.32000E-002	-2.00000E-004	-5.00000E-004	5.78580E-009	1.70000E-009	2.77350E-009	3.48030E+000	7.72157E+002	7.74061E+002	1.90350E+000	5.64934E-001	7.98800E-001	1.63270E-009	2.06370E-009	6.56000E-011
169	13	17	1	1.32000E-002	-2.00000E-004	-5.00000E-004	6.25670E-009	1.50000E-009	4.68000E-011	3.44830E+000	7.66426E+002	7.67922E+002	1.49620E+000	5.70184E-001	7.96800E-001	1.59750E-009	1.95590E-009	1.03070E-009
173	15	17	1	1.32000E-002	-2.00000E-004	-5.00000E-004	6.29420E-009	1.40000E-009	2.53000E-010	3.43210E+000	7.59336E+002	7.61537E+002	2.20110E+000	5.61889E-001	7.97800E-001	1.34920E-009	2.00750E-009	1.61160E-009
177	17	17	1	1.31000E-002	-2.00000E-004	-6.00000E-004	6.29420E-009	1.70000E-009	3.65400E-010	3.43610E+000	7.72207E+002	7.73655E+002	1.44840E+000	5.67990E-001	7.97100E-001	1.49680E-009	1.91140E-009	1.69590E-009
181	19	17	1	1.32000E-002	-1.00000E-004	-5.00000E-004	5.99900E-009	1.60000E-009	9.40000E-012	3.44630E+000	7.72617E+002	7.74529E+002	1.91180E+000	5.67664E-001	7.97700E-001	1.48280E-009	1.84350E-009	1.09630E-009
185	21	17	1	1.33000E-002	-2.00000E-004	-5.00000E-004	5.35250E-009	1.90000E-009	2.72660E-009	3.44970E+000	7.72582E+002	7.74171E+002	1.58840E+000	5.66410E-001	7.98300E-001	1.81070E-009	1.71700E-009	9.74500E-010
189	23	17	1	1.32000E-002	-2.00000E-004	-5.00000E-004	3.60500E-009	1.80000E-009	1.10560E-009	3.46300E+000	7.90628E+002	7.92331E+002	1.70310E+000	5.60954E-001	7.98600E-001	1.68890E-009	1.77560E-009	1.73340E-009
193	23	19	1	1.33000E-002	-1.00000E-004	-5.00000E-004	3.43170E-009	1.60000E-009	6.74600E-010	3.47270E+000	7.90513E+002	7.92349E+002	1.83630E+000	5.61377E-001	7.98900E-001	1.72870E-009	1.93720E-009	1.29300E-009
197	21	19	1	1.32000E-002	0.00000E+000	-5.00000E-004	4.90510E-009	1.70000E-009	5.34080E-009	3.45510E+000	7.72133E+002	7.73801E+002	1.66820E+000	5.66353E-001	7.97800E-001	1.44530E-009	2.09650E-009	8.62000E-010
201	19	19	1	1.31000E-002	0.00000E+000	-5.00000E-004	5.74600E-009	1.70000E-009	7.96400E-010	3.45050E+000	7.74195E+002	7.75746E+002	1.55090E+000	5.68066E-001	7.97100E-001	1.53660E-009	2.19250E-009	2.43600E-010
205	17	19	1	1.32000E-002	0.00000E+000	-5.00000E-004	6.06230E-009	1.60000E-009	1.31200E-010	3.44050E+000	7.69669E+002	7.71101E+002	1.43240E+000	5.72421E-001	7.97200E-001	1.42660E-009	1.80840E-009	1.45230E-009
209	15	19	1	1.32000E-002	-1.00000E-004	-5.00000E-004	6.39720E-009	1.60000E-009	4.02900E-010	3.43670E+000	7.67205E+002	7.69157E+002	1.95230E+000	5.71064E-001	7.98000E-001	1.64210E-009	1.87860E-009	1.32110E-009
213	13	19	1	1.31000E-002	-1.00000E-004	-5.00000E-004	6.26600E-009	1.80000E-009	4.77900E-010	3.44760E+000	7.63682E+002	7.65247E+002	1.56530E+000	5.71436E-001	7.97700E-001	1.23450E-009	1.89500E-009	1.17120E-009
217	11	19	1	1.32000E-002	-2.00000E-004	-5.00000E-004	5.70850E-009	1.80000E-009	3.46680E-009	3.47700E+000	7.70634E+002	7.72400E+002	1.76610E+000	5.67449E-001	7.97700E-001	1.47110E-009	1.99340E-009	1.52730E-009
221	9	19	1	1.31000E-002	-1.00000E-004	-5.00000E-004	4.53970E-009	1.70000E-009	5.30330E-009	3.45450E+000	7.57984E+002	7.59743E+002	1.75850E+000	5.74759E-001	7.98400E-001	1.67250E-009	1.76620E-009	1.28370E-009
225	7	19	1	1.33000E-002	-1.00000E-004	-5.00000E-004	3.42700E-009	1.50000E-009	2.79220E-009	3.45850E+000	7.83310E+002	7.85192E+002	1.88250E+000	5.59272E-001	7.98000E-001	1.45930E-009	1.82480E-009	1.63970E-009
233	7	21	1	1.32000E-002	-3.00000E-004	-5.00000E-004	2.88360E-009	1.60000E-009	4.16960E-009	3.47600E+000	7.79980E+002	7.81828E+002	1.84720E+000	5.57419E-001	7.98500E-001	1.49450E-009	1.85520E-009	5.24700E-010
237	9	21	1	1.31000E-002	-2.00000E-004	-5.00000E-004	4.17660E-009	1.60000E-009	9.03250E-009	3.46030E+000	7.60016E+002	7.61580E+002	1.56390E+000	5.77717E-001	7.97800E-001	1.65850E-009	1.79670E-009	1.96800E-010
241	11	21	1	1.32000E-002	-2.00000E-004	-5.00000E-004	5.74600E-009	1.90000E-009	1.54600E-009	3.46750E+000	7.62686E+002	7.64744E+002	2.05790E+000	5.67576E-001	7.97900E-001	1.77790E-009	1.98640E-009	2.24900E-010
245	13	21	1	1.32000E-002	-2.00000E-004	-5.00000E-004	6.17000E-009	1.60000E-009	5.62000E-011	3.45840E+000	7.65424E+002	7.67229E+002	1.80480E+000	5.76549E-001	7.98200E-001	1.48040E-009	1.84120E-009	2.08950E-009
249	15	21	1	1.32000E-002	-2.00000E-004	-5.00000E-004	6.36210E-009	1.60000E-009	1.78000E-010	3.44110E+000	7.61392E+002	7.62883E+002	1.49030E+000	5.72209E-001	7.97300E-001	1.49210E-009	2.05670E-009	1.21800E-010
253	17	21	1	1.33000E-002	-1.00000E-004	-5.00000E-004	6.17700E-009	1.50000E-009	2.06100E-010	3.45170E+000	7.68895E+002	7.70588E+002	1.69340E+000	5.73227E-001	7.97800E-001	1.26020E-009	1.83650E-009	1.78030E-009
257	19	21	1	1.32000E-002	-2.00000E-004	-5.00000E-004	6.08800E-009	1.70000E-009	3.75000E-011	3.45960E+000	7.72095E+002	7.73731E+002	1.63620E+000	5.68712E-001	7.97500E-001	1.36560E-009	2.01220E-009	1.57410E-009
261	21	21	1	1.32000E-002	-2.00000E-004	-5.00000E-004	4.66380E-009	1.70000E-009	1.14310E-009	3.46180E+000	7.73509E+002	7.75082E+002	1.57290E+000	5.72129E-001	7.96500E-001	1.54600E-009	1.74750E-009	1.93950E-009
264	23	21	1	1.31000E-002	-4.00000E-004	-7.00000E-004	4.09460E-009	1.30000E-009	5.99700E-010	3.46220E+000	7.88456E+002	7.90354E+002	1.89810E+000	5.52454E-001	7.97000E-001	1.75220E-009	1.74510E-009	1.90210E-009
268	21	23	1	1.32000E-002	-2.00000E-004	-6.00000E-004	3.93300E-009	1.70000E-009	6.37100E-010	3.45680E+000	7.81815E+002	7.83214E+002	1.39860E+000	5.70839E-001	7.96600E-001	1.39380E-009	2.00280E-009	1.82710E-009
272	19	23	1	1.32000E-002	-2.00000E-004	-5.00000E-004	5.05500E-009	1.70000E-009	9.40000E-012	3.44710E+000	7.65702E+002	7.67509E+002	1.80650E+000	5.73423E-001	7.97400E-001	1.45930E-009	2.01450E-009	1.82710E-009
276	17	23	1	1.33000E-002	-1.00000E-004	-5.00000E-004	5.68040E-009	1.60000E-009	6.27800E-010	3.44960E+000	7.67417E+002	7.68973E+002	1.55640E+000	5.74196E-001	7.97400E-001	1.57180E-009	2.00280E-009	1.64910E-009
280	15	23	1	1.33000E-002	-1.00000E-004	-5.00000E-004	6.41600E-009	1.90000E-009	3.74800E-010	3.44730E+000	7.64069E+002	7.65611E+002	1.54170E+000	5.80577E-001	7.97900E-001	1.41720E-009	1.80840E-009	2.06140E-009
284	13	23	1	1.32000E-002	-2.00000E-004	-5.00000E-004	5.90060E-009	1.60000E-009	2.62400E-010	3.45750E+000	7.59676E+002	7.61339E+002	1.66290E+000	5.76727E-001	7.97700E-001	1.33050E-009	1.64910E-009	2.01450E-009
288	11	23	1	1.32000E-002	-2.00000E-004	-5.00000E-004	5.25410E-009	1.80000E-009	1.70530E-009	3.46500E+000	7.62885E+002	7.64497E+002	1.61170E+000	5.74346E-001	7.97300E-001	1.74510E-009	1.82950E-009	8.05800E-010
292	9	23	1	1.32000E-002	-2.00000E-004	-5.00000E-004	3.69170E-009	1.80000E-009	1.99580E-009	3.46370E+000	7.75614E+002	7.77545E+002	1.93050E+000	5.69026E-001	7.96800E-001	1.79900E-009	1.82010E-009	8.62000E-010
296	7	23	1	1.31000E-002	-2.00000E-004	-5.00000E-004	2.71960E-009	1.80000E-009	2.44550E-009	3.51240E+000	7.65218E+002	7.67209E+002	1.99130E+000	5.62404E-001	7.98400E-001	1.67720E-009	2.01680E-009	6.18400E-010
302	9	25	1	1.33000E-002	-3.00000E-004	-6.00000E-004	3.60740E-009	1.60000E-009	5.43400E-010	3.46550E+000	7.77896E+002	7.79814E+002	1.91840E+000	5.57050E-001	7.97300E-001	1.45930E-009	2.04260E-009	1.19930E-009
306	11	25	1	1.31000E-002	-3.00000E-004	-6.00000E-004	4.47170E-009	1.60000E-009	3.46700E-010	3.46060E+000	7.75346E+002	7.76904E+002	1.55740E+000	5.71206E-001	7.96800E-001	1.64210E-009	1.87160E-009	1.09630E-009
310	13	25	1	1.33000E-002	-3.00000E-004	-5.00000E-004	5.12530E-009	1.70000E-009	4.87200E-010	3.45680E+000	7.61895E+002	7.63469E+002	1.57390E+000	5.79462E-001	7.97300E-001	1.79430E-009	1.84350E-009	1.16190E-009
314	15	25	1	1.32000E-002	-2.00000E-004	-5.00000E-004	4.77860E-009	1.80000E-009	1.40500E-010	3.44930E+000	7.60611E+002	7.62470E+002	1.85870E+000	5.74322E-001	7.97300E-001	1.79200E-009	1.88330E-009	5.52800E-010
318	17	25	1	1.32000E-002	-2.00000E-004	-6.00000E-004	4.37330E-009	1.60000E-009	5.62200E-010	3.45300E+000	7.68862E+002	7.70418E+002	1.55620E+000	5.75704E-001	7.97500E-001	1.81070E-009	1.69590E-009	1.73340E-009
322	19	25	1	1.31000E-002	-2.00000E-004	-5.00000E-004	4.21410E-009	1.50000E-009	7.96400E-010	3.46560E+000	7.74800E+002	7.76323E+002	1.52300E+000	5.74185E-001	7.96400E-001	1.74280E-009	1.87630E-009	9.65100E-010
326	21	25	1	1.33000E-002	-3.00000E-004	-7.00000E-004	3.74790E-009	1.80000E-009	5.52800E-010	3.46650E+000	7.83292E+002	7.85140E+002	1.84880E+000	5.57586E-001	7.96400E-001	1.50390E-009	2.05200E-009	1.63030E-009
329	19	27	1	1.34000E-002	-2.00000E-004	-6.00000E-004	3.81580E-009	1.80000E-009	1.09630E-009	3.46680E+000	7.78981E+002	7.81607E+002	2.62510E+000	5.59009E-001	7.96400E-001	1.45230E-009	1.76150E-009	5.43400E-010
332	17	27	1	1.33000E-002	-2.00000E-004	-5.00000E-004	3.42700E-009	1.60000E-009	9.40000E-012	3.46440E+000	7.82136E+002	7.83996E+002	1.86080E+000	5.68075E-001	7.97100E-001	1.67480E-009	1.87400E-009	1.60220E-009
336	15	27	1	1.32000E-002	-2.00000E-004	-5.00000E-004	3.35910E-009	1.70000E-009	5.62000E-011	3.45640E+000	7.77654E+002	7.79602E+002	1.94790E+000	5.69413E-001	7.97400E-001	1.89970E-009	1.94660E-009	1.63970E-009
340	13	27	1	1.31000E-002	-2.00000E-004	-6.00000E-004	3.71280E-009	1.70000E-009	2.34200E-010	3.45780E+000	7.81719E+002	7.85126E+002	3.40730E+000	5.61409E-001	7.96800E-001	1.57880E-009	1.94420E-009	1.81770E-009
344	11	27	1	1.32000E-002	-2.00000E-004	-5.00000E-004	3.42470E-009	1.60000E-009	2.53000E-010	3.47880E+000	7.75625E+002	7.78062E+002	2.43720E+000	5.58914E-001	7.97900E-001	1.32350E-009	1.98170E-009	1.41480E-009

6	18	7	1	1.31000E-002	-2.70000E-003	-3.00000E-003	3.80570E-009	1.70000E-009	2.08152E-008	3.47890E+000	7.74509E+002	7.76895E+002	2.38560E+000	5.58351E-001	8.01600E-001	1.86890E-009	1.87360E-009	4.99300E-009
10	16	7	1	1.32000E-002	-2.70000E-003	-3.00000E-003	4.34430E-009	1.60000E-009	1.12410E-009	3.44950E+000	7.79480E+002	7.82130E+002	2.65020E+000	5.58631E-001	8.02100E-001	1.92040E-009	1.99530E-009	8.61800E-010
14	14	7	1	1.32000E-002	-2.70000E-003	-3.00000E-003	3.80800E-009	1.60000E-009	1.76676E-008	3.46680E+000	7.79639E+002	7.81879E+002	2.24050E+000	5.58158E-001	8.01900E-001	1.51520E-009	1.86890E-009	1.34900E-009
17	12	7	1	1.37000E-002	-2.70000E-003	-3.10000E-003	3.86420E-009	1.70000E-009	2.80100E-009	3.48540E+000	7.74809E+002	7.76908E+002	2.09810E+000	5.56841E-001	8.01100E-001	2.16860E-009	1.93680E-009	1.99530E-009
18	10	7	5	1.02000E-002	-3.00000E-003	-3.30000E-003	4.27640E-009	1.20000E-009	1.00110E-005
19	8	9	1	1.02000E-002	-3.00000E-003	-3.30000E-003	3.58550E-009	6.00000E-010	4.31850E-009	3.56260E+000	7.05319E+002	7.10024E+002	4.70530E+000	5.57468E-001	8.02700E-001	2.09840E-009	7.72800E-010	9.55500E-010
23	10	9	1	1.32000E-002	-2.80000E-003	-3.00000E-003	3.78220E-009	1.80000E-009	1.35830E-009	3.46110E+000	7.80543E+002	7.82770E+002	2.22700E+000	5.56789E-001	7.99800E-001	1.85720E-009	1.84780E-009	3.18500E-010
27	12	9	1	1.32000E-002	-2.80000E-003	-3.00000E-003	4.12880E-009	1.70000E-009	4.35132E-008	3.45500E+000	7.81453E+002	7.83295E+002	1.84230E+000	5.69309E-001	7.99800E-001	1.57850E-009	1.84310E-009	1.51760E-009
31	14	9	1	1.32000E-002	-2.70000E-003	-3.00000E-003	4.69320E-009	1.90000E-009	3.55040E-009	3.45850E+000	7.69793E+002	7.71458E+002	1.66500E+000	5.79061E-001	8.00600E-001	1.71660E-009	1.71200E-009	4.87100E-010
35	16	9	1	1.33000E-002	-2.70000E-003	-3.10000E-003	5.03050E-009	2.00000E-009	6.86660E-009	3.45560E+000	7.68092E+002	7.69911E+002	1.81880E+000	5.79688E-001	8.02100E-001	1.89700E-009	1.76350E-009	1.16160E-009
39	18	9	1	1.32000E-002	-2.70000E-003	-3.10000E-003	4.40750E-009	1.70000E-009	8.32790E-009	3.46640E+000	7.74217E+002	7.75978E+002	1.76120E+000	5.73799E-001	8.01700E-001	1.64170E-009	1.94380E-009	1.97660E-009
43	20	9	1	1.31000E-002	-2.70000E-003	-3.00000E-003	4.32320E-009	1.50000E-009	7.21320E-009	3.44780E+000	7.84112E+002	7.84944E+002	8.32100E-001	5.57308E-001	8.00100E-001	1.39350E-009	1.85480E-009	1.75180E-009
48	22	11	1	1.32000E-002	-2.70000E-003	-3.00000E-003	3.70490E-009	1.70000E-009	3.45670E-009	3.44900E+000	7.82547E+002	7.84580E+002	2.03340E+000	5.55573E-001	7.99800E-001	1.60660E-009	1.72840E-009	7.58800E-010
52	20	11	1	1.32000E-002	-2.70000E-003	-3.00000E-003	4.43800E-009	1.80000E-009	4.49650E-009	3.45250E+000	7.72012E+002	7.73589E+002	1.57650E+000	5.72948E-001	8.00900E-001	1.59250E-009	1.85950E-009	2.24800E-010
56	18	11	1	1.33000E-002	-2.70000E-003	-3.00000E-003	5.59720E-009	1.60000E-009	5.51760E-009	3.45470E+000	7.68241E+002	7.70207E+002	1.96560E+000	5.73650E-001	8.01200E-001	1.64170E-009	1.76110E-009	1.72370E-009
60	16	11	1	1.32000E-002	-2.60000E-003	-3.00000E-003	5.66750E-009	1.50000E-009	1.22720E-009	3.45160E+000	7.64728E+002	7.66181E+002	1.45330E+000	5.74719E-001	8.00000E-001	1.50350E-009	1.70490E-009	1.64870E-009
64	14	11	1	1.33000E-002	-2.70000E-003	-3.00000E-003	5.77050E-009	1.90000E-009	6.18300E-010	3.46190E+000	7.63054E+002	7.64709E+002	1.65500E+000	5.76083E-001	8.00200E-001	1.95320E-009	1.84780E-009	1.70490E-009
68	12	11	1	1.32000E-002	-2.60000E-003	-3.00000E-003	4.62530E-009	1.50000E-009	1.89230E-009	3.46430E+000	7.63346E+002	7.65031E+002	1.68490E+000	5.78167E-001	8.00000E-001	1.62760E-009	1.81730E-009	9.37000E-011
72	10	11	1	1.31000E-002	-2.70000E-003	-3.00000E-003	4.07730E-009	1.70000E-009	2.75410E-009	3.46440E+000	7.74093E+002	7.75636E+002	1.54240E+000	5.72344E-001	7.99900E-001	1.68150E-009	1.88290E-009	4.30900E-010
76	8	11	1	1.32000E-002	-2.60000E-003	-3.00000E-003	4.61600E-009	2.00000E-009	7.68200E-010	3.47900E+000	7.77582E+002	7.79258E+002	1.67580E+000	5.54944E-001	7.99400E-001	2.00700E-009	2.04220E-009	6.65100E-010
78	6	13	1	1.35000E-002	-2.90000E-003	-3.20000E-003	4.52930E-009	3.00000E-010	6.51060E-009	3.59320E+000	7.12219E+002	7.16166E+002	3.94710E+000	5.60970E-001	8.03200E-001	2.25760E-009	8.00900E-010	3.65300E-010
82	8	13	1	1.32000E-002	-2.70000E-003	-3.10000E-003	3.77750E-009	1.80000E-009	1.31100E-010	3.47540E+000	7.84809E+002	7.87171E+002	2.36260E+000	5.59725E-001	7.99200E-001	1.71200E-009	1.77050E-009	9.27400E-010
86	10	13	1	1.32000E-002	-2.80000E-003	-3.00000E-003	4.52230E-009	1.70000E-009	1.96700E-010	3.47020E+000	7.60194E+002	7.61729E+002	1.53480E+000	5.70926E-001	7.99600E-001	1.49880E-009	1.80330E-009	9.64900E-010
90	12	13	1	1.32000E-002	-2.70000E-003	-3.00000E-003	5.92980E-009	1.50000E-009	1.12400E-010	3.47100E+000	7.59365E+002	7.61169E+002	1.80400E+000	5.73447E-001	7.99700E-001	1.42390E-009	1.90630E-009	2.99800E-010
94	14	13	1	1.32000E-002	-2.70000E-003	-3.00000E-003	6.50590E-009	1.60000E-009	9.55500E-010	3.46310E+000	7.63810E+002	7.67411E+002	3.60100E+000	5.78879E-001	8.00000E-001	1.63700E-009	1.61360E-009	1.18970E-009
98	16	13	1	1.32000E-002	-2.60000E-003	-3.00000E-003	6.43330E-009	1.80000E-009	1.70490E-009	3.45630E+000	7.68402E+002	7.70177E+002	1.77480E+000	5.77985E-001	8.01100E-001	1.76110E-009	1.80330E-009	1.04920E-009
102	18	13	1	1.33000E-002	-2.70000E-003	-3.10000E-003	6.17800E-009	1.80000E-009	1.15220E-009	3.48360E+000	7.74640E+002	7.76382E+002	1.74260E+000	5.67659E-001	8.00600E-001	1.58550E-009	1.77520E-009	7.49000E-011
106	20	13	1	1.32000E-002	-2.70000E-003	-3.00000E-003	5.01410E-009	1.60000E-009	2.36070E-009	3.46110E+000	7.67447E+002	7.68984E+002	1.53750E+000	5.63084E-001	8.00700E-001	1.54570E-009	1.82910E-009	1.15220E-009
110	22	13	1	1.32000E-002	-2.70000E-003	-3.00000E-003	4.14290E-009	1.70000E-009	4.62770E-009	3.44820E+000	7.83821E+002	7.85341E+002	1.51920E+000	5.60992E-001	8.01000E-001	1.71430E-009	1.93440E-009	1.96700E-010
116	24	15	1	1.33000E-002	-2.70000E-003	-3.00000E-003	3.26000E-009	1.60000E-009	1.67680E-009	3.47460E+000	7.80314E+002	7.82280E+002	1.96660E+000	5.52223E-001	8.00400E-001	1.68620E-009	1.89460E-009	2.24800E-010
120	22	15	1	1.32000E-002	-2.70000E-003	-3.00000E-003	4.31150E-009	1.40000E-009	1.96700E-010	3.46440E+000	7.79578E+002	7.81357E+002	1.77940E+000	5.68807E-001	8.01400E-001	1.46610E-009	1.88530E-009	5.90200E-010
124	20	15	1	1.31000E-002	-2.70000E-003	-3.00000E-003	5.77050E-009	1.70000E-009	2.96960E-009	3.45830E+000	7.67924E+002	7.69663E+002	1.73900E+000	5.61200E-001	8.01300E-001	1.63000E-009	1.95080E-009	1.10540E-009
128	18	15	1	1.32000E-002	-2.60000E-003	-3.00000E-003	6.74710E-009	1.60000E-009	2.75410E-009	3.46760E+000	7.71358E+002	7.73061E+002	1.70320E+000	5.67154E-001	8.00200E-001	1.49650E-009	1.73770E-009	5.80800E-010
132	16	15	1	1.32000E-002	-2.60000E-003	-3.00000E-003	6.76820E-009	1.60000E-009	8.80600E-010	3.44270E+000	7.67896E+002	7.69491E+002	1.59490E+000	5.71335E-001	8.00200E-001	1.57610E-009	1.76820E-009	6.83800E-010
136	14	15	1	1.32000E-002	-2.70000E-003	-3.00000E-003	6.34430E-009	1.70000E-009	1.03050E-009	3.43530E+000	7.67870E+002	7.69293E+002	1.42320E+000	5.71951E-001	8.00200E-001	1.49880E-009	1.52690E-009	9.40000E-012
140	12	15	1	1.32000E-002	-2.60000E-003	-3.00000E-003	6.23190E-009	1.80000E-009	8.43100E-010	3.45930E+000	7.72456E+002	7.74151E+002	1.69500E+000	5.68601E-001	7.99500E-001	1.61590E-009	1.69320E-009	6.74500E-010
144	10	15	1	1.32000E-002	-2.70000E-003	-3.00000E-003	5.42160E-009	1.90000E-009	4.13120E-009	3.46310E+000	7.56810E+002	7.58369E+002	1.55840E+000	5.66958E-001	8.00100E-001	1.81270E-009	1.79390E-009	1.93910E-009
148	8	15	1	1.31000E-002	-2.60000E-003	-3.00000E-003	3.57150E-009	1.50000E-009	1.65810E-009	3.47570E+000	7.74948E+002	7.76527E+002	1.57900E+000	5.70406E-001	8.00000E-001	1.60890E-009	1.63700E-009	1.51760E-009
150	6	15	1	1.35000E-002	-2.80000E-003	-3.20000E-003	3.99070E-009	1.40000E-009	5.05860E-009	3.52330E+000	7.66737E+002	7.68201E+002	1.46360E+000	5.58501E-001	8.02200E-001	1.83370E-009	1.74010E-009	1.07730E-009
154	6	17	1	1.33000E-002	-2.70000E-003	-3.10000E-003	4.79860E-009	1.80000E-009	1.55500E-009	3.50410E+000	7.74159E+002	7.76275E+002	2.11650E+000	5.56685E-001	8.02700E-001	1.77990E-009	1.70020E-009	4.30900E-010
158	8	17	1	1.31000E-002	-2.70000E-003	-3.00000E-003	3.83840E-009	1.80000E-009	3.18500E-010	3.46500E+000	7.72654E+002	7.74675E+002	2.02140E+000	5.72325E-001	8.01100E-001	1.73770E-009	1.68620E-009	1.49880E-009
162	10	17	1	1.31000E-002	-2.70000E-003	-3.00000E-003	5.38650E-009	1.60000E-009	3.11010E-009	3.46150E+000	7.54357E+002	7.55950E+002	1.59250E+000	5.70412E-001	8.00600E-001	1.60420E-009	1.87590E-009	6.83800E-010
166	12	17	1	1.32000E-002	-2.70000E-003	-3.00000E-003	6.55980E-009	1.80000E-009	7.96300E-010	3.45290E+000	7.63526E+002	7.65049E+002	1.52310E+000	5.68244E-001	7.99700E-001	1.81500E-009	1.97890E-009	2.00470E-009
170	14	17	1	1.32000E-002	-2.60000E-003	-3.00000E-003	6.52930E-009	1.50000E-009	7.21300E-010	3.43600E+000	7.71464E+002	7.72941E+002	1.47740E+000	5.70156E-001	8.00400E-001	1.71900E-009	1.82200E-009	7.11900E-010
174	16	17	1	1.32000E-002	-2.70000E-003	-3.00000E-003	6.14520E-009	1.50000E-009	6.18300E-010	3.43920E+000	7.75174E+002	7.77587E+002	2.41280E+000	5.59797E-001	8.00800E-001	1.53160E-009	1.90400E-009	1.03050E-009
178	18	17	1	1.31000E-002	-2.70000E-003	-3.00000E-003	6.25300E-009	1.70000E-009	1.03000E-010	3.44580E+000	7.72371E+002	7.74217E+002	1.84560E+000	5.61136E-001	8.00400E-001	1.59490E-009	1.69090E-009	9.93000E-010
182	20	17	1	1.32000E-002	-2.60000E-003	-3.00000E-003	5.64170E-009	1.70000E-009	6.37000E-010	3.44950E+000	7.74275E+002	7.76146E+002	1.87100E+000	5.64838E-001	8.00800E-001	1.68390E-009	1.82440E-009	1.65810E-009
186	22	17	1	1.33000E-002	-2.70000E-003	-3.00000E-003	4.74710E-009	2.00000E-009	2.15460E-009	3.46150E+000	7.77322E+002	7.78950E+002	1.62800E+000	5.70025E-001	8.01000E-001	1.93210E-009	1.54100E-009	1.32090E-009
190	24	17	1	1.32000E-002	-2.70000E-003	-3.00000E-003	3.44030E-009	1.80000E-009	2.51990E-009	3.46590E+000	7.82245E+002	7.84136E+002	1.89160E+000	5.49808E-001	8.00600E-001	1.78690E-009	1.74470E-009	7.21300E-010
194	24	19	1	1.33000E-002	-2.70000E-003	-3.00000E-003	3.54340E-009	1.70000E-009	9.55500E-010	3.44560E+000	7.82055E+002	7.83696E+002	1.64070E+000	5.53107E-001	7.99500E-001	1.78920E-009	1.80560E-009	1.09600E-009
198	22	19	1	1.32000E-002	-2.60000E-003	-3.00000E-003	4.24590E-009	1.70000E-009	3.75650E-009	3.45380E+000	7.79888E+002	7.81552E+002	1.66420E+000	5.69574E-001	8.00800E-001	1.58780E-009	1.99770E-009	9.27400E-010
202	20	19	1	1.31000E-002	-2.60000E-003	-3.00000E-003	5.50820E-009	1.70000E-009	2.66980E-009	3.44040E+000	7.73112E+002	7.75070E+002	1.95860E+000	5.65691E-001	8.00300E-001	1.72130E-009	2.02110E-009	2.96020E-009
206	18	19	1	1.32000E-002	-2.60000E-003	-3.00000E-003	6.24600E-009	1.50000E-009	1.03000E-010	3.45690E+000	7.69827E+002	7.71338E+002	1.51100E+000	5.68674E-001	8.00000E-001	1.46140E-009	1.68850E-009	1.06790E-009
210	16	19	1	1.32000E-002	-2.60000E-003	-3.00000E-003	6.60190E-009	1.60000E-009	9.36800E-010	3.44020E+000	7.69733E+002	7.71305E+002	1.57240E+000	5.69200E-001	8.00000E-001	1.74240E-009	1.75410E-009	4.12200E-010
214	14	19	1	1.31000E-002	-2.60000E-003	-3.00000E-003	6.74010E-009	1.70000E-009	4.68400E-010	3.43700E+000	7.68430E+002	7.69792E+002	1.36180E+000	5.70232E-001	8.00200E-001	1.32550E-009	1.71900E-009	6.37000E-010
218	12	19	1	1.32000E-002	-2.60000E-003	-3.00000E-003	6.61830E-009	1.80000E-009	1.34900E-009	3.45530E+000	7.62832E+002	7.64254E+002	1.42190E+000	5.74066E-001	7.99300E-001	1.68150E-009	1.94850E-009	6.46400E-010
222	10	19	1	1.31000E-002	-2.60000E-003	-3.00000E-003	5.75650E-009	1.60000E-009	4.93680E-009	3.46690E+000	7.50394E+002	7.51908E+002	1.51430E+000	5.72975E-001	8.00200E-001	1.69320E-009	1.52930E-009	1.73300E-009
226	8	19	1	1.33000E-002	-2.60000E-003	-3.00000E-003	3.91570E-009	1.50000E-009	2.96020E-009	3.46340E+000	7.67940E+002	7.69440E+002	1.49980E+000	5.74745E-001	8.01200E-001	1.63470E-009	1.72600E-009	3.75000E-011
228	6	19	1	1.36000E-002	-2.80000E-003	-3.10000E-003	3.62770E-009	1.40000E-009	3.26000E-009	3.51550E+000	7.72063E+002	7.74136E+002	2.07210E+000	5.58301E-001	8.02100E-001	2.13580E-009	1.78920E-009	1.40500E-010
230	6	21	1	1.35000E-002	-2.90000E-003	-3.20000E-003	3.19670E-009	1.30000E-009	2.43560E-009	3.56210E+000	7.45530E+002	7.49383E+002	3.85210E+000	5.63743E-001	8.04200E-001	1.92040E-009	1.61830E-009	1.30210E-009
234	8	21	1	1.32000E-002	-2.70000E-003	-3.00000E-003	3.70260E-009	1.60000E-009	4.22490E-009	3.46740E+000	7.73968E+002	7.75778E+002	1.81060E+000	5.69286E-001	8.00100E-001	1.53630E-009	1.76350E-009	1.96720E-009
238	10	21	1	1.31000E-002	-2.70000E-003	-3.00000E-003	5.28810E-009	1.60000E-009	3.73770E-009	3.46980E+000	7.53873E+002	7.55572E+002	1.69830E+000	5.75323E-001	8.00700E-001	1.75410E-009	1.73770E-009	1.44260E-009
242	12	21	1	1.32000E-002	-2.70000E-003	-3.00000E-003	6.59960E-009	1.90000E-009	3.37200E-010	3.45790E+000	7.62121E+002	7.63728E+002	1.60690E+000	5.74521E-001	7.99900E-001	1.84080E-009	1.77280E-009	1.57380E-009
246	14	21	1	1.32000E-002	-2.70000E-003	-3.00000E-003	6.25770E-009	1.50000E-009	1.29280E-009	3.44720E+000	7.63005E+002	7.64518E+002	1.51370E+000	5.74504E-001	8.00500E-001	1.58780E-009	1.80560E-009	4.21500E-010
250	16	21	1	1.32000E-002	-2.60000E-003	-3.00000E-003	6.79630E-009	1.70000E-009	8.24400E-010	3.43970E+000	7.65841E+002	7.67452E+002	1.61050E+000	5.70216E-001	8.00000E-001	1.65110E-009	1.98130E-009	1.85480E-009
254	18	21	1	1.33000E-002	-2.70000E-003	-3.00000E-003	6.29280E-009	1.50000E-009	2.81000E-011	3.46330E+000	7.75142E+002	7.76691E+002	1.54900E+000	5.71388E-001	8.00300E-001	1.30210E-009	1.72370E-009	7.30700E-010
258	20	21	1	1.32000E-002	-2.70000E-003	-3.00000E-003	5.72600E-009	1.80000E-009	1.17100E-009	3.46390E+000	7.69481E+002	7.71202E+002	1.72080E+000	5.66799E-001	8.00100E-001	1.53870E-009	2.02110E-009	7.68200E-010
262	22	21	1	1.32000E-002	-2.70000E-003	-3.00000E-003	4.36070E-009	1.60000E-009	1.76110E-009	3.46950E+000	7.81902E+002	7.83386E+002	1.48330E+000	5.68729E-001	7.99800E-001	1.61130E-009	1.59720E-009	1.11480E-009
269	22	23	1	1.32000E-002	-2.70000E-003	-3.00000E-003	4.03280E-009	1.70000E-009	5.71400E-010	3.46290E+000	7.85947E+002	7.88086E+002	2.13900E+000	5.61447E-001	7.98900E-001	1.56910E-009	1.86420E-009	9.55500E-010
273	20	23	1	1.32000E-002	-2.70000E-003	-3.00000E-003	4.59490E-009	1.60000E-009	4.68400E-010	3.45940E+000	7.76721E+002	7.78387E+002	1.66600E+000	5.70791E-001	7.99200E-001	1.48480E-009	1.80330E-009	8.43100E-010
277	18	23	1	1.33000E-002	-2.60000E-003	-3.00000E-003	5.43800E-009	1.70000E-009	1.32090E-009	3.45980E+000	7.69302E+002	7.71001E+002	1.69860E+000	5.71673E-001	8.00100E-001	1.73540E-009	1.91800E-009	8.99300E-010
281	16	23	1	1.33000E-002	-2.60000E-003	-3.00000E-003	6.46610E-009	1.80000E-009	6.56000E-011	3.44370E+000	7.68560E+002	7.69995E+002	1.43520E+000	5.76301E-001	7.99800E-001	1.46140E-009	1.66280E-009	3.27900E-010
285	14	23	1	1.32000E-002	-2.60000E-003	-3.00000E-003	6.28580E-009	1.70000E-009	9.40000E-012	3.45050E+000	7.62867E+002	7.64630E+002	1.76350E+000	5.79273E-001	8.00400E-001	1.49180E-009	1.58780E-009	4.68000E-011
289	12	23	1	1.32000E-002	-2.70000E-003	-3.00000E-003	6.46380E-009	1.80000E-009	5.80800E-010	3.45500E+000	7.55034E+002	7.56571E+002	1.53690E+000	5.75292E-001	7.99600E-001	1.80330E-009	1.66040E-009	1.64870E-009
293	10	23	1	1.32000E-002	-2.60000E-003	-3.00000E-003	4.75650E-009	1.70000E-009	6.43560E-009	3.45770E+000	7.61890E+002	7.63372E+002	1.48140E+000	5.76953E-001	8.00000E-001	1.63470E-009	1.74710E-009	5.15200E-010
297	8	23	1	1.31000E-002	-2.70000E-003	-3.00000E-003	3.71900E-009	1.80000E-009	2.11710E-009	3.45340E+000	7.82056E+002	7.83224E+002	1.16860E+000	5.57019E-001	7.99600E-001	1.79390E-009	1.91340E-009	1.54570E-009
299	8	25	1	1.35000E-002	-2.90000E-003	-3.20000E-003	4.02810E-009	1.80000E-009	2.21080E-009	3.51510E+000	7.57416E+002	7.60731E+002	3.31500E+000	5.66886E-001	8.00900E-001	1.87360E-009	1.80800E-009	2.16400E-009
303	10	25	1	1.33000E-002	-2.70000E-003	-3.00000E-003	4.36540E-009	1.70000E-009	6.18300E-010	3.45180E+000	7.82371E+002	7.84145E+002	1.77420E+000	5.63217E-001	7.99400E-001	1.66280E-009	1.95790E-009	1.07730E-009
307	12	25	1	1.31000E-002	-2.70000E-003	-3.00000E-003	4.90170E-009	1.60000E-009	1.18970E-009	3.45440E+000	7.60686E+002	7.62239E+002	1.55320E+000	5.80239E-001	7.99600E-001	1.74470E-009	1.67920E-009	7.96300E-010
311	14	25	1	1.33000E-002	-2.70000E-003	-3.00000E-003	5.21550E-009	1.70000E-009	2.58550E-009	3.45490E+000	7.60963E+002	7.62512E+002	1.54920E+000	5.79058E-001	8.00000E-001	1.98600E-009	1.79860E-009	1.03980E-009
315	16	25	1	1.32000E-002	-2.70000E-003	-3.00000E-003	4.70500E-009	1.80000E-009	2.34190E-009	3.45630E+000	7.68931E+002	7.71211E+002	2.27930E+000	5.69500E-001	7.99700E-001	1.85010E-009	1.77050E-009	1.39580E-009
319	18	25	1	1.32000E-002	-2.60000E-003	-3.00000E-003	4.47080E-009	1.60000E-009	1.81730E-009	3.47020E+000	7.74634E+002	7.76450E+002	1.81610E+000	5.75389E-001	7.99800E-001	1.69560E-009	1.55500E-009	4.96500E-010
323	20	25	1	1.31000E-002	-2.70000E-003	-3.00000E-003	4.19910E-009	1.50000E-009	2.55740E-009	3.46410E+000	7.83829E+002	7.85216E+002	1.38630E+000	5.68019E-001	7.99000E-001	1.88990E-009	1.83840E-009	1.05860E-009
333	18	27	1	1.33000E-002	-2.70000E-003	-3.00000E-003	3.61360E-009	1.60000E-009	3.27900E-010	3.47400E+000	7.83137E+002	7.85519E+002	2.38240E+000	5.60186E-001	7.99500E-001	1.75410E-009	1.83610E-009	3.18500E-010
337	16	27	1	1.32000E-002	-2.70000E-003	-3.00000E-003	3.52460E-009	1.70000E-009	7.77500E-010	3.46390E+000	7.80499E+002	7.82695E+002	2.19560E+000	5.66019E-001	8.00000E-001	1.91800E-009	1.77280E-009	2.81000E-010
341	14	27	1	1.31000E-002	-2.70000E-003	-3.00000E-003	3.65340E-009	1.70000E-009	3.18500E-010	3.45860E+000	7.79738E+002	7.81718E+002	1.98100E+000	5.68369E-001	7.99700E-001	1.70960E-009	1.88760E-009	7.49400E-010
345	12	27	1	1.32000E-002	-2.70000E-003	-3.00000E-003	4.55740E-009	1.60000E-009	2.71700E-010	3.44730E+000	7.79867E+002	7.81202E+002	1.33570E+000	5.58889E-001	7.99100E-001	1.55270E-009	1.91570E-009	1.29280E-009
348	10	27	1	1.32000E-002	-2.80000E-003	-3.10000E-003	3.68390E-009	1.50000E-009	1.73300E-009	3.50080E+000	7.61495E+002	7.64179E+002	2.68400E+000	5.67484E-001	8.01000E-001	2.00700E-009	1.79630E-009	7.30700E-010

