Program name	H0192AB_E4_CP1.dll
Lot number	C146419.00-CPTSTE07-250312-171445@CP
Wafer number	11
Date	2025/03/12
Time	17:18:36

No.U	X	Y	Bin	CONT@D	CONT@G	CONT@S	IGSS1	IGSSR1	IDSS1	VTH	BVDSS1	BVDSS2	BV2-BV1	RDSON1	VFSDS	IGSS2	IGSSR2	IDSS3
LimitU				0.5V	0.5V	0.5V	80nA	3uA	200nA	4V	900V	900V	50V	640mohm	1V	80nA	80nA	150nA
LimitL				-0.5V	-0.5V	-0.5V	0nA	0uA	0nA	3V	700V	700V	-10V	0mohm	0V	0nA	0nA	0nA
Bias 1				 	 	 	 	 	 	100uA	250uA	1mA	 	1A	 	 	 	 
Bias 2				 	 	 	 	 	 	 	 	 	 	 	2A	 	 	 
Bias 3				2V	 	 	 	 	700V	 	 	 	 	 	 	 	 	600V
Bias 4				 	2V	 	30V	-30V	 	 	 	 	 	10V	0V	20V	-20V	 
Bias 5				1000uS	8000uS	8000uS	12000uS	12000uS	10000uS	2000uS	10000uS	8000uS	1000uS	50000uS	5000uS	12000uS	12000uS	10000uS
Bias 6				 	 	 	 	 	 	 	 	 	 	 	 	 	 	 
3	17	6	5	1.32000E-002	1.10000E-003	9.00000E-004	3.28100E-009	1.50000E-009	5.46550E-006
7	15	6	1	1.32000E-002	1.10000E-003	9.00000E-004	3.48480E-009	1.60000E-009	2.24800E-010	3.52230E+000	7.55250E+002	7.57968E+002	2.71790E+000	5.89568E-001	7.97300E-001	1.18030E-009	1.80560E-009	1.55500E-009
11	13	6	1	1.31000E-002	1.10000E-003	9.00000E-004	3.88520E-009	1.80000E-009	4.08430E-009	3.53570E+000	7.51034E+002	7.54649E+002	3.61440E+000	5.79170E-001	7.98300E-001	1.32790E-009	1.72360E-009	9.64900E-010
20	9	8	5	1.32000E-002	1.10000E-003	9.00000E-004	3.68380E-009	9.00000E-010	1.38140E-005
24	11	8	1	1.31000E-002	1.20000E-003	9.00000E-004	3.37000E-009	1.70000E-009	2.00470E-009	3.48220E+000	7.83918E+002	7.84432E+002	5.14600E-001	5.59030E-001	7.96200E-001	1.29740E-009	1.78450E-009	1.48010E-009
28	13	8	1	1.32000E-002	1.10000E-003	9.00000E-004	3.15450E-009	1.30000E-009	4.68400E-010	3.46870E+000	7.85143E+002	7.87656E+002	2.51270E+000	5.70563E-001	7.96500E-001	1.17100E-009	1.81500E-009	3.55030E-009
32	15	8	1	1.31000E-002	1.20000E-003	1.00000E-003	3.69550E-009	1.80000E-009	1.15220E-009	3.46710E+000	7.73423E+002	7.75212E+002	1.78930E+000	5.84105E-001	7.97100E-001	1.44960E-009	1.83840E-009	2.05150E-009
36	17	8	1	1.32000E-002	1.10000E-003	1.00000E-003	3.56200E-009	1.40000E-009	1.68620E-009	3.43200E+000	7.73704E+002	7.75583E+002	1.87900E+000	5.80544E-001	7.97000E-001	8.50100E-010	1.76810E-009	1.76110E-009
40	19	8	1	1.31000E-002	1.20000E-003	1.00000E-003	4.12880E-009	1.50000E-009	1.62060E-009	3.45320E+000	7.81771E+002	7.82461E+002	6.89800E-001	5.67880E-001	7.95600E-001	1.23420E-009	1.91330E-009	3.18500E-009
45	21	10	1	1.32000E-002	1.20000E-003	1.00000E-003	3.75880E-009	1.60000E-009	1.01170E-009	3.45490E+000	7.83559E+002	7.84764E+002	1.20580E+000	5.60841E-001	7.95400E-001	9.60200E-010	1.81970E-009	1.58310E-009
49	19	10	1	1.32000E-002	1.20000E-003	9.00000E-004	4.17090E-009	1.60000E-009	1.76110E-009	3.46690E+000	7.65375E+002	7.67017E+002	1.64220E+000	5.86159E-001	7.96000E-001	1.27870E-009	1.79620E-009	3.09100E-010
53	17	10	1	1.33000E-002	1.20000E-003	9.00000E-004	4.51050E-009	1.40000E-009	1.10540E-009	3.43980E+000	7.57102E+002	7.58783E+002	1.68180E+000	5.93040E-001	7.96100E-001	9.74200E-010	1.58080E-009	3.25060E-009
57	15	10	1	1.32000E-002	1.20000E-003	9.00000E-004	4.71430E-009	1.60000E-009	2.74470E-009	3.45100E+000	7.60446E+002	7.62091E+002	1.64470E+000	5.92860E-001	7.97300E-001	1.03980E-009	1.78450E-009	3.06320E-009
61	13	10	1	1.32000E-002	1.20000E-003	9.00000E-004	4.67210E-009	1.50000E-009	2.63230E-009	3.47320E+000	7.68267E+002	7.70085E+002	1.81870E+000	5.85774E-001	7.97000E-001	1.04680E-009	1.73770E-009	2.33250E-009
65	11	10	1	1.31000E-002	1.20000E-003	9.00000E-004	3.43790E-009	1.70000E-009	1.26460E-009	3.48160E+000	7.88449E+002	7.89886E+002	1.43690E+000	5.71296E-001	7.96700E-001	1.31620E-009	1.79860E-009	1.46130E-009
69	9	10	1	1.32000E-002	1.20000E-003	1.00000E-003	3.25290E-009	1.70000E-009	1.86420E-009	3.47870E+000	7.82891E+002	7.84865E+002	1.97420E+000	5.56279E-001	7.95700E-001	1.28570E-009	1.99760E-009	1.51760E-009
73	7	10	3	1.33000E-002	6.70000E-003	1.20000E-003	1.38720E-005
79	7	12	1	1.33000E-002	1.20000E-003	9.00000E-004	3.33250E-009	1.70000E-009	1.57380E-009	3.48800E+000	7.70229E+002	7.72463E+002	2.23380E+000	5.65993E-001	7.96100E-001	1.23650E-009	1.81970E-009	3.03510E-009
83	9	12	1	1.33000E-002	1.20000E-003	9.00000E-004	3.67910E-009	1.40000E-009	3.69080E-009	3.47000E+000	7.87643E+002	7.89264E+002	1.62140E+000	5.66346E-001	7.96300E-001	1.35830E-009	1.64870E-009	8.15000E-010
87	11	12	1	1.32000E-002	1.20000E-003	1.00000E-003	4.41210E-009	1.60000E-009	1.80800E-009	3.47590E+000	7.73713E+002	7.75311E+002	1.59800E+000	5.79747E-001	7.96200E-001	1.10300E-009	1.83370E-009	1.40510E-009
91	13	12	1	1.32000E-002	1.20000E-003	1.00000E-003	5.33950E-009	1.60000E-009	2.38870E-009	3.47590E+000	7.63721E+002	7.65139E+002	1.41850E+000	5.82826E-001	7.96700E-001	1.05150E-009	1.94610E-009	1.18970E-009
95	15	12	1	1.32000E-002	1.20000E-003	1.00000E-003	5.72830E-009	1.70000E-009	3.36300E-009	3.44280E+000	7.61067E+002	7.62734E+002	1.66680E+000	5.90187E-001	7.96200E-001	9.78900E-010	1.75170E-009	2.41680E-009
99	17	12	1	1.32000E-002	1.20000E-003	1.00000E-003	5.36300E-009	1.50000E-009	3.11010E-009	3.46070E+000	7.57373E+002	7.59289E+002	1.91650E+000	5.86375E-001	7.96500E-001	1.16860E-009	1.76350E-009	1.40510E-009
103	19	12	1	1.31000E-002	1.30000E-003	1.00000E-003	5.35590E-009	1.50000E-009	2.26700E-009	3.45960E+000	7.60242E+002	7.61859E+002	1.61780E+000	5.85120E-001	7.95900E-001	1.08430E-009	2.03280E-009	2.46370E-009
107	21	12	1	1.32000E-002	1.30000E-003	1.00000E-003	3.80090E-009	1.30000E-009	1.81730E-009	3.46170E+000	7.73290E+002	7.74859E+002	1.56890E+000	5.75141E-001	7.95600E-001	9.11000E-010	1.84540E-009	1.96700E-010
111	23	12	1	1.31000E-002	1.20000E-003	9.00000E-004	3.63230E-009	1.70000E-009	2.02340E-009	3.48690E+000	7.79125E+002	7.80988E+002	1.86230E+000	5.44810E-001	7.96500E-001	1.44030E-009	1.99300E-009	1.68620E-009
113	23	14	1	1.31000E-002	1.30000E-003	1.00000E-003	3.49880E-009	1.20000E-009	3.15690E-009	3.48640E+000	7.85761E+002	7.87711E+002	1.94970E+000	5.52195E-001	7.96400E-001	1.02580E-009	1.88290E-009	9.83600E-010
117	21	14	1	1.32000E-002	1.30000E-003	1.00000E-003	4.40980E-009	1.50000E-009	3.45670E-009	3.46860E+000	7.65661E+002	7.67419E+002	1.75850E+000	5.73370E-001	7.95700E-001	1.10300E-009	1.92500E-009	9.55500E-010
121	19	14	1	1.32000E-002	1.30000E-003	1.00000E-003	5.54090E-009	1.50000E-009	6.14520E-009	3.46790E+000	7.59386E+002	7.61093E+002	1.70700E+000	5.80244E-001	7.96200E-001	8.12600E-010	1.46600E-009	2.22950E-009
125	17	14	1	1.31000E-002	1.30000E-003	1.00000E-003	5.77280E-009	1.50000E-009	1.77980E-009	3.46040E+000	7.66572E+002	7.68092E+002	1.51930E+000	5.79589E-001	7.96300E-001	1.25290E-009	1.88050E-009	1.87350E-009
129	15	14	1	1.32000E-002	1.20000E-003	1.00000E-003	5.88050E-009	1.60000E-009	2.51990E-009	3.45220E+000	7.66718E+002	7.68171E+002	1.45250E+000	5.83383E-001	7.96200E-001	1.11240E-009	1.69090E-009	1.48010E-009
133	13	14	1	1.32000E-002	1.30000E-003	1.00000E-003	6.16390E-009	1.50000E-009	1.92040E-009	3.45420E+000	7.62983E+002	7.64617E+002	1.63450E+000	5.83793E-001	7.96900E-001	9.78900E-010	1.77050E-009	2.52930E-009
137	11	14	1	1.32000E-002	1.20000E-003	1.00000E-003	5.33720E-009	1.50000E-009	2.12640E-009	3.47350E+000	7.71688E+002	7.73351E+002	1.66340E+000	5.70858E-001	7.96200E-001	9.74200E-010	1.71190E-009	2.42620E-009
141	9	14	1	1.32000E-002	1.30000E-003	9.00000E-004	4.17560E-009	1.40000E-009	2.21080E-009	3.47250E+000	7.76862E+002	7.78354E+002	1.49210E+000	5.73764E-001	7.96400E-001	1.18270E-009	2.04920E-009	9.36800E-010
145	7	14	1	1.31000E-002	1.20000E-003	1.00000E-003	3.55270E-009	1.40000E-009	4.96480E-009	3.47970E+000	7.84551E+002	7.86483E+002	1.93210E+000	5.57224E-001	7.96500E-001	1.26460E-009	1.54800E-009	1.02110E-009
151	5	16	2	1.32000E-002	1.09500E-001	4.09300E+000
155	7	16	1	1.31000E-002	1.20000E-003	9.00000E-004	3.74000E-009	1.50000E-009	3.48480E-009	3.47720E+000	7.90033E+002	7.92101E+002	2.06820E+000	5.57499E-001	7.98300E-001	9.88300E-010	1.73770E-009	2.87590E-009
159	9	16	1	1.32000E-002	1.20000E-003	1.00000E-003	4.51750E-009	1.60000E-009	4.12180E-009	3.47450E+000	7.68589E+002	7.70195E+002	1.60640E+000	5.81496E-001	7.98100E-001	1.12410E-009	1.94380E-009	1.84540E-009
163	11	16	1	1.32000E-002	1.20000E-003	1.00000E-003	5.64870E-009	1.40000E-009	6.35120E-009	3.48520E+000	7.76230E+002	7.78398E+002	2.16740E+000	5.73040E-001	7.96700E-001	1.22720E-009	1.62290E-009	1.93910E-009
167	13	16	1	1.31000E-002	1.20000E-003	1.00000E-003	5.72360E-009	1.40000E-009	3.39110E-009	3.45120E+000	7.73949E+002	7.75649E+002	1.69970E+000	5.69280E-001	7.97900E-001	1.16630E-009	1.81500E-009	2.33250E-009
171	15	16	1	1.32000E-002	1.20000E-003	1.00000E-003	6.09600E-009	1.50000E-009	3.11010E-009	3.44280E+000	7.65552E+002	7.67243E+002	1.69120E+000	5.66979E-001	7.96300E-001	1.12880E-009	1.50580E-009	2.66980E-009
175	17	16	1	1.32000E-002	1.30000E-003	1.00000E-003	5.98590E-009	1.60000E-009	4.01870E-009	3.45430E+000	7.71637E+002	7.73329E+002	1.69210E+000	5.70519E-001	7.96000E-001	1.43790E-009	1.79860E-009	2.68850E-009
179	19	16	1	1.32000E-002	1.30000E-003	1.00000E-003	6.01170E-009	1.70000E-009	4.16860E-009	3.46760E+000	7.66606E+002	7.68117E+002	1.51110E+000	5.78401E-001	7.96200E-001	1.23420E-009	1.81260E-009	2.05150E-009
183	21	16	1	1.31000E-002	1.30000E-003	1.10000E-003	4.53390E-009	1.40000E-009	4.23420E-009	3.47410E+000	7.69392E+002	7.71095E+002	1.70250E+000	5.77656E-001	7.96800E-001	9.81300E-010	2.01170E-009	1.48950E-009
187	23	16	1	1.31000E-002	1.20000E-003	1.00000E-003	3.70490E-009	1.40000E-009	1.75170E-009	3.48490E+000	7.87610E+002	7.89208E+002	1.59800E+000	5.63684E-001	7.97500E-001	1.11940E-009	1.93210E-009	1.08660E-009
191	23	18	1	1.31000E-002	1.20000E-003	1.00000E-003	3.84070E-009	1.40000E-009	2.90400E-009	3.48650E+000	7.90331E+002	7.91921E+002	1.59010E+000	5.65521E-001	7.97800E-001	1.03510E-009	1.66280E-009	2.75410E-009
195	21	18	1	1.32000E-002	1.30000E-003	1.00000E-003	5.07260E-009	1.60000E-009	1.92040E-009	3.46380E+000	7.70879E+002	7.72664E+002	1.78500E+000	5.77566E-001	7.95800E-001	1.00700E-009	1.86180E-009	1.67680E-009
199	19	18	1	1.32000E-002	1.20000E-003	1.00000E-003	5.69320E-009	1.50000E-009	2.29510E-009	3.41850E+000	7.74284E+002	7.76335E+002	2.05110E+000	5.77396E-001	7.95800E-001	1.22720E-009	1.63460E-009	1.16160E-009
203	17	18	1	1.32000E-002	1.20000E-003	1.00000E-003	6.07720E-009	1.70000E-009	2.03280E-009	3.42870E+000	7.73002E+002	7.74457E+002	1.45580E+000	5.70394E-001	7.95300E-001	1.00700E-009	1.67680E-009	2.14520E-009
207	15	18	1	1.32000E-002	1.20000E-003	1.00000E-003	6.10770E-009	1.80000E-009	2.10770E-009	3.37630E+000	7.64750E+002	7.66142E+002	1.39160E+000	5.59654E-001	7.95700E-001	1.27630E-009	1.83840E-009	1.17100E-009
211	13	18	1	1.33000E-002	1.30000E-003	1.00000E-003	5.82200E-009	1.30000E-009	6.18300E-010	3.45300E+000	7.73098E+002	7.74604E+002	1.50600E+000	5.69295E-001	7.95300E-001	9.88300E-010	1.49180E-009	1.27400E-009
215	11	18	1	1.32000E-002	1.20000E-003	1.00000E-003	5.28800E-009	1.70000E-009	6.55730E-009	3.48940E+000	7.78039E+002	7.80210E+002	2.17080E+000	5.73001E-001	7.97500E-001	1.14520E-009	1.67450E-009	1.16160E-009
219	9	18	1	1.31000E-002	1.20000E-003	9.00000E-004	4.46370E-009	1.70000E-009	2.68850E-009	3.46970E+000	7.66619E+002	7.68065E+002	1.44640E+000	5.82645E-001	7.97700E-001	1.22250E-009	1.97660E-009	4.12200E-010
223	7	18	1	1.32000E-002	1.30000E-003	9.00000E-004	3.33490E-009	1.30000E-009	1.36770E-009	3.48040E+000	7.89033E+002	7.91142E+002	2.10870E+000	5.59668E-001	7.98200E-001	1.00000E-009	1.70960E-009	2.10770E-009
231	7	20	1	1.32000E-002	1.30000E-003	9.00000E-004	3.20840E-009	1.50000E-009	1.62060E-009	3.46290E+000	7.86761E+002	7.88422E+002	1.66080E+000	5.60324E-001	7.98600E-001	1.16160E-009	1.74470E-009	1.82670E-009
235	9	20	1	1.32000E-002	1.30000E-003	9.00000E-004	4.22480E-009	1.50000E-009	6.45430E-009	3.46520E+000	7.69757E+002	7.71191E+002	1.43360E+000	5.81643E-001	7.97000E-001	1.11710E-009	1.76110E-009	3.56000E-010
239	11	20	1	1.32000E-002	1.20000E-003	1.00000E-003	5.62760E-009	1.40000E-009	7.93440E-009	3.48150E+000	7.71136E+002	7.72963E+002	1.82670E+000	5.75739E-001	7.96700E-001	1.14520E-009	1.66040E-009	2.04210E-009
243	13	20	1	1.32000E-002	1.30000E-003	1.00000E-003	5.86880E-009	1.60000E-009	5.71400E-010	3.45710E+000	7.68887E+002	7.70507E+002	1.61930E+000	5.80221E-001	7.96000E-001	1.22950E-009	1.65340E-009	3.45670E-009
247	15	20	1	1.33000E-002	1.30000E-003	1.00000E-003	6.42850E-009	1.60000E-009	2.68850E-009	3.38590E+000	7.68578E+002	7.70036E+002	1.45860E+000	5.75288E-001	7.96000E-001	1.22720E-009	1.73540E-009	9.74200E-010
251	17	20	1	1.33000E-002	1.30000E-003	1.00000E-003	5.91800E-009	1.40000E-009	1.70490E-009	3.43440E+000	7.70648E+002	7.72077E+002	1.42920E+000	5.74882E-001	7.96200E-001	9.20400E-010	1.80090E-009	7.58800E-010
255	19	20	1	1.31000E-002	1.30000E-003	1.00000E-003	5.80090E-009	1.50000E-009	8.43100E-010	3.45890E+000	7.71345E+002	7.72863E+002	1.51830E+000	5.84361E-001	7.95800E-001	1.09600E-009	1.82670E-009	2.74470E-009
259	21	20	1	1.31000E-002	1.30000E-003	1.00000E-003	4.41210E-009	1.60000E-009	2.54800E-009	3.46560E+000	7.73187E+002	7.74910E+002	1.72230E+000	5.80079E-001	7.95500E-001	1.18030E-009	1.82900E-009	1.22720E-009
263	23	20	1	1.31000E-002	1.20000E-003	9.00000E-004	3.58080E-009	1.70000E-009	2.26700E-009	3.47960E+000	7.92477E+002	7.94358E+002	1.88110E+000	5.62755E-001	7.96300E-001	1.36060E-009	1.86420E-009	3.45670E-009
265	23	22	1	1.33000E-002	1.20000E-003	9.00000E-004	4.80090E-009	1.10000E-009	8.43000E-011	3.46420E+000	7.87871E+002	7.89955E+002	2.08370E+000	5.57116E-001	7.94900E-001	1.83370E-009	1.42860E-009	9.55500E-010
266	21	22	1	1.32000E-002	1.20000E-003	1.00000E-003	4.04680E-009	1.60000E-009	2.22950E-009	3.46990E+000	7.81634E+002	7.83235E+002	1.60100E+000	5.77928E-001	7.95200E-001	1.48710E-009	1.82900E-009	1.63000E-009
270	19	22	1	1.32000E-002	1.30000E-003	1.00000E-003	5.04210E-009	1.60000E-009	1.73300E-009	3.45840E+000	7.64989E+002	7.66455E+002	1.46620E+000	5.81680E-001	7.95800E-001	1.11010E-009	1.64170E-009	1.79860E-009
274	17	22	1	1.33000E-002	1.30000E-003	1.00000E-003	5.68380E-009	1.50000E-009	5.34000E-010	3.46860E+000	7.69253E+002	7.70900E+002	1.64650E+000	5.86372E-001	7.96500E-001	1.00940E-009	1.84780E-009	7.40000E-010
278	15	22	1	1.31000E-002	1.30000E-003	1.00000E-003	6.05150E-009	1.30000E-009	2.19200E-009	3.43790E+000	7.62263E+002	7.63828E+002	1.56570E+000	5.84796E-001	7.96200E-001	1.07030E-009	1.97660E-009	1.65810E-009
282	13	22	1	1.31000E-002	1.30000E-003	1.00000E-003	6.04910E-009	1.40000E-009	1.55500E-009	3.47290E+000	7.66850E+002	7.68634E+002	1.78360E+000	5.85081E-001	7.96800E-001	7.14300E-010	1.75880E-009	2.35130E-009
286	11	22	1	1.32000E-002	1.30000E-003	1.00000E-003	5.51050E-009	1.40000E-009	5.94840E-009	3.48260E+000	7.66254E+002	7.67806E+002	1.55210E+000	5.80274E-001	7.96800E-001	8.68800E-010	1.94140E-009	1.29270E-009
290	9	22	1	1.32000E-002	1.30000E-003	1.00000E-003	4.10300E-009	1.50000E-009	8.52450E-009	3.47630E+000	7.84797E+002	7.86053E+002	1.25590E+000	5.73371E-001	7.96700E-001	1.00470E-009	1.73770E-009	1.62060E-009
294	7	22	1	1.32000E-002	1.30000E-003	1.00000E-003	3.01170E-009	1.40000E-009	5.55500E-009	3.49610E+000	7.80675E+002	7.82921E+002	2.24590E+000	5.63815E-001	7.97800E-001	1.12410E-009	1.66040E-009	2.07960E-009
300	9	24	1	1.32000E-002	1.30000E-003	1.00000E-003	3.74000E-009	1.50000E-009	4.14990E-009	3.47490E+000	7.91243E+002	7.91991E+002	7.47600E-001	5.60253E-001	7.96300E-001	9.74200E-010	1.88050E-009	2.16390E-009
304	11	24	1	1.32000E-002	1.20000E-003	1.00000E-003	4.85480E-009	1.30000E-009	8.83370E-009	3.47670E+000	7.79875E+002	7.81580E+002	1.70540E+000	5.77404E-001	7.96700E-001	9.67200E-010	1.67910E-009	1.38640E-009
308	13	24	1	1.32000E-002	1.30000E-003	1.00000E-003	5.31140E-009	1.60000E-009	8.33700E-010	3.47790E+000	7.69248E+002	7.70848E+002	1.60000E+000	5.82633E-001	7.96100E-001	1.26230E-009	1.86420E-009	9.64900E-010
312	15	24	1	1.32000E-002	1.30000E-003	1.00000E-003	5.34890E-009	1.50000E-009	2.31380E-009	3.46790E+000	7.59199E+002	7.61155E+002	1.95640E+000	5.83754E-001	7.96300E-001	1.08430E-009	1.54800E-009	1.78920E-009
316	17	24	1	1.32000E-002	1.30000E-003	1.00000E-003	4.71430E-009	1.60000E-009	1.75170E-009	3.47680E+000	7.67693E+002	7.69200E+002	1.50710E+000	5.89145E-001	7.96600E-001	9.57800E-010	1.68150E-009	1.58310E-009
320	19	24	1	1.32000E-002	1.30000E-003	1.00000E-003	4.46600E-009	1.60000E-009	2.60420E-009	3.47430E+000	7.73302E+002	7.74977E+002	1.67480E+000	5.84445E-001	7.96900E-001	1.24120E-009	1.63000E-009	1.33960E-009
324	21	24	1	1.34000E-002	1.30000E-003	1.00000E-003	3.91330E-009	1.50000E-009	1.64870E-009	3.48050E+000	7.91008E+002	7.92763E+002	1.75530E+000	5.68008E-001	7.95600E-001	1.46130E-009	1.96020E-009	1.76110E-009
327	19	26	1	1.33000E-002	1.20000E-003	1.00000E-003	3.73300E-009	1.60000E-009	1.81730E-009	3.47060E+000	7.88248E+002	7.90350E+002	2.10130E+000	5.73067E-001	7.95700E-001	1.54100E-009	1.69550E-009	2.66040E-009
330	17	26	1	1.32000E-002	1.30000E-003	1.00000E-003	3.52930E-009	1.60000E-009	2.66040E-009	3.46790E+000	7.76612E+002	7.78120E+002	1.50770E+000	5.82250E-001	7.96700E-001	1.38410E-009	1.67450E-009	1.60190E-009
334	15	26	1	1.31000E-002	1.20000E-003	1.00000E-003	4.00700E-009	1.40000E-009	2.57610E-009	3.46150E+000	7.71446E+002	7.73176E+002	1.72980E+000	5.81408E-001	7.96300E-001	1.23180E-009	1.82900E-009	2.34190E-009
338	13	26	1	1.32000E-002	1.20000E-003	1.00000E-003	4.07020E-009	1.40000E-009	1.80800E-009	3.46780E+000	7.78556E+002	7.80283E+002	1.72750E+000	5.77662E-001	7.96700E-001	1.14520E-009	1.77050E-009	1.78920E-009
342	11	26	1	1.32000E-002	1.20000E-003	9.00000E-004	4.12880E-009	1.60000E-009	3.07260E-009	3.47280E+000	7.89960E+002	7.92704E+002	2.74350E+000	5.59117E-001	7.96300E-001	1.22010E-009	1.58080E-009	1.00230E-009
346	9	26	1	1.32000E-002	1.20000E-003	9.00000E-004	3.50110E-009	1.50000E-009	2.11710E-009	3.50070E+000	7.75857E+002	7.77995E+002	2.13820E+000	5.67495E-001	7.97500E-001	1.33960E-009	2.02570E-009	3.01640E-009
350	13	28	1	1.35000E-002	1.20000E-003	9.00000E-004	3.70960E-009	1.50000E-009	1.61120E-009	3.48540E+000	7.82394E+002	7.84812E+002	2.41870E+000	5.60902E-001	7.95900E-001	1.39580E-009	1.73540E-009	1.47070E-009
352	15	28	1	1.34000E-002	1.20000E-003	9.00000E-004	3.39580E-009	1.40000E-009	1.35830E-009	3.47380E+000	7.84659E+002	7.86706E+002	2.04730E+000	5.63695E-001	7.96300E-001	1.43560E-009	1.57610E-009	2.62290E-009
354	17	28	1	1.33000E-002	1.20000E-003	9.00000E-004	3.63930E-009	1.20000E-009	1.87400E-010	3.48470E+000	7.82182E+002	7.84343E+002	2.16080E+000	5.65587E-001	7.96600E-001	1.77520E-009	1.46370E-009	4.01870E-009

4	18	6	1	1.32000E-002	2.40000E-003	2.00000E-003	3.73490E-009	1.70000E-009	7.86800E-010	3.55190E+000	7.26586E+002	7.30595E+002	4.00830E+000	5.85756E-001	7.97400E-001	2.11680E-009	2.15190E-009	2.93170E-009
8	16	6	1	1.32000E-002	2.30000E-003	2.00000E-003	3.28760E-009	1.90000E-009	5.71400E-010	3.51820E+000	7.56702E+002	7.59447E+002	2.74500E+000	5.86523E-001	7.96300E-001	1.55480E-009	2.09110E-009	1.59200E-010
12	14	6	1	1.31000E-002	2.30000E-003	2.00000E-003	3.97610E-009	2.20000E-009	7.77400E-010	3.52990E+000	7.54191E+002	7.57521E+002	3.33010E+000	5.86463E-001	7.97100E-001	1.89900E-009	1.86860E-009	9.08500E-010
15	12	6	5	1.36000E-002	2.30000E-003	1.90000E-003	4.30150E-009	1.20000E-009	1.26060E-005
21	10	8	1	1.32000E-002	2.30000E-003	2.00000E-003	3.67870E-009	1.50000E-009	1.54550E-009	3.51380E+000	7.70169E+002	7.72699E+002	2.53020E+000	5.63994E-001	7.95400E-001	1.96460E-009	2.21050E-009	3.84000E-010
25	12	8	1	1.31000E-002	2.30000E-003	2.00000E-003	4.08610E-009	2.10000E-009	1.42370E-009	3.46290E+000	7.84743E+002	7.85861E+002	1.11860E+000	5.66626E-001	7.94400E-001	1.83820E-009	1.93890E-009	2.15430E-009
29	14	8	1	1.32000E-002	2.40000E-003	2.00000E-003	3.67630E-009	1.80000E-009	1.59200E-010	3.47300E+000	7.76498E+002	7.78337E+002	1.83910E+000	5.80046E-001	7.95900E-001	1.56890E-009	2.03250E-009	7.11900E-010
33	16	8	1	1.31000E-002	2.30000E-003	2.10000E-003	3.97610E-009	2.10000E-009	4.30900E-010	3.34640E+000	7.73885E+002	7.75679E+002	1.79400E+000	5.84627E-001	7.95400E-001	1.73750E-009	2.18940E-009	1.83580E-009
37	18	8	1	1.32000E-002	2.30000E-003	2.00000E-003	3.79580E-009	1.70000E-009	6.65000E-010	3.47440E+000	7.83199E+002	7.86516E+002	3.31710E+000	5.69504E-001	7.95800E-001	1.33940E-009	1.98800E-009	1.02090E-009
41	20	8	1	1.31000E-002	2.40000E-003	2.10000E-003	3.60840E-009	1.90000E-009	2.04190E-009	3.48090E+000	7.74602E+002	7.76675E+002	2.07290E+000	5.67441E-001	7.94600E-001	1.72810E-009	2.13560E-009	1.31100E-010
46	22	10	1	1.32000E-002	2.30000E-003	2.10000E-003	3.75830E-009	1.80000E-009	6.18200E-010	3.48130E+000	7.74158E+002	7.76037E+002	1.87950E+000	5.56328E-001	7.94500E-001	1.44950E-009	2.04890E-009	3.37200E-010
50	20	10	1	1.32000E-002	2.40000E-003	2.10000E-003	4.27580E-009	1.90000E-009	8.14900E-010	3.45900E+000	7.74167E+002	7.75724E+002	1.55690E+000	5.75874E-001	7.94800E-001	1.82180E-009	1.95060E-009	1.96700E-010
54	18	10	1	1.33000E-002	2.40000E-003	2.00000E-003	4.66450E-009	1.80000E-009	1.12400E-010	3.47750E+000	7.65289E+002	7.67205E+002	1.91600E+000	5.86808E-001	7.95000E-001	1.42140E-009	1.93650E-009	4.40200E-010
58	16	10	1	1.32000E-002	2.30000E-003	2.00000E-003	5.17960E-009	1.90000E-009	8.24200E-010	3.43160E+000	7.61264E+002	7.62966E+002	1.70170E+000	5.90904E-001	7.94800E-001	1.37220E-009	2.09340E-009	1.32070E-009
62	14	10	1	1.32000E-002	2.40000E-003	2.10000E-003	5.33890E-009	1.70000E-009	1.03970E-009	3.46130E+000	7.61877E+002	7.63472E+002	1.59490E+000	5.91358E-001	7.95600E-001	1.39560E-009	1.99970E-009	1.81710E-009
66	12	10	1	1.31000E-002	2.40000E-003	2.10000E-003	4.11190E-009	2.00000E-009	1.29260E-009	3.46770E+000	7.74502E+002	7.76012E+002	1.51010E+000	5.83657E-001	7.95300E-001	1.62980E-009	2.15900E-009	1.92950E-009
70	10	10	1	1.32000E-002	2.40000E-003	2.10000E-003	3.68100E-009	1.90000E-009	1.85460E-009	3.47410E+000	7.88819E+002	7.90452E+002	1.63320E+000	5.62052E-001	7.94900E-001	1.65320E-009	2.35100E-009	2.21050E-009
74	8	10	1	1.33000E-002	2.40000E-003	2.10000E-003	4.71840E-009	1.80000E-009	4.21500E-010	3.51290E+000	7.64747E+002	7.68522E+002	3.77430E+000	5.62998E-001	7.95800E-001	1.63440E-009	2.43290E-009	3.27800E-010
77	6	12	3	1.35000E-002	3.80000E-003	2.20000E-003	1.38570E-005
80	8	12	1	1.33000E-002	2.40000E-003	2.00000E-003	3.85430E-009	1.80000E-009	2.36970E-009	3.46440E+000	7.88564E+002	7.88319E+002	-2.45900E-001	5.55576E-001	7.95200E-001	1.70700E-009	2.00910E-009	8.71100E-010
84	10	12	1	1.33000E-002	2.40000E-003	2.10000E-003	4.47950E-009	1.80000E-009	1.47990E-009	3.46420E+000	7.77143E+002	7.78660E+002	1.51730E+000	5.77148E-001	7.94600E-001	1.90370E-009	1.92010E-009	9.17900E-010
88	12	12	1	1.32000E-002	2.40000E-003	2.10000E-003	5.23820E-009	1.80000E-009	1.56420E-009	3.46830E+000	7.62282E+002	7.64232E+002	1.95030E+000	5.85309E-001	7.94900E-001	1.51740E-009	2.06530E-009	1.78000E-010
92	14	12	1	1.32000E-002	2.40000E-003	2.10000E-003	5.99450E-009	1.90000E-009	2.04190E-009	3.46590E+000	7.60520E+002	7.62389E+002	1.86960E+000	5.88068E-001	7.95700E-001	1.45880E-009	2.15190E-009	7.49000E-011
96	16	12	1	1.32000E-002	2.40000E-003	2.20000E-003	5.93130E-009	1.90000E-009	6.56000E-011	3.33920E+000	7.67554E+002	7.68801E+002	1.24750E+000	5.88181E-001	7.95300E-001	1.38160E-009	1.97870E-009	1.16140E-009
100	18	12	1	1.32000E-002	2.40000E-003	2.10000E-003	5.47940E-009	1.80000E-009	1.03030E-009	3.47580E+000	7.62054E+002	7.63765E+002	1.71100E+000	5.81676E-001	7.95100E-001	1.52910E-009	1.99270E-009	6.27600E-010
104	20	12	1	1.31000E-002	2.40000E-003	2.00000E-003	4.71130E-009	1.80000E-009	6.55700E-010	3.46290E+000	7.66865E+002	7.68573E+002	1.70750E+000	5.81234E-001	7.95100E-001	1.57590E-009	2.23620E-009	1.47050E-009
108	22	12	1	1.32000E-002	2.40000E-003	2.10000E-003	3.75830E-009	1.80000E-009	9.27300E-010	3.46810E+000	7.84584E+002	7.86566E+002	1.98260E+000	5.60059E-001	7.95100E-001	1.36050E-009	1.94590E-009	9.74100E-010
114	24	14	1	1.31000E-002	2.40000E-003	2.00000E-003	3.21270E-009	1.50000E-009	1.18950E-009	3.48310E+000	7.75079E+002	7.77114E+002	2.03530E+000	5.49416E-001	7.94800E-001	1.49390E-009	2.07230E-009	1.87330E-009
118	22	14	1	1.32000E-002	2.40000E-003	2.10000E-003	4.32030E-009	1.70000E-009	8.52300E-010	3.47040E+000	7.76874E+002	7.78357E+002	1.48240E+000	5.69489E-001	7.95600E-001	1.48690E-009	2.19880E-009	1.35810E-009
122	20	14	1	1.32000E-002	2.40000E-003	2.10000E-003	5.29440E-009	1.80000E-009	3.26890E-009	3.47190E+000	7.62882E+002	7.64504E+002	1.62270E+000	5.73860E-001	7.95100E-001	1.24340E-009	1.91080E-009	1.52670E-009
126	18	14	1	1.31000E-002	2.50000E-003	2.10000E-003	6.00620E-009	1.90000E-009	9.17900E-010	3.47520E+000	7.70471E+002	7.72040E+002	1.56930E+000	5.76391E-001	7.96100E-001	1.68600E-009	2.11920E-009	1.03970E-009
130	16	14	1	1.32000E-002	2.40000E-003	2.10000E-003	6.34580E-009	1.80000E-009	1.31100E-010	3.46300E+000	7.70016E+002	7.71608E+002	1.59200E+000	5.80654E-001	7.95200E-001	1.45180E-009	1.84990E-009	9.83500E-010
134	14	14	1	1.32000E-002	2.40000E-003	2.10000E-003	6.32940E-009	2.00000E-009	1.21760E-009	3.38110E+000	7.67201E+002	7.68602E+002	1.40160E+000	5.82974E-001	7.94900E-001	1.50330E-009	1.98570E-009	1.02090E-009
138	12	14	1	1.32000E-002	2.50000E-003	2.10000E-003	6.27790E-009	1.80000E-009	1.17080E-009	3.46680E+000	7.65692E+002	7.67161E+002	1.46870E+000	5.78777E-001	7.94800E-001	1.34640E-009	1.97160E-009	1.62040E-009
142	10	14	1	1.32000E-002	2.40000E-003	2.00000E-003	5.01570E-009	1.80000E-009	1.68600E-010	3.46800E+000	7.67446E+002	7.68852E+002	1.40680E+000	5.73059E-001	7.94300E-001	1.70240E-009	2.24090E-009	1.68600E-010
146	8	14	1	1.31000E-002	2.50000E-003	2.10000E-003	4.04400E-009	1.70000E-009	4.02800E-010	3.48280E+000	7.86547E+002	7.88206E+002	1.65850E+000	5.67896E-001	7.95600E-001	1.68830E-009	1.82880E-009	1.65790E-009
149	6	14	1	1.35000E-002	2.30000E-003	1.90000E-003	4.14000E-009	1.60000E-009	5.18900E-009	3.54150E+000	7.54412E+002	7.58057E+002	3.64500E+000	5.68708E-001	7.98500E-001	1.66960E-009	2.10980E-009	0.00000E+000
152	6	16	1	1.32000E-002	2.40000E-003	2.00000E-003	4.30860E-009	1.70000E-009	1.19890E-009	3.50660E+000	7.80214E+002	7.82358E+002	2.14350E+000	5.61364E-001	7.96400E-001	1.89200E-009	2.20110E-009	1.20830E-009
156	8	16	1	1.31000E-002	2.50000E-003	2.10000E-003	4.27810E-009	1.70000E-009	3.46600E-010	3.47660E+000	7.78001E+002	7.79738E+002	1.73730E+000	5.75850E-001	7.96800E-001	1.39790E-009	1.92480E-009	1.09590E-009
160	10	16	1	1.32000E-002	2.50000E-003	2.10000E-003	5.76970E-009	1.90000E-009	2.09810E-009	3.47510E+000	7.60606E+002	7.62480E+002	1.87480E+000	5.79689E-001	7.95900E-001	1.64380E-009	2.03020E-009	1.09590E-009
164	12	16	1	1.32000E-002	2.50000E-003	2.10000E-003	6.36920E-009	1.80000E-009	5.90100E-010	3.46440E+000	7.66874E+002	7.68401E+002	1.52760E+000	5.77953E-001	7.95600E-001	1.62980E-009	1.79130E-009	1.62040E-009
168	14	16	1	1.31000E-002	2.40000E-003	2.10000E-003	6.00620E-009	1.70000E-009	9.46000E-010	3.43820E+000	7.71116E+002	7.72997E+002	1.88160E+000	5.70382E-001	7.94600E-001	1.64150E-009	1.96230E-009	9.55400E-010
172	16	16	1	1.32000E-002	2.40000E-003	2.10000E-003	6.42770E-009	1.90000E-009	1.92950E-009	3.44640E+000	7.71470E+002	7.72889E+002	1.41900E+000	5.68290E-001	7.94500E-001	1.59000E-009	1.77490E-009	1.66720E-009
176	18	16	1	1.32000E-002	2.40000E-003	2.10000E-003	6.20290E-009	2.00000E-009	5.24500E-010	3.46300E+000	7.75627E+002	7.77384E+002	1.75670E+000	5.70254E-001	7.96100E-001	1.62980E-009	2.04420E-009	1.11460E-009
180	20	16	1	1.32000E-002	2.40000E-003	2.10000E-003	5.95940E-009	2.00000E-009	2.63200E-009	3.46990E+000	7.62905E+002	7.64844E+002	1.93950E+000	5.78070E-001	7.95700E-001	1.76090E-009	1.96460E-009	1.41430E-009
184	22	16	1	1.31000E-002	2.50000E-003	2.10000E-003	4.35770E-009	1.80000E-009	7.30600E-010	3.47940E+000	7.76468E+002	7.77940E+002	1.47230E+000	5.76661E-001	7.95900E-001	1.35350E-009	2.19880E-009	1.40500E-010
188	24	16	1	1.31000E-002	2.40000E-003	2.10000E-003	3.85900E-009	1.60000E-009	1.12400E-009	3.47110E+000	7.82580E+002	7.84523E+002	1.94340E+000	5.56578E-001	7.94500E-001	1.50100E-009	2.11680E-009	1.21800E-010
192	24	18	1	1.31000E-002	2.40000E-003	2.10000E-003	4.02990E-009	1.80000E-009	1.10520E-009	3.44780E+000	7.84814E+002	7.86603E+002	1.78840E+000	5.57428E-001	7.94800E-001	1.44240E-009	1.86390E-009	1.12400E-009
196	22	18	1	1.32000E-002	2.40000E-003	2.10000E-003	4.54040E-009	1.90000E-009	1.16140E-009	3.46960E+000	7.81151E+002	7.82444E+002	1.29300E+000	5.76238E-001	7.96000E-001	1.50100E-009	2.05830E-009	8.43000E-011
200	20	18	1	1.32000E-002	2.50000E-003	2.10000E-003	5.65970E-009	2.00000E-009	5.15200E-010	3.42390E+000	7.69702E+002	7.71563E+002	1.86070E+000	5.78908E-001	7.94900E-001	1.50800E-009	1.87330E-009	4.12100E-010
204	18	18	1	1.32000E-002	2.40000E-003	2.10000E-003	6.20060E-009	1.80000E-009	1.14270E-009	3.35500E+000	7.77015E+002	7.78766E+002	1.75120E+000	5.70330E-001	7.94300E-001	1.34640E-009	1.99970E-009	1.05840E-009
208	16	18	1	1.32000E-002	2.40000E-003	2.10000E-003	5.92190E-009	2.10000E-009	4.59000E-010	3.34050E+000	7.73000E+002	7.74865E+002	1.86470E+000	5.56750E-001	7.94000E-001	1.65550E-009	2.18710E-009	2.21980E-009
212	14	18	1	1.33000E-002	2.40000E-003	2.10000E-003	6.31060E-009	1.70000E-009	8.05500E-010	3.42570E+000	7.71081E+002	7.72724E+002	1.64290E+000	5.69549E-001	7.95000E-001	1.37450E-009	1.80770E-009	2.43500E-010
216	12	18	1	1.32000E-002	2.40000E-003	2.10000E-003	6.07880E-009	2.00000E-009	1.53610E-009	3.46120E+000	7.70749E+002	7.72287E+002	1.53820E+000	5.76678E-001	7.95600E-001	1.54310E-009	2.02780E-009	2.15430E-009
220	10	18	1	1.31000E-002	2.40000E-003	2.10000E-003	5.67370E-009	2.00000E-009	3.47500E-009	3.47550E+000	7.56458E+002	7.58202E+002	1.74410E+000	5.81579E-001	7.96400E-001	1.60400E-009	2.32990E-009	2.38840E-009
224	8	18	1	1.32000E-002	2.50000E-003	2.00000E-003	4.02990E-009	1.50000E-009	3.18500E-010	3.47220E+000	7.78472E+002	7.80070E+002	1.59860E+000	5.76505E-001	7.96800E-001	1.42140E-009	1.94590E-009	1.42370E-009
227	6	18	1	1.35000E-002	2.40000E-003	2.00000E-003	3.79580E-009	1.70000E-009	1.88270E-009	3.50490E+000	7.79317E+002	7.81367E+002	2.05080E+000	5.63406E-001	7.97200E-001	1.96700E-009	2.29710E-009	4.68000E-011
229	6	20	1	1.35000E-002	2.30000E-003	2.00000E-003	3.74190E-009	1.50000E-009	2.55700E-009	3.52700E+000	7.67288E+002	7.69395E+002	2.10770E+000	5.70828E-001	7.98200E-001	1.95290E-009	1.86160E-009	4.59000E-010
232	8	20	1	1.32000E-002	2.40000E-003	2.10000E-003	3.69740E-009	1.90000E-009	2.57580E-009	3.47380E+000	7.79514E+002	7.81283E+002	1.76940E+000	5.74500E-001	7.96500E-001	1.51270E-009	2.08640E-009	2.24790E-009
236	10	20	1	1.32000E-002	2.40000E-003	2.10000E-003	5.64800E-009	2.00000E-009	1.81710E-009	3.47420E+000	7.59057E+002	7.60502E+002	1.44490E+000	5.84438E-001	7.95700E-001	1.59230E-009	2.11450E-009	9.08500E-010
240	12	20	1	1.32000E-002	2.40000E-003	2.10000E-003	6.38790E-009	1.80000E-009	1.54550E-009	3.46240E+000	7.62122E+002	7.63612E+002	1.49070E+000	5.85827E-001	7.95000E-001	1.52200E-009	1.90370E-009	1.06780E-009
244	14	20	1	1.32000E-002	2.40000E-003	2.10000E-003	6.41370E-009	2.00000E-009	1.62040E-009	3.43680E+000	7.69097E+002	7.70482E+002	1.38490E+000	5.76451E-001	7.95000E-001	1.62740E-009	1.92710E-009	3.27800E-010
248	16	20	1	1.33000E-002	2.40000E-003	2.10000E-003	6.56590E-009	2.00000E-009	7.96100E-010	3.41060E+000	7.69609E+002	7.71158E+002	1.54860E+000	5.73266E-001	7.95100E-001	1.69300E-009	1.93420E-009	2.81000E-010
252	18	20	1	1.33000E-002	2.40000E-003	2.10000E-003	6.00390E-009	1.90000E-009	9.17900E-010	3.46090E+000	7.74038E+002	7.75627E+002	1.58980E+000	5.79124E-001	7.94900E-001	1.41900E-009	2.01610E-009	3.74700E-010
256	20	20	1	1.31000E-002	2.50000E-003	2.10000E-003	5.51220E-009	1.90000E-009	4.49600E-010	3.45590E+000	7.66402E+002	7.67969E+002	1.56720E+000	5.78611E-001	7.94800E-001	1.45650E-009	2.00910E-009	8.61700E-010
260	22	20	1	1.31000E-002	2.50000E-003	2.10000E-003	4.37650E-009	1.90000E-009	1.10520E-009	3.45100E+000	7.79676E+002	7.81127E+002	1.45130E+000	5.78599E-001	7.94400E-001	1.65080E-009	2.03250E-009	7.39900E-010
267	22	22	1	1.32000E-002	2.40000E-003	2.20000E-003	3.88710E-009	1.80000E-009	1.84520E-009	3.48200E+000	7.87050E+002	7.88388E+002	1.33820E+000	5.72460E-001	7.93900E-001	1.53140E-009	2.21750E-009	1.26450E-009
271	20	22	1	1.32000E-002	2.40000E-003	2.00000E-003	4.87060E-009	1.90000E-009	4.12100E-010	3.47270E+000	7.75038E+002	7.76752E+002	1.71420E+000	5.79795E-001	7.94300E-001	1.57820E-009	1.89200E-009	1.32070E-009
275	18	22	1	1.33000E-002	2.50000E-003	2.10000E-003	5.42550E-009	1.80000E-009	1.31100E-010	3.47430E+000	7.75953E+002	7.77742E+002	1.78950E+000	5.83559E-001	7.95500E-001	1.36280E-009	2.02320E-009	4.12100E-010
279	16	22	1	1.31000E-002	2.40000E-003	2.10000E-003	6.21000E-009	1.70000E-009	1.80770E-009	3.45800E+000	7.67011E+002	7.68386E+002	1.37580E+000	5.83628E-001	7.94600E-001	1.42840E-009	2.20110E-009	1.11460E-009
283	14	22	1	1.31000E-002	2.40000E-003	2.10000E-003	6.34810E-009	1.70000E-009	5.52600E-010	3.45740E+000	7.67001E+002	7.68439E+002	1.43750E+000	5.85240E-001	7.95600E-001	1.18250E-009	1.99040E-009	1.03030E-009
287	12	22	1	1.32000E-002	2.50000E-003	2.10000E-003	6.31060E-009	1.90000E-009	1.56420E-009	3.46750E+000	7.55459E+002	7.57017E+002	1.55810E+000	5.83357E-001	7.94900E-001	1.25740E-009	2.16830E-009	7.58700E-010
291	10	22	1	1.32000E-002	2.40000E-003	2.10000E-003	5.42550E-009	1.70000E-009	5.00170E-009	3.47510E+000	7.69311E+002	7.71289E+002	1.97870E+000	5.82012E-001	7.95700E-001	1.33940E-009	1.95290E-009	1.77960E-009
295	8	22	1	1.32000E-002	2.40000E-003	2.10000E-003	3.41410E-009	1.90000E-009	1.83580E-009	3.47510E+000	7.90807E+002	7.92787E+002	1.98050E+000	5.61410E-001	7.96600E-001	1.56890E-009	1.83580E-009	1.26450E-009
298	8	24	1	1.35000E-002	2.40000E-003	2.00000E-003	3.69040E-009	1.70000E-009	1.73280E-009	3.49510E+000	7.83315E+002	7.85191E+002	1.87540E+000	5.61331E-001	7.95900E-001	2.15900E-009	2.03490E-009	8.43000E-010
301	10	24	1	1.32000E-002	2.50000E-003	2.10000E-003	4.55910E-009	1.80000E-009	6.56000E-011	3.48020E+000	7.81392E+002	7.82840E+002	1.44790E+000	5.74123E-001	7.95300E-001	1.37690E-009	2.12380E-009	1.12400E-009
305	12	24	1	1.32000E-002	2.50000E-003	2.10000E-003	5.53320E-009	1.70000E-009	1.92010E-009	3.46990E+000	7.64706E+002	7.66333E+002	1.62720E+000	5.84845E-001	7.95400E-001	1.44010E-009	1.93420E-009	1.59230E-009
309	14	24	1	1.32000E-002	2.50000E-003	2.10000E-003	5.67370E-009	2.00000E-009	1.96700E-010	3.46650E+000	7.66287E+002	7.68002E+002	1.71450E+000	5.84062E-001	7.94800E-001	1.77960E-009	2.17540E-009	1.03000E-010
313	16	24	1	1.32000E-002	2.50000E-003	2.10000E-003	5.30380E-009	1.60000E-009	6.46300E-010	3.46560E+000	7.64894E+002	7.66461E+002	1.56710E+000	5.83162E-001	7.94900E-001	1.36050E-009	1.77960E-009	8.33600E-010
317	18	24	1	1.32000E-002	2.40000E-003	2.10000E-003	4.78630E-009	1.90000E-009	2.14490E-009	3.48230E+000	7.75243E+002	7.77330E+002	2.08740E+000	5.85410E-001	7.95900E-001	1.44710E-009	1.84990E-009	9.27300E-010
321	20	24	1	1.32000E-002	2.50000E-003	2.10000E-003	4.24300E-009	1.90000E-009	1.45180E-009	3.47590E+000	7.83433E+002	7.84982E+002	1.54930E+000	5.77673E-001	7.95200E-001	1.67430E-009	1.81470E-009	2.71600E-010
325	22	24	1	1.34000E-002	2.40000E-003	2.10000E-003	4.24770E-009	1.80000E-009	1.91080E-009	3.47260E+000	7.86903E+002	7.88057E+002	1.15400E+000	5.60165E-001	7.94700E-001	1.88970E-009	2.10510E-009	1.27380E-009
328	20	26	1	1.33000E-002	2.40000E-003	2.10000E-003	4.23360E-009	1.80000E-009	1.46120E-009	3.46540E+000	7.86138E+002	7.88286E+002	2.14770E+000	5.62077E-001	7.94100E-001	1.94590E-009	1.83350E-009	8.05500E-010
331	18	26	1	1.32000E-002	2.50000E-003	2.20000E-003	3.75590E-009	2.00000E-009	1.78900E-009	3.47480E+000	7.85186E+002	7.86668E+002	1.48190E+000	5.76746E-001	7.95500E-001	1.68600E-009	1.96230E-009	1.37690E-009
335	16	26	1	1.31000E-002	2.40000E-003	2.10000E-003	3.96200E-009	1.80000E-009	9.55400E-010	3.47360E+000	7.81154E+002	7.82950E+002	1.79560E+000	5.78428E-001	7.95600E-001	1.69300E-009	2.06300E-009	1.45180E-009
339	14	26	1	1.32000E-002	2.40000E-003	2.20000E-003	4.34840E-009	1.60000E-009	2.28540E-009	3.46520E+000	7.75835E+002	7.77501E+002	1.66530E+000	5.79639E-001	7.95700E-001	1.53840E-009	2.09340E-009	4.59000E-010
343	12	26	1	1.32000E-002	2.40000E-003	2.10000E-003	4.45840E-009	2.00000E-009	1.03030E-009	3.47050E+000	7.85113E+002	7.86655E+002	1.54180E+000	5.71726E-001	7.95100E-001	1.65080E-009	1.90840E-009	4.21500E-010
347	10	26	1	1.32000E-002	2.40000E-003	2.00000E-003	3.96200E-009	1.80000E-009	1.49860E-009	3.47480E+000	7.84575E+002	7.86950E+002	2.37500E+000	5.59470E-001	7.96000E-001	1.67190E-009	2.26670E-009	1.96700E-010
349	12	28	1	1.47000E-002	2.30000E-003	1.90000E-003	4.45610E-009	1.20000E-009	2.54770E-009	3.48630E+000	7.79460E+002	7.80913E+002	1.45330E+000	5.64466E-001	7.95600E-001	2.21520E-009	1.08880E-009	6.74400E-010
351	14	28	1	1.35000E-002	2.30000E-003	2.00000E-003	3.51010E-009	1.60000E-009	1.21760E-009	3.47220E+000	7.83347E+002	7.85425E+002	2.07790E+000	5.63335E-001	7.95300E-001	1.75620E-009	1.88030E-009	2.34200E-010
353	16	28	1	1.34000E-002	2.30000E-003	2.00000E-003	3.68100E-009	1.60000E-009	1.35810E-009	3.48080E+000	7.84789E+002	7.87227E+002	2.43730E+000	5.63720E-001	7.95400E-001	1.83350E-009	1.64150E-009	1.08650E-009

1	15	5	3	1.28000E-002	-5.00000E-004	-8.00000E-004	1.39320E-005
2	19	7	1	1.29000E-002	-5.00000E-004	-9.00000E-004	4.57710E-009	1.20000E-009	1.33050E-009	3.49860E+000	7.65599E+002	7.67898E+002	2.29860E+000	5.76033E-001	7.98500E-001	2.86950E-009	1.17590E-009	2.35180E-009
5	17	7	1	1.32000E-002	-3.00000E-004	-6.00000E-004	3.45040E-009	1.50000E-009	4.59100E-010	3.45800E+000	7.77078E+002	7.79334E+002	2.25590E+000	5.75398E-001	7.97400E-001	1.88100E-009	1.84120E-009	6.55900E-010
9	15	7	1	1.32000E-002	-3.00000E-004	-6.00000E-004	3.63780E-009	1.70000E-009	5.15300E-010	3.46490E+000	7.79212E+002	7.80622E+002	1.40990E+000	5.75588E-001	7.98800E-001	1.49680E-009	1.73110E-009	1.15250E-009
13	13	7	1	1.31000E-002	-3.00000E-004	-6.00000E-004	3.37780E-009	1.90000E-009	6.74600E-010	3.47730E+000	7.80258E+002	7.82961E+002	2.70330E+000	5.70258E-001	7.99100E-001	1.74980E-009	1.85520E-009	6.09000E-010
16	11	7	1	1.36000E-002	-4.00000E-004	-7.00000E-004	3.44810E-009	1.80000E-009	7.02700E-010	3.53180E+000	7.55064E+002	7.59013E+002	3.94860E+000	5.70008E-001	7.99300E-001	2.12690E-009	1.97940E-009	6.84000E-010
22	9	9	1	1.32000E-002	-2.00000E-004	-6.00000E-004	3.41290E-009	1.30000E-009	1.96800E-010	3.50300E+000	7.71453E+002	7.73600E+002	2.14680E+000	5.61095E-001	7.98000E-001	1.92310E-009	1.81540E-009	6.09000E-010
26	11	9	1	1.31000E-002	-3.00000E-004	-6.00000E-004	3.77370E-009	1.80000E-009	1.54600E-009	3.47570E+000	7.91147E+002	7.91697E+002	5.50400E-001	5.58097E-001	7.97100E-001	1.69830E-009	1.88330E-009	5.52800E-010
30	13	9	1	1.32000E-002	-3.00000E-004	-6.00000E-004	3.63080E-009	1.60000E-009	5.62000E-011	3.47200E+000	7.74519E+002	7.76071E+002	1.55170E+000	5.82373E-001	7.97500E-001	1.62100E-009	1.79200E-009	2.46430E-009
34	15	9	1	1.31000E-002	-2.00000E-004	-6.00000E-004	4.13440E-009	1.80000E-009	1.10560E-009	3.46070E+000	7.68196E+002	7.69717E+002	1.52110E+000	5.88911E-001	7.98100E-001	1.75680E-009	1.99810E-009	9.46300E-010
38	17	9	1	1.32000E-002	-3.00000E-004	-6.00000E-004	4.10400E-009	1.50000E-009	1.21810E-009	3.40340E+000	7.63774E+002	7.65385E+002	1.61030E+000	5.89084E-001	7.97700E-001	1.34460E-009	1.90680E-009	1.02130E-009
42	19	9	1	1.31000E-002	-3.00000E-004	-6.00000E-004	3.99620E-009	1.60000E-009	2.15500E-010	3.45820E+000	7.78574E+002	7.80008E+002	1.43430E+000	5.75952E-001	7.97200E-001	1.56240E-009	1.91140E-009	2.32370E-009
44	21	9	1	1.29000E-002	-4.00000E-004	-8.00000E-004	4.70130E-009	1.10000E-009	4.87200E-010	3.47240E+000	7.76719E+002	7.78956E+002	2.23640E+000	5.60293E-001	7.96400E-001	2.89760E-009	1.43360E-009	2.62350E-009
47	21	11	1	1.32000E-002	-2.00000E-004	-6.00000E-004	3.66590E-009	1.60000E-009	1.40500E-010	3.46650E+000	7.77773E+002	7.79388E+002	1.61520E+000	5.70143E-001	7.97100E-001	1.32820E-009	1.85520E-009	1.48040E-009
51	19	11	1	1.32000E-002	-2.00000E-004	-6.00000E-004	4.41790E-009	1.70000E-009	3.18600E-010	3.45980E+000	7.61390E+002	7.63038E+002	1.64820E+000	5.87535E-001	7.97100E-001	1.67020E-009	1.90210E-009	3.74800E-010
55	17	11	1	1.33000E-002	-2.00000E-004	-6.00000E-004	5.03860E-009	1.80000E-009	1.16190E-009	3.46420E+000	7.54143E+002	7.55612E+002	1.46840E+000	5.88364E-001	7.97600E-001	1.41480E-009	1.77320E-009	2.23000E-009
59	15	11	1	1.32000E-002	-1.00000E-004	-6.00000E-004	5.11360E-009	1.70000E-009	8.99500E-010	3.45230E+000	7.56888E+002	7.58573E+002	1.68500E+000	5.89318E-001	7.97200E-001	1.31180E-009	1.91850E-009	2.23000E-009
63	13	11	1	1.32000E-002	-1.00000E-004	-6.00000E-004	5.29860E-009	1.60000E-009	7.59000E-010	3.47370E+000	7.66944E+002	7.68454E+002	1.50970E+000	5.84484E-001	7.98400E-001	1.52960E-009	1.87630E-009	1.55540E-009
67	11	11	1	1.31000E-002	-1.00000E-004	-6.00000E-004	3.95640E-009	1.80000E-009	3.75000E-011	3.48150E+000	7.80151E+002	7.81542E+002	1.39150E+000	5.78869E-001	7.97400E-001	1.71000E-009	1.85760E-009	8.80800E-010
71	9	11	1	1.32000E-002	-2.00000E-004	-6.00000E-004	3.47850E-009	1.70000E-009	1.97700E-009	3.46690E+000	7.90219E+002	7.90760E+002	5.40700E-001	5.57195E-001	7.98100E-001	1.52960E-009	2.08710E-009	4.21600E-010
75	7	11	1	1.33000E-002	-2.00000E-004	-6.00000E-004	4.96830E-009	1.90000E-009	3.38250E-009	3.54100E+000	7.23367E+002	7.27883E+002	4.51540E+000	5.73364E-001	7.99500E-001	1.66310E-009	1.99810E-009	8.24500E-010
81	7	13	1	1.33000E-002	-1.00000E-004	-6.00000E-004	3.20920E-009	1.60000E-009	3.09200E-010	3.48240E+000	7.82525E+002	7.83574E+002	1.04900E+000	5.60095E-001	7.96900E-001	1.58820E-009	1.85290E-009	2.35180E-009
85	9	13	1	1.33000E-002	-1.00000E-004	-6.00000E-004	3.93300E-009	1.70000E-009	2.67040E-009	3.46770E+000	7.78526E+002	7.80297E+002	1.77130E+000	5.67966E-001	7.97500E-001	1.74980E-009	1.86460E-009	3.37300E-010
89	11	13	1	1.32000E-002	-2.00000E-004	-6.00000E-004	4.92150E-009	1.60000E-009	8.71400E-010	3.47390E+000	7.68060E+002	7.69638E+002	1.57800E+000	5.76813E-001	7.97100E-001	1.52260E-009	1.86460E-009	1.12440E-009
93	13	13	1	1.32000E-002	-2.00000E-004	-6.00000E-004	5.69210E-009	1.60000E-009	9.37000E-010	3.48830E+000	7.62739E+002	7.64506E+002	1.76720E+000	5.86479E-001	7.98400E-001	1.37740E-009	1.95360E-009	1.39610E-009
97	15	13	1	1.32000E-002	-1.00000E-004	-5.00000E-004	5.82330E-009	1.70000E-009	1.88330E-009	3.33680E+000	7.64342E+002	7.65877E+002	1.53490E+000	5.88096E-001	7.98000E-001	1.40780E-009	1.87160E-009	1.35860E-009
101	17	13	1	1.32000E-002	-1.00000E-004	-5.00000E-004	5.73430E-009	1.50000E-009	1.19000E-009	3.47250E+000	7.61632E+002	7.63235E+002	1.60350E+000	5.86930E-001	7.98000E-001	1.58580E-009	1.74750E-009	1.03070E-009
105	19	13	1	1.31000E-002	-2.00000E-004	-5.00000E-004	5.30800E-009	1.60000E-009	1.07750E-009	3.46900E+000	7.55653E+002	7.57134E+002	1.48000E+000	5.81283E-001	7.97500E-001	1.42890E-009	2.14570E-009	1.54600E-009
109	21	13	1	1.32000E-002	-2.00000E-004	-5.00000E-004	4.18130E-009	1.70000E-009	1.78000E-010	3.46720E+000	7.68084E+002	7.69567E+002	1.48280E+000	5.72057E-001	7.96800E-001	1.35630E-009	1.90440E-009	1.87400E-010
112	23	13	1	1.31000E-002	-4.00000E-004	-7.00000E-004	3.85800E-009	1.60000E-009	4.77900E-010	3.48350E+000	7.83112E+002	7.85096E+002	1.98350E+000	5.49580E-001	7.96800E-001	1.75220E-009	1.83650E-009	1.03070E-009
115	23	15	1	1.31000E-002	-2.00000E-004	-5.00000E-004	3.58160E-009	1.30000E-009	1.74280E-009	3.48410E+000	7.87717E+002	7.89007E+002	1.29050E+000	5.59293E-001	7.98600E-001	1.48510E-009	2.00510E-009	1.87400E-010
119	21	15	1	1.32000E-002	-1.00000E-004	-5.00000E-004	4.52800E-009	1.50000E-009	2.19250E-009	3.47550E+000	7.70223E+002	7.72076E+002	1.85290E+000	5.76269E-001	7.97500E-001	1.40780E-009	1.98640E-009	7.30800E-010
123	19	15	1	1.32000E-002	-1.00000E-004	-6.00000E-004	5.79290E-009	1.60000E-009	3.67300E-009	3.47350E+000	7.65685E+002	7.67162E+002	1.47750E+000	5.80277E-001	7.97400E-001	1.29070E-009	1.75220E-009	1.37740E-009
127	17	15	1	1.31000E-002	-2.00000E-004	-5.00000E-004	5.86780E-009	1.70000E-009	9.93200E-010	3.45440E+000	7.69503E+002	7.71532E+002	2.02890E+000	5.73117E-001	7.98100E-001	1.51790E-009	1.83650E-009	1.19930E-009
131	15	15	1	1.32000E-002	-2.00000E-004	-6.00000E-004	6.02710E-009	1.80000E-009	1.34920E-009	3.44840E+000	7.67857E+002	7.69486E+002	1.62930E+000	5.74212E-001	7.97200E-001	1.52260E-009	1.77090E-009	8.62000E-010
135	13	15	1	1.32000E-002	-2.00000E-004	-5.00000E-004	6.13720E-009	1.70000E-009	4.21600E-010	3.45490E+000	7.70395E+002	7.72073E+002	1.67790E+000	5.75821E-001	7.97100E-001	1.28130E-009	1.79900E-009	1.72400E-009
139	11	15	1	1.32000E-002	-2.00000E-004	-6.00000E-004	5.19550E-009	1.70000E-009	1.16190E-009	3.47770E+000	7.77827E+002	7.79977E+002	2.15010E+000	5.67266E-001	7.97300E-001	1.41020E-009	1.89970E-009	1.19930E-009
143	9	15	1	1.32000E-002	-2.00000E-004	-6.00000E-004	4.32180E-009	1.50000E-009	2.13630E-009	3.47140E+000	7.73982E+002	7.75507E+002	1.52550E+000	5.78475E-001	7.98100E-001	1.44290E-009	2.05200E-009	7.96400E-010
147	7	15	1	1.31000E-002	-2.00000E-004	-6.00000E-004	3.63780E-009	1.70000E-009	2.74530E-009	3.47270E+000	7.87176E+002	7.89163E+002	1.98700E+000	5.57363E-001	7.98900E-001	1.64210E-009	1.71940E-009	5.06000E-010
153	5	17	3	1.32000E-002	3.00000E-004	-5.00000E-004	1.39620E-005
157	7	17	1	1.31000E-002	-3.00000E-004	-6.00000E-004	3.89080E-009	1.60000E-009	6.93400E-010	3.47610E+000	7.90362E+002	7.92272E+002	1.90990E+000	5.59757E-001	7.99400E-001	1.41720E-009	1.90440E-009	1.96770E-009
161	9	17	1	1.32000E-002	-3.00000E-004	-5.00000E-004	4.67320E-009	1.60000E-009	2.20190E-009	3.47220E+000	7.66496E+002	7.68040E+002	1.54370E+000	5.83211E-001	7.99300E-001	1.52730E-009	1.86460E-009	1.26490E-009
165	11	17	1	1.32000E-002	-3.00000E-004	-6.00000E-004	5.74840E-009	1.60000E-009	2.22060E-009	3.49180E+000	7.77569E+002	7.79525E+002	1.95550E+000	5.73602E-001	7.99300E-001	1.60220E-009	1.63500E-009	1.38670E-009
169	13	17	1	1.31000E-002	-2.00000E-004	-5.00000E-004	5.78120E-009	1.50000E-009	1.25560E-009	3.44040E+000	7.71757E+002	7.73305E+002	1.54800E+000	5.69477E-001	7.97400E-001	1.46870E-009	1.77320E-009	1.36800E-009
173	15	17	1	1.32000E-002	-2.00000E-004	-5.00000E-004	6.32230E-009	1.70000E-009	9.55700E-010	3.44060E+000	7.59254E+002	7.61237E+002	1.98310E+000	5.58403E-001	7.97100E-001	1.60930E-009	1.66310E-009	1.64910E-009
177	17	17	1	1.32000E-002	-2.00000E-004	-5.00000E-004	6.21220E-009	1.80000E-009	7.77700E-010	3.44730E+000	7.72898E+002	7.74144E+002	1.24660E+000	5.68211E-001	7.97200E-001	1.86220E-009	1.70530E-009	1.94890E-009
181	19	17	1	1.32000E-002	-2.00000E-004	-6.00000E-004	6.04350E-009	1.70000E-009	2.23940E-009	3.44840E+000	7.69880E+002	7.71419E+002	1.53900E+000	5.78367E-001	7.97700E-001	1.64440E-009	1.92780E-009	1.50850E-009
185	21	17	1	1.31000E-002	-2.00000E-004	-5.00000E-004	4.56780E-009	1.60000E-009	1.63030E-009	3.46530E+000	7.68663E+002	7.70467E+002	1.80420E+000	5.78563E-001	7.97800E-001	1.40780E-009	2.02390E-009	1.48980E-009
189	23	17	1	1.31000E-002	-2.00000E-004	-5.00000E-004	3.65190E-009	1.30000E-009	4.68000E-011	3.47380E+000	7.89416E+002	7.90888E+002	1.47190E+000	5.64610E-001	7.99000E-001	1.43590E-009	1.80600E-009	1.21810E-009
193	23	19	1	1.31000E-002	-2.00000E-004	-6.00000E-004	3.75730E-009	1.70000E-009	3.25130E-009	3.47780E+000	7.88404E+002	7.90098E+002	1.69380E+000	5.67045E-001	7.98400E-001	1.48980E-009	1.82010E-009	1.52730E-009
197	21	19	1	1.32000E-002	-2.00000E-004	-5.00000E-004	4.86760E-009	1.60000E-009	2.24900E-010	3.46000E+000	7.68172E+002	7.69818E+002	1.64640E+000	5.79742E-001	7.97000E-001	1.30240E-009	1.84120E-009	1.31180E-009
201	19	19	1	1.32000E-002	-1.00000E-004	-5.00000E-004	5.59380E-009	1.80000E-009	0.00000E+000	3.44800E+000	7.71407E+002	7.73195E+002	1.78830E+000	5.80787E-001	7.96900E-001	1.66080E-009	1.81770E-009	8.24500E-010
205	17	19	1	1.32000E-002	-2.00000E-004	-6.00000E-004	6.02950E-009	1.70000E-009	7.77700E-010	3.35140E+000	7.68345E+002	7.69840E+002	1.49470E+000	5.74899E-001	7.96700E-001	1.29770E-009	1.74980E-009	1.28370E-009
209	15	19	1	1.32000E-002	-1.00000E-004	-5.00000E-004	6.02480E-009	1.90000E-009	2.99800E-010	3.40560E+000	7.67627E+002	7.69357E+002	1.72980E+000	5.71462E-001	7.97600E-001	1.63970E-009	1.97940E-009	3.18600E-010
213	13	19	1	1.33000E-002	-1.00000E-004	-5.00000E-004	5.69450E-009	1.50000E-009	8.80800E-010	3.45320E+000	7.69954E+002	7.71532E+002	1.57830E+000	5.75374E-001	7.97600E-001	1.45230E-009	1.62800E-009	1.06820E-009
217	11	19	1	1.32000E-002	-2.00000E-004	-5.00000E-004	5.36420E-009	1.90000E-009	6.64320E-009	3.48400E+000	7.77912E+002	7.79543E+002	1.63030E+000	5.74830E-001	7.98000E-001	1.54840E-009	1.68420E-009	1.87400E-010
221	9	19	1	1.31000E-002	-2.00000E-004	-6.00000E-004	4.28670E-009	1.70000E-009	2.82970E-009	3.46820E+000	7.67043E+002	7.68792E+002	1.74880E+000	5.81804E-001	7.98900E-001	1.46640E-009	2.06370E-009	2.71700E-010
225	7	19	1	1.32000E-002	-2.00000E-004	-6.00000E-004	3.51130E-009	1.50000E-009	1.13370E-009	3.46900E+000	7.87628E+002	7.89606E+002	1.97760E+000	5.61311E-001	7.99400E-001	1.48280E-009	1.86930E-009	1.06820E-009
233	7	21	1	1.32000E-002	-3.00000E-004	-6.00000E-004	2.97490E-009	1.70000E-009	1.63030E-009	3.48640E+000	7.83677E+002	7.85609E+002	1.93180E+000	5.62105E-001	8.00100E-001	1.55300E-009	1.75450E-009	7.59000E-010
237	9	21	1	1.32000E-002	-2.00000E-004	-6.00000E-004	4.18830E-009	1.70000E-009	5.07840E-009	3.46820E+000	7.72820E+002	7.74394E+002	1.57470E+000	5.80164E-001	7.98100E-001	1.41720E-009	1.96300E-009	4.59100E-010
241	11	21	1	1.32000E-002	-2.00000E-004	-6.00000E-004	5.67810E-009	1.60000E-009	4.55370E-009	3.47760E+000	7.65831E+002	7.67735E+002	1.90400E+000	5.76756E-001	7.98200E-001	1.58120E-009	1.84350E-009	1.38670E-009
245	13	21	1	1.32000E-002	-2.00000E-004	-6.00000E-004	5.93810E-009	1.70000E-009	6.09000E-010	3.46490E+000	7.67026E+002	7.68600E+002	1.57380E+000	5.84682E-001	7.97800E-001	1.56710E-009	1.69830E-009	2.37060E-009
249	15	21	1	1.33000E-002	-2.00000E-004	-5.00000E-004	6.16300E-009	1.70000E-009	8.52700E-010	3.43830E+000	7.67889E+002	7.69557E+002	1.66810E+000	5.78370E-001	7.97500E-001	1.62330E-009	1.88800E-009	1.22740E-009
253	17	21	1	1.33000E-002	-2.00000E-004	-5.00000E-004	5.80930E-009	1.70000E-009	4.68000E-011	3.44700E+000	7.73327E+002	7.74848E+002	1.52090E+000	5.79312E-001	7.97700E-001	1.39840E-009	1.84820E-009	5.62200E-010
257	19	21	1	1.31000E-002	-2.00000E-004	-5.00000E-004	5.50480E-009	1.60000E-009	3.75000E-011	3.46600E+000	7.67525E+002	7.69474E+002	1.94970E+000	5.82078E-001	7.97600E-001	1.41720E-009	1.80840E-009	1.78960E-009
261	21	21	1	1.31000E-002	-2.00000E-004	-5.00000E-004	4.31480E-009	1.70000E-009	4.49700E-010	3.47040E+000	7.74649E+002	7.76287E+002	1.63850E+000	5.80900E-001	7.96600E-001	1.50390E-009	1.92310E-009	9.74500E-010
264	23	21	1	1.31000E-002	-3.00000E-004	-7.00000E-004	3.46920E-009	1.60000E-009	6.46500E-010	3.47060E+000	7.91272E+002	7.92917E+002	1.64470E+000	5.59653E-001	7.96800E-001	1.78960E-009	1.77090E-009	2.61420E-009
268	21	23	1	1.32000E-002	-2.00000E-004	-5.00000E-004	3.98920E-009	1.70000E-009	2.34200E-010	3.46510E+000	7.84785E+002	7.86310E+002	1.52460E+000	5.76458E-001	7.96900E-001	1.80840E-009	1.90680E-009	9.93200E-010
272	19	23	1	1.32000E-002	-2.00000E-004	-5.00000E-004	4.66850E-009	1.70000E-009	9.37000E-011	3.46460E+000	7.69385E+002	7.70981E+002	1.59560E+000	5.84612E-001	7.98000E-001	1.51790E-009	1.83180E-009	1.30240E-009
276	17	23	1	1.33000E-002	-2.00000E-004	-5.00000E-004	5.30100E-009	1.70000E-009	1.96800E-010	3.46460E+000	7.63301E+002	7.64872E+002	1.57150E+000	5.88722E-001	7.97500E-001	1.45230E-009	1.89970E-009	1.16190E-009
280	15	23	1	1.31000E-002	-1.00000E-004	-5.00000E-004	5.87250E-009	1.60000E-009	1.31200E-010	3.45900E+000	7.58130E+002	7.59726E+002	1.59640E+000	5.86457E-001	7.97900E-001	1.36800E-009	1.94660E-009	1.36800E-009
284	13	23	1	1.31000E-002	-1.00000E-004	-5.00000E-004	5.74600E-009	1.60000E-009	2.06100E-010	3.46940E+000	7.62832E+002	7.64586E+002	1.75400E+000	5.83398E-001	7.97900E-001	1.15950E-009	1.95590E-009	1.65850E-009
288	11	23	1	1.32000E-002	-2.00000E-004	-5.00000E-004	5.27990E-009	1.60000E-009	4.68490E-009	3.47570E+000	7.72178E+002	7.73716E+002	1.53800E+000	5.81030E-001	7.97900E-001	1.26260E-009	1.97470E-009	6.84000E-010
292	9	23	1	1.32000E-002	-2.00000E-004	-5.00000E-004	4.03600E-009	1.70000E-009	5.26580E-009	3.47220E+000	7.88289E+002	7.89909E+002	1.61930E+000	5.67891E-001	7.97400E-001	1.56480E-009	1.94420E-009	9.18200E-010
296	7	23	1	1.32000E-002	-2.00000E-004	-5.00000E-004	2.81560E-009	1.70000E-009	4.74110E-009	3.51270E+000	7.70443E+002	7.72328E+002	1.88500E+000	5.69471E-001	7.99300E-001	1.44060E-009	1.65380E-009	1.24620E-009
302	9	25	1	1.32000E-002	-3.00000E-004	-6.00000E-004	3.59100E-009	1.60000E-009	6.37100E-010	3.48040E+000	7.84570E+002	7.86653E+002	2.08310E+000	5.58886E-001	7.97900E-001	1.33290E-009	1.93720E-009	1.91140E-009
306	11	25	1	1.32000E-002	-2.00000E-004	-5.00000E-004	4.64740E-009	1.70000E-009	2.97960E-009	3.47270E+000	7.88658E+002	7.90628E+002	1.97030E+000	5.69862E-001	7.97300E-001	1.42660E-009	1.82480E-009	9.65100E-010
310	13	25	1	1.32000E-002	-2.00000E-004	-6.00000E-004	4.99180E-009	1.70000E-009	8.80800E-010	3.46710E+000	7.72068E+002	7.73740E+002	1.67130E+000	5.82982E-001	7.98000E-001	1.55770E-009	1.90680E-009	1.10560E-009
314	15	25	1	1.32000E-002	-2.00000E-004	-6.00000E-004	4.68960E-009	1.60000E-009	7.96400E-010	3.45890E+000	7.64434E+002	7.66357E+002	1.92300E+000	5.82130E-001	7.97400E-001	1.61160E-009	1.70300E-009	1.29300E-009
318	17	25	1	1.32000E-002	-2.00000E-004	-5.00000E-004	4.21870E-009	1.70000E-009	1.40500E-010	3.46840E+000	7.70578E+002	7.72151E+002	1.57300E+000	5.87638E-001	7.98000E-001	1.33050E-009	1.67720E-009	1.75220E-009
322	19	25	1	1.32000E-002	-2.00000E-004	-6.00000E-004	4.08760E-009	1.70000E-009	4.02900E-010	3.46400E+000	7.77920E+002	7.79455E+002	1.53520E+000	5.81992E-001	7.97100E-001	1.62100E-009	1.79200E-009	1.51790E-009
326	21	25	1	1.34000E-002	-3.00000E-004	-7.00000E-004	3.89080E-009	1.50000E-009	1.21800E-010	3.48360E+000	7.88292E+002	7.88757E+002	4.65000E-001	5.61825E-001	7.96700E-001	1.76620E-009	2.02860E-009	1.04000E-009
329	19	27	1	1.33000E-002	-3.00000E-004	-6.00000E-004	3.57460E-009	1.60000E-009	1.03100E-010	3.48660E+000	7.83808E+002	7.86171E+002	2.36310E+000	5.63174E-001	7.97000E-001	1.87630E-009	1.75450E-009	1.71470E-009
332	17	27	1	1.32000E-002	-2.00000E-004	-6.00000E-004	3.21620E-009	1.80000E-009	8.90100E-010	3.48120E+000	7.86216E+002	7.88450E+002	2.23350E+000	5.75260E-001	7.97600E-001	1.71700E-009	1.77560E-009	1.29300E-009
336	15	27	1	1.31000E-002	-2.00000E-004	-5.00000E-004	3.15760E-009	1.70000E-009	3.18600E-010	3.47280E+000	7.86586E+002	7.88072E+002	1.48680E+000	5.72978E-001	7.97700E-001	1.58580E-009	2.04730E-009	1.52730E-009
340	13	27	1	1.32000E-002	-2.00000E-004	-5.00000E-004	3.83460E-009	1.60000E-009	4.59100E-010	3.47390E+000	7.88271E+002	7.90860E+002	2.58910E+000	5.65562E-001	7.97700E-001	1.50390E-009	1.78730E-009	1.36800E-009
344	11	27	1	1.32000E-002	-2.00000E-004	-5.00000E-004	3.47850E-009	1.70000E-009	6.46500E-010	3.49480E+000	7.83678E+002	7.86074E+002	2.39630E+000	5.60250E-001	7.98800E-001	1.56710E-009	1.78030E-009	5.24700E-010

6	18	7	1	1.32000E-002	-2.80000E-003	-3.10000E-003	3.68390E-009	1.60000E-009	2.26700E-009	3.49670E+000	7.76651E+002	7.78855E+002	2.20370E+000	5.70541E-001	8.00600E-001	2.02110E-009	1.76350E-009	2.67920E-009
10	16	7	1	1.32000E-002	-2.80000E-003	-3.10000E-003	3.92740E-009	1.70000E-009	2.81000E-010	3.45520E+000	7.80561E+002	7.81582E+002	1.02050E+000	5.74130E-001	8.00600E-001	1.71900E-009	1.74710E-009	2.99800E-010
14	14	7	1	1.31000E-002	-2.80000E-003	-3.10000E-003	4.04920E-009	1.90000E-009	6.46400E-010	3.47130E+000	7.80294E+002	7.82469E+002	2.17470E+000	5.73328E-001	8.00600E-001	1.83370E-009	1.65340E-009	1.63000E-009
17	12	7	1	1.36000E-002	-2.80000E-003	-3.10000E-003	3.55970E-009	1.80000E-009	1.16160E-009	3.49400E+000	7.76735E+002	7.78208E+002	1.47350E+000	5.70227E-001	8.01600E-001	2.04920E-009	1.81270E-009	1.76110E-009
18	10	7	5	1.01000E-002	-3.00000E-003	-3.30000E-003	4.08900E-009	6.00000E-010	1.41150E-005
19	8	9	5	1.02000E-002	-3.10000E-003	-3.30000E-003	3.86650E-009	6.00000E-010	1.41150E-005
23	10	9	1	1.32000E-002	-2.70000E-003	-3.10000E-003	3.65110E-009	1.30000E-009	2.11710E-009	3.47010E+000	7.82782E+002	7.85197E+002	2.41470E+000	5.57118E-001	8.00100E-001	2.05150E-009	1.77280E-009	2.99800E-010
27	12	9	1	1.31000E-002	-2.80000E-003	-3.10000E-003	4.08900E-009	1.80000E-009	5.52700E-010	3.46070E+000	7.82572E+002	7.84042E+002	1.46940E+000	5.74135E-001	7.99400E-001	1.80330E-009	1.71660E-009	1.94850E-009
31	14	9	1	1.32000E-002	-2.80000E-003	-3.10000E-003	4.08430E-009	1.60000E-009	1.77990E-009	3.46590E+000	7.68039E+002	7.69919E+002	1.88090E+000	5.87379E-001	8.00700E-001	1.64640E-009	1.72840E-009	2.43600E-010
35	16	9	1	1.31000E-002	-2.80000E-003	-3.10000E-003	4.44970E-009	1.90000E-009	1.24590E-009	3.45530E+000	7.67138E+002	7.68874E+002	1.73570E+000	5.90227E-001	8.01300E-001	1.78460E-009	1.85010E-009	1.71430E-009
39	18	9	1	1.32000E-002	-2.80000E-003	-3.10000E-003	4.10780E-009	1.40000E-009	1.49880E-009	3.46910E+000	7.75097E+002	7.77035E+002	1.93770E+000	5.79709E-001	7.99900E-001	1.37710E-009	1.69560E-009	1.60190E-009
43	20	9	1	1.31000E-002	-2.70000E-003	-3.10000E-003	3.94380E-009	1.60000E-009	4.21500E-010	3.45430E+000	7.83666E+002	7.84757E+002	1.09120E+000	5.62788E-001	7.99100E-001	1.73540E-009	1.87120E-009	4.77800E-010
48	22	11	1	1.32000E-002	-2.80000E-003	-3.10000E-003	3.81030E-009	1.70000E-009	7.68200E-010	3.44250E+000	7.83733E+002	7.84059E+002	3.25800E-001	5.55800E-001	7.99000E-001	1.44260E-009	1.76580E-009	1.55500E-009
52	20	11	1	1.32000E-002	-2.80000E-003	-3.10000E-003	4.21080E-009	1.70000E-009	6.83800E-010	3.46180E+000	7.70300E+002	7.71729E+002	1.42850E+000	5.81493E-001	7.99400E-001	1.75180E-009	1.66280E-009	5.15200E-010
56	18	11	1	1.33000E-002	-2.70000E-003	-3.00000E-003	4.78690E-009	1.70000E-009	4.02800E-010	3.47450E+000	7.63242E+002	7.64937E+002	1.69510E+000	5.86712E-001	8.00700E-001	1.48950E-009	1.67450E-009	4.40300E-010
60	16	11	1	1.32000E-002	-2.70000E-003	-3.00000E-003	5.39820E-009	1.70000E-009	1.22720E-009	3.43280E+000	7.61350E+002	7.62858E+002	1.50810E+000	5.86173E-001	8.00300E-001	1.46610E-009	1.76350E-009	1.12400E-010
64	14	11	1	1.32000E-002	-2.70000E-003	-3.00000E-003	5.79860E-009	1.60000E-009	6.56000E-011	3.47000E+000	7.57755E+002	7.59362E+002	1.60750E+000	5.87634E-001	8.00400E-001	1.55740E-009	1.66750E-009	1.23650E-009
68	12	11	1	1.31000E-002	-2.70000E-003	-3.10000E-003	4.70500E-009	1.80000E-009	2.62300E-010	3.46870E+000	7.66969E+002	7.68425E+002	1.45540E+000	5.86405E-001	8.00300E-001	1.71430E-009	1.76580E-009	1.72370E-009
72	10	11	1	1.32000E-002	-2.70000E-003	-3.10000E-003	3.85480E-009	1.70000E-009	8.71200E-010	3.46780E+000	7.81636E+002	7.83104E+002	1.46840E+000	5.72712E-001	8.00100E-001	1.74240E-009	1.94850E-009	1.79860E-009
76	8	11	1	1.33000E-002	-2.60000E-003	-3.10000E-003	4.34900E-009	2.00000E-009	6.55700E-010	3.48020E+000	7.81949E+002	7.83697E+002	1.74770E+000	5.57506E-001	7.99500E-001	1.73070E-009	1.92510E-009	1.10540E-009
78	6	13	1	1.35000E-002	-2.90000E-003	-3.20000E-003	4.71430E-009	2.00000E-010	1.16910E-008	3.59140E+000	7.12087E+002	7.16434E+002	4.34760E+000	5.74245E-001	8.03700E-001	2.35130E-009	7.51800E-010	4.68400E-010
82	8	13	1	1.33000E-002	-2.70000E-003	-3.00000E-003	3.52700E-009	1.60000E-009	1.96720E-009	3.47690E+000	7.91555E+002	7.92321E+002	7.66000E-001	5.58122E-001	8.01000E-001	1.65810E-009	1.72840E-009	1.27400E-009
86	10	13	1	1.33000E-002	-2.70000E-003	-3.00000E-003	4.80800E-009	1.70000E-009	1.88290E-009	3.46990E+000	7.68718E+002	7.70297E+002	1.57900E+000	5.73915E-001	7.99700E-001	1.85950E-009	1.67450E-009	1.31150E-009
90	12	13	1	1.32000E-002	-2.60000E-003	-3.00000E-003	5.47080E-009	1.60000E-009	3.27900E-010	3.48160E+000	7.59472E+002	7.61109E+002	1.63700E+000	5.81765E-001	8.00100E-001	1.57380E-009	1.77750E-009	9.83600E-010
94	14	13	1	1.32000E-002	-2.70000E-003	-3.00000E-003	6.09840E-009	1.60000E-009	1.05860E-009	3.45200E+000	7.63048E+002	7.64531E+002	1.48230E+000	5.88512E-001	8.00400E-001	1.59020E-009	1.94850E-009	2.90400E-010
98	16	13	1	1.32000E-002	-2.60000E-003	-3.00000E-003	6.22250E-009	1.60000E-009	3.18500E-010	3.46590E+000	7.68174E+002	7.69754E+002	1.58070E+000	5.86125E-001	8.01200E-001	1.46610E-009	1.72130E-009	9.64900E-010
102	18	13	1	1.32000E-002	-2.60000E-003	-3.00000E-003	5.53170E-009	1.60000E-009	1.10540E-009	3.49390E+000	7.71343E+002	7.73331E+002	1.98800E+000	5.82031E-001	8.00500E-001	1.58080E-009	1.67450E-009	9.18000E-010
106	20	13	1	1.31000E-002	-2.70000E-003	-3.00000E-003	4.89230E-009	1.60000E-009	1.80800E-009	3.47390E+000	7.62800E+002	7.64256E+002	1.45640E+000	5.77121E-001	7.99800E-001	1.51520E-009	1.95790E-009	1.36770E-009
110	22	13	1	1.32000E-002	-2.60000E-003	-3.00000E-003	3.92740E-009	1.60000E-009	8.33700E-010	3.47800E+000	7.80232E+002	7.81628E+002	1.39630E+000	5.63658E-001	8.00300E-001	1.43800E-009	1.78220E-009	9.93000E-010
116	24	15	1	1.31000E-002	-2.60000E-003	-3.00000E-003	3.28340E-009	1.30000E-009	1.48950E-009	3.48670E+000	7.79235E+002	7.80995E+002	1.76000E+000	5.53144E-001	8.00300E-001	1.53870E-009	1.91800E-009	2.37000E-009
120	22	15	1	1.32000E-002	-2.60000E-003	-3.00000E-003	4.18270E-009	1.50000E-009	1.54570E-009	3.47440E+000	7.75241E+002	7.76852E+002	1.61080E+000	5.75367E-001	8.00900E-001	1.56440E-009	1.87820E-009	1.23650E-009
124	20	15	1	1.32000E-002	-2.60000E-003	-3.00000E-003	5.60890E-009	1.60000E-009	5.44270E-009	3.46910E+000	7.58350E+002	7.60400E+002	2.05010E+000	5.74721E-001	8.00600E-001	1.32790E-009	1.54800E-009	1.63940E-009
128	18	15	1	1.31000E-002	-2.70000E-003	-3.00000E-003	6.28580E-009	1.80000E-009	7.21300E-010	3.47080E+000	7.70120E+002	7.72281E+002	2.16130E+000	5.71701E-001	8.01500E-001	1.73770E-009	1.90630E-009	1.24590E-009
132	16	15	1	1.32000E-002	-2.60000E-003	-3.00000E-003	6.29510E-009	1.60000E-009	2.95080E-009	3.45910E+000	7.71018E+002	7.72559E+002	1.54120E+000	5.71072E-001	8.00200E-001	1.58080E-009	1.63230E-009	1.30210E-009
136	14	15	1	1.32000E-002	-2.60000E-003	-3.00000E-003	6.24830E-009	1.70000E-009	2.51990E-009	3.43650E+000	7.71369E+002	7.72753E+002	1.38310E+000	5.72681E-001	8.00200E-001	1.46610E-009	1.76580E-009	1.68620E-009
140	12	15	1	1.32000E-002	-2.60000E-003	-3.00000E-003	6.08440E-009	1.70000E-009	1.03050E-009	3.46440E+000	7.71010E+002	7.72655E+002	1.64500E+000	5.78068E-001	7.99800E-001	1.43560E-009	1.66040E-009	1.03980E-009
144	10	15	1	1.32000E-002	-2.60000E-003	-3.00000E-003	5.34660E-009	1.60000E-009	1.64870E-009	3.47150E+000	7.65372E+002	7.67246E+002	1.87370E+000	5.75828E-001	8.00300E-001	1.71430E-009	2.03980E-009	6.18300E-010
148	8	15	1	1.31000E-002	-2.70000E-003	-3.00000E-003	4.03980E-009	1.60000E-009	1.21780E-009	3.47760E+000	7.82367E+002	7.83853E+002	1.48530E+000	5.72564E-001	8.00800E-001	1.71430E-009	1.50820E-009	1.85480E-009
150	6	15	1	1.35000E-002	-2.80000E-003	-3.20000E-003	3.72370E-009	1.40000E-009	4.48720E-009	3.52000E+000	7.72846E+002	7.74795E+002	1.94860E+000	5.63080E-001	8.02700E-001	1.81270E-009	1.68390E-009	8.99300E-010
154	6	17	1	1.32000E-002	-2.70000E-003	-3.00000E-003	4.39580E-009	1.70000E-009	2.72600E-009	3.50220E+000	7.80527E+002	7.82418E+002	1.89090E+000	5.61306E-001	8.02000E-001	2.00240E-009	1.73070E-009	1.53630E-009
158	8	17	1	1.31000E-002	-2.60000E-003	-3.00000E-003	4.26700E-009	1.50000E-009	1.03050E-009	3.47130E+000	7.77450E+002	7.79112E+002	1.66170E+000	5.76703E-001	8.01900E-001	1.43330E-009	1.71900E-009	6.08900E-010
162	10	17	1	1.32000E-002	-2.60000E-003	-3.00000E-003	5.93210E-009	1.70000E-009	2.35130E-009	3.46990E+000	7.56676E+002	7.58346E+002	1.67030E+000	5.81375E-001	8.01100E-001	1.62530E-009	1.80800E-009	1.51760E-009
166	12	17	1	1.32000E-002	-2.70000E-003	-3.00000E-003	6.61130E-009	1.60000E-009	4.40300E-010	3.45420E+000	7.69113E+002	7.70651E+002	1.53820E+000	5.74609E-001	8.00900E-001	1.61130E-009	1.41920E-009	1.04920E-009
170	14	17	1	1.31000E-002	-2.60000E-003	-3.00000E-003	6.02350E-009	1.60000E-009	1.16160E-009	3.42860E+000	7.71115E+002	7.72519E+002	1.40460E+000	5.67838E-001	7.99500E-001	1.70260E-009	1.70260E-009	9.55500E-010
174	16	17	1	1.32000E-002	-2.60000E-003	-3.00000E-003	5.92280E-009	1.60000E-009	4.87100E-010	3.44460E+000	7.73830E+002	7.75705E+002	1.87490E+000	5.55375E-001	7.99900E-001	1.64870E-009	1.45900E-009	8.43100E-010
178	18	17	1	1.32000E-002	-2.60000E-003	-3.00000E-003	6.25770E-009	1.80000E-009	5.99536E-008	3.45710E+000	7.74293E+002	7.76025E+002	1.73270E+000	5.67834E-001	8.00700E-001	1.80100E-009	1.70490E-009	1.52690E-009
182	20	17	1	1.32000E-002	-2.60000E-003	-3.00000E-003	5.89930E-009	1.80000E-009	2.03280E-009	3.46300E+000	7.68403E+002	7.70269E+002	1.86620E+000	5.78645E-001	8.00500E-001	1.77050E-009	1.71660E-009	4.68400E-010
186	22	17	1	1.31000E-002	-2.60000E-003	-3.00000E-003	4.24590E-009	1.60000E-009	1.38640E-009	3.47110E+000	7.77875E+002	7.79560E+002	1.68580E+000	5.76690E-001	8.01100E-001	1.48240E-009	1.90170E-009	1.46140E-009
190	24	17	1	1.31000E-002	-2.70000E-003	-3.00000E-003	3.68150E-009	1.40000E-009	1.21800E-010	3.47200E+000	7.83795E+002	7.85777E+002	1.98220E+000	5.55779E-001	8.00300E-001	1.61830E-009	1.81030E-009	6.46400E-010
194	24	19	1	1.31000E-002	-2.60000E-003	-3.00000E-003	3.64410E-009	1.70000E-009	2.11710E-009	3.45410E+000	7.84081E+002	7.85784E+002	1.70360E+000	5.61052E-001	7.99700E-001	1.58780E-009	1.63700E-009	5.15200E-010
198	22	19	1	1.32000E-002	-2.60000E-003	-3.00000E-003	4.41690E-009	1.70000E-009	3.55040E-009	3.46130E+000	7.76982E+002	7.78629E+002	1.64670E+000	5.78281E-001	8.00200E-001	1.48710E-009	1.81270E-009	6.46400E-010
202	20	19	1	1.32000E-002	-2.70000E-003	-3.00000E-003	5.55270E-009	1.70000E-009	1.59300E-010	3.45750E+000	7.64774E+002	7.66670E+002	1.89560E+000	5.79843E-001	7.99900E-001	1.59490E-009	1.60890E-009	7.02600E-010
206	18	19	1	1.32000E-002	-2.60000E-003	-3.00000E-003	6.17800E-009	1.70000E-009	1.40520E-009	3.44830E+000	7.73858E+002	7.75573E+002	1.71500E+000	5.75318E-001	8.00100E-001	1.47310E-009	1.69320E-009	8.33700E-010
210	16	19	1	1.32000E-002	-2.60000E-003	-3.00000E-003	6.32560E-009	1.90000E-009	1.04920E-009	3.37350E+000	7.68799E+002	7.70450E+002	1.65070E+000	5.70756E-001	7.99500E-001	1.73540E-009	1.81970E-009	2.45440E-009
214	14	19	1	1.33000E-002	-2.60000E-003	-3.00000E-003	6.07970E-009	1.40000E-009	1.17100E-009	3.44060E+000	7.69085E+002	7.70543E+002	1.45760E+000	5.72308E-001	7.99900E-001	1.43800E-009	1.44030E-009	9.64900E-010
218	12	19	1	1.32000E-002	-2.60000E-003	-3.00000E-003	6.03750E-009	1.90000E-009	5.80800E-010	3.46350E+000	7.64298E+002	7.66209E+002	1.91160E+000	5.82449E-001	7.99500E-001	1.64640E-009	1.67680E-009	1.51760E-009
222	10	19	1	1.31000E-002	-2.60000E-003	-3.00000E-003	5.77520E-009	1.70000E-009	4.58080E-009	3.47980E+000	7.54981E+002	7.56559E+002	1.57790E+000	5.82577E-001	8.00800E-001	1.61830E-009	1.96250E-009	2.62300E-009
226	8	19	1	1.32000E-002	-2.70000E-003	-3.00000E-003	3.91340E-009	1.40000E-009	2.88530E-009	3.47320E+000	7.79338E+002	7.80897E+002	1.55830E+000	5.75165E-001	8.01500E-001	1.47310E-009	1.71660E-009	1.72370E-009
228	6	19	1	1.35000E-002	-2.90000E-003	-3.20000E-003	3.76350E-009	1.40000E-009	1.21780E-009	3.51080E+000	7.75417E+002	7.77229E+002	1.81230E+000	5.65860E-001	8.01600E-001	2.05860E-009	1.79860E-009	1.01170E-009
230	6	21	1	1.35000E-002	-2.90000E-003	-3.20000E-003	3.36770E-009	1.10000E-009	4.46840E-009	3.56630E+000	7.44908E+002	7.48085E+002	3.17610E+000	5.77723E-001	8.04200E-001	1.95550E-009	1.49420E-009	1.31100E-010
234	8	21	1	1.32000E-002	-2.70000E-003	-3.00000E-003	3.39580E-009	1.70000E-009	4.32790E-009	3.47990E+000	7.82866E+002	7.84709E+002	1.84280E+000	5.69606E-001	8.01500E-001	1.65340E-009	1.72370E-009	2.10770E-009
238	10	21	1	1.32000E-002	-2.60000E-003	-3.00000E-003	5.50360E-009	1.80000E-009	2.35130E-009	3.47980E+000	7.66597E+002	7.67938E+002	1.34160E+000	5.81757E-001	8.01300E-001	1.58550E-009	1.88530E-009	2.52900E-010
242	12	21	1	1.32000E-002	-2.60000E-003	-3.00000E-003	6.35840E-009	1.50000E-009	3.18500E-010	3.47830E+000	7.58623E+002	7.60501E+002	1.87760E+000	5.85167E-001	8.00200E-001	1.57610E-009	1.65340E-009	6.74500E-010
246	14	21	1	1.32000E-002	-2.60000E-003	-3.00000E-003	6.37010E-009	1.70000E-009	1.92040E-009	3.43200E+000	7.67195E+002	7.68655E+002	1.45960E+000	5.81399E-001	8.00600E-001	1.68620E-009	1.62060E-009	5.52700E-010
250	16	21	1	1.33000E-002	-2.60000E-003	-2.90000E-003	6.51290E-009	1.70000E-009	5.05900E-010	3.44370E+000	7.72840E+002	7.74855E+002	2.01580E+000	5.75184E-001	7.99800E-001	1.68390E-009	1.70260E-009	8.61800E-010
254	18	21	1	1.33000E-002	-2.70000E-003	-3.00000E-003	5.88760E-009	1.60000E-009	7.86900E-010	3.47150E+000	7.72907E+002	7.74533E+002	1.62580E+000	5.82494E-001	8.00500E-001	1.48710E-009	1.74710E-009	1.08670E-009
258	20	21	1	1.31000E-002	-2.70000E-003	-3.00000E-003	5.31390E-009	1.60000E-009	1.44260E-009	3.45740E+000	7.70409E+002	7.72013E+002	1.60440E+000	5.76968E-001	7.99600E-001	1.55270E-009	1.72600E-009	8.43100E-010
262	22	21	1	1.31000E-002	-2.70000E-003	-3.00000E-003	4.30920E-009	1.70000E-009	7.49000E-011	3.47550E+000	7.81571E+002	7.83125E+002	1.55480E+000	5.76487E-001	7.99500E-001	1.69560E-009	1.72840E-009	1.09600E-009
269	22	23	1	1.32000E-002	-2.70000E-003	-3.00000E-003	3.88060E-009	1.70000E-009	1.46140E-009	3.47540E+000	7.88967E+002	7.91006E+002	2.03920E+000	5.66230E-001	7.99200E-001	1.75650E-009	1.83370E-009	1.13350E-009
273	20	23	1	1.32000E-002	-2.70000E-003	-3.00000E-003	4.38180E-009	1.80000E-009	1.18030E-009	3.47020E+000	7.78842E+002	7.80375E+002	1.53260E+000	5.80007E-001	7.99600E-001	1.63470E-009	1.64170E-009	1.29280E-009
277	18	23	1	1.33000E-002	-2.70000E-003	-3.00000E-003	5.17800E-009	1.60000E-009	7.58800E-010	3.46740E+000	7.70499E+002	7.72124E+002	1.62550E+000	5.82620E-001	8.00400E-001	1.51520E-009	1.81270E-009	9.18000E-010
281	16	23	1	1.31000E-002	-2.60000E-003	-3.00000E-003	5.84080E-009	1.60000E-009	2.81000E-011	3.45900E+000	7.62128E+002	7.63504E+002	1.37600E+000	5.83676E-001	7.99800E-001	1.48240E-009	1.88530E-009	1.18030E-009
285	14	23	1	1.31000E-002	-2.60000E-003	-3.00000E-003	6.04450E-009	1.50000E-009	8.61800E-010	3.45940E+000	7.63597E+002	7.65246E+002	1.64950E+000	5.86533E-001	8.00600E-001	1.18270E-009	1.73070E-009	1.12410E-009
289	12	23	1	1.32000E-002	-2.60000E-003	-3.00000E-003	6.09140E-009	1.70000E-009	4.87100E-010	3.46800E+000	7.59804E+002	7.61363E+002	1.55940E+000	5.84713E-001	8.00500E-001	1.33720E-009	1.88290E-009	9.74200E-010
293	10	23	1	1.32000E-002	-2.70000E-003	-3.00000E-003	5.21550E-009	1.60000E-009	7.17570E-009	3.46990E+000	7.74998E+002	7.76528E+002	1.52970E+000	5.78744E-001	8.00200E-001	1.46610E-009	1.77280E-009	1.16160E-009
297	8	23	1	1.32000E-002	-2.60000E-003	-3.00000E-003	3.14760E-009	1.70000E-009	4.12180E-009	3.47120E+000	7.87050E+002	7.89044E+002	1.99360E+000	5.58693E-001	8.01200E-001	1.61130E-009	1.57850E-009	1.20840E-009
299	8	25	1	1.35000E-002	-2.90000E-003	-3.20000E-003	3.96960E-009	1.40000E-009	2.81000E-011	3.51370E+000	7.70305E+002	7.72421E+002	2.11520E+000	5.72046E-001	8.01000E-001	2.20840E-009	1.55740E-009	1.32090E-009
303	10	25	1	1.32000E-002	-2.70000E-003	-3.00000E-003	4.48010E-009	1.60000E-009	5.80800E-010	3.46830E+000	7.91549E+002	7.91630E+002	8.09000E-002	5.61971E-001	8.00100E-001	1.52690E-009	1.85250E-009	1.04920E-009
307	12	25	1	1.32000E-002	-2.70000E-003	-3.00000E-003	5.00470E-009	1.60000E-009	1.18970E-009	3.46840E+000	7.75436E+002	7.77021E+002	1.58510E+000	5.80993E-001	8.00300E-001	1.43560E-009	1.68390E-009	1.55500E-009
311	14	25	1	1.32000E-002	-2.70000E-003	-3.00000E-003	5.21080E-009	1.80000E-009	1.15220E-009	3.46600E+000	7.70899E+002	7.72645E+002	1.74600E+000	5.82766E-001	8.00400E-001	1.80100E-009	1.85950E-009	3.75000E-011
315	16	25	1	1.32000E-002	-2.70000E-003	-3.00000E-003	4.47080E-009	1.60000E-009	1.54570E-009	3.46900E+000	7.72893E+002	7.74704E+002	1.81030E+000	5.82455E-001	8.00100E-001	1.50590E-009	1.50820E-009	1.18030E-009
319	18	25	1	1.32000E-002	-2.60000E-003	-3.00000E-003	4.28570E-009	1.70000E-009	5.43300E-010	3.47390E+000	7.77385E+002	7.79550E+002	2.16540E+000	5.84961E-001	8.00700E-001	1.43330E-009	1.65110E-009	1.63000E-009
323	20	25	1	1.32000E-002	-2.70000E-003	-3.00000E-003	4.01640E-009	1.70000E-009	3.27900E-010	3.47120E+000	7.87357E+002	7.88893E+002	1.53650E+000	5.72116E-001	7.99200E-001	1.68390E-009	1.56680E-009	1.46140E-009
333	18	27	1	1.32000E-002	-2.70000E-003	-3.00000E-003	3.40050E-009	1.80000E-009	5.99500E-010	3.48660E+000	7.88721E+002	7.90176E+002	1.45510E+000	5.67170E-001	8.00100E-001	1.85720E-009	1.69320E-009	1.38640E-009
337	16	27	1	1.31000E-002	-2.70000E-003	-3.00000E-003	3.54800E-009	1.70000E-009	4.02800E-010	3.48260E+000	7.87505E+002	7.89644E+002	2.13880E+000	5.72195E-001	8.00700E-001	1.69090E-009	1.78460E-009	1.20840E-009
341	14	27	1	1.32000E-002	-2.60000E-003	-3.00000E-003	3.78690E-009	1.50000E-009	2.36070E-009	3.46970E+000	7.86288E+002	7.88073E+002	1.78450E+000	5.71660E-001	8.00100E-001	1.58320E-009	1.70960E-009	2.71700E-010
345	12	27	1	1.32000E-002	-2.70000E-003	-3.00000E-003	4.29750E-009	1.80000E-009	4.96500E-010	3.46600E+000	7.85653E+002	7.88394E+002	2.74040E+000	5.61080E-001	7.99900E-001	1.72130E-009	1.59020E-009	5.99500E-010
348	10	27	1	1.32000E-002	-2.80000E-003	-3.10000E-003	3.34900E-009	1.50000E-009	7.11900E-010	3.50910E+000	7.74839E+002	7.76573E+002	1.73430E+000	5.69911E-001	8.02500E-001	1.79630E-009	1.90630E-009	6.83800E-010

