Program name	ME58P82_G0A89BA.jtf
Lot number	FA55-5136-323A-250509@203
Wafer number	24
Date	2025/05/09
Time	20:19:48

No.U	X	Y	Bin	CONT	IGSS0	IGSS10	ISGS10	VTH0.25	BVDSS0.25	BVDSS10	IDSS240	IDSS250	IGSS16	ISGS16	IGSS18	ISGS18	VTH0.25_2
LimitU				0.500V	99.00uA	100.0nA	100.0nA	4.500V	300.0V	300.0V	800.0nA	800.0nA	200.0nA	200.0nA	200.0nA	200.0nA	4.500V	
LimitL				0V	0A	0A	0A	2.500V	250.0V	250.0V	0A	0A	0A	0A	0A	0A	2.500V	
Bias 1				1.00mA	1.00V	10.0V	10.0V	250uA	250uA	10.0mA	240V	250V	16.0V	16.0V	18.0V	18.0V	250uA
Bias 2				
Bias 3									350V	350V
Bias 4				2.50ms	10.0ms	40.0ms	40.0ms	2.00ms	20.0ms	10.0ms	20.0ms	20.0ms	40.0ms	40.0ms	40.0ms	40.0ms	2.00ms	
Bias 5				
Bias 6				
1	9	5	1	0.000E+00	2.000E-08	2.300E-09	8.300E-09	3.229E+00	2.873E+02	2.889E+02	1.197E-07	1.646E-07	7.000E-10	2.200E-09	1.600E-09	8.200E-09	3.228E+00	
2	10	5	1	0.000E+00	0.000E+00	2.200E-09	6.100E-09	2.853E+00	2.879E+02	2.891E+02	1.502E-07	2.051E-07	6.500E-09	1.800E-09	1.400E-09	9.000E-09	2.853E+00	
3	11	5	1	0.000E+00	1.000E-08	3.800E-09	1.800E-09	2.701E+00	2.854E+02	2.870E+02	1.673E-07	2.275E-07	1.800E-09	7.000E-10	3.200E-09	3.000E-10	2.701E+00	
4	12	5	1	0.000E+00	2.000E-08	3.100E-09	7.000E-10	2.630E+00	2.836E+02	2.855E+02	1.787E-07	2.447E-07	3.400E-09	3.000E-09	2.300E-09	4.000E-09	2.629E+00	
5	13	5	6	0.000E+00	2.000E-08	2.100E-09	5.000E-09	2.466E+00	2.808E+02	2.828E+02	1.966E-07	2.730E-07	5.900E-09	3.100E-09	4.400E-09	1.000E-10	2.466E+00	
6	14	6	6	1.000E-03	0.000E+00	3.000E-09	8.600E-09	2.342E+00	2.761E+02	2.784E+02	2.256E-07	3.194E-07	3.200E-09	3.000E-10	3.000E-09	4.900E-09	2.342E+00	
7	13	6	6	0.000E+00	3.000E-08	2.600E-09	0.000E+00	2.419E+00	2.771E+02	2.795E+02	2.147E-07	3.023E-07	3.800E-09	3.300E-09	1.200E-09	9.000E-10	2.418E+00	
8	12	6	1	0.000E+00	2.000E-08	1.000E-09	7.000E-10	2.630E+00	2.826E+02	2.843E+02	1.793E-07	2.487E-07	1.800E-09	5.000E-10	5.100E-09	0.000E+00	2.629E+00	
9	11	6	1	0.000E+00	0.000E+00	1.800E-09	6.800E-09	2.877E+00	2.866E+02	2.882E+02	1.488E-07	2.014E-07	5.900E-09	1.700E-09	2.600E-09	8.200E-09	2.877E+00	
10	10	6	1	0.000E+00	3.000E-08	9.000E-10	4.200E-09	3.120E+00	2.871E+02	2.885E+02	1.230E-07	1.653E-07	4.300E-09	3.100E-09	1.400E-09	7.000E-10	3.120E+00	
11	9	6	1	0.000E+00	1.000E-08	1.000E-10	4.800E-09	3.316E+00	2.876E+02	2.889E+02	1.041E-07	1.408E-07	3.700E-09	7.000E-09	1.700E-09	5.000E-09	3.315E+00	
12	8	6	1	0.000E+00	1.000E-08	2.800E-09	2.000E-10	3.361E+00	2.871E+02	2.887E+02	9.910E-08	1.313E-07	2.100E-09	5.900E-09	3.400E-09	1.900E-09	3.360E+00	
13	7	7	1	0.000E+00	2.000E-08	5.200E-09	2.000E-09	3.547E+00	2.873E+02	2.890E+02	8.610E-08	1.174E-07	9.000E-10	5.000E-10	1.300E-09	1.400E-09	3.546E+00	
14	8	7	1	0.000E+00	0.000E+00	2.900E-09	2.000E-09	3.543E+00	2.880E+02	2.891E+02	8.750E-08	1.182E-07	1.500E-09	2.300E-09	3.400E-09	1.200E-09	3.543E+00	
15	9	7	1	1.000E-03	0.000E+00	4.900E-09	3.400E-09	3.543E+00	2.873E+02	2.883E+02	9.140E-08	1.237E-07	4.300E-09	4.500E-09	4.000E-09	3.200E-09	3.543E+00	
16	10	7	1	0.000E+00	1.000E-08	1.100E-09	5.500E-09	3.446E+00	2.869E+02	2.879E+02	9.660E-08	1.326E-07	8.300E-09	3.100E-09	3.000E-09	1.200E-09	3.446E+00	
17	11	7	1	0.000E+00	4.000E-08	6.100E-09	2.300E-09	3.201E+00	2.871E+02	2.884E+02	1.140E-07	1.555E-07	1.800E-09	3.100E-09	2.900E-09	9.000E-10	3.201E+00	
18	12	7	1	0.000E+00	3.000E-08	3.800E-09	1.400E-09	2.909E+00	2.865E+02	2.880E+02	1.475E-07	2.021E-07	1.200E-09	1.000E-09	1.700E-09	4.000E-10	2.910E+00	
19	13	7	1	0.000E+00	0.000E+00	3.000E-10	1.300E-09	2.510E+00	2.784E+02	2.809E+02	1.997E-07	2.778E-07	2.000E-10	1.500E-09	1.100E-09	2.900E-09	2.511E+00	
20	14	7	6	1.000E-03	0.000E+00	2.000E-09	7.100E-09	2.336E+00	2.746E+02	2.770E+02	2.306E-07	3.280E-07	5.500E-09	7.700E-09	6.000E-10	2.800E-09	2.336E+00	
21	15	7	6	0.000E+00	1.000E-08	7.000E-10	4.000E-10	2.368E+00	2.757E+02	2.785E+02	2.226E-07	3.143E-07	1.100E-09	3.000E-10	7.200E-09	3.000E-10	2.368E+00	
22	16	8	6	0.000E+00	3.000E-08	1.900E-09	2.000E-10	2.306E+00	2.752E+02	2.778E+02	2.298E-07	3.251E-07	3.200E-09	1.600E-09	2.800E-09	2.300E-09	2.307E+00	
23	15	8	6	1.000E-03	0.000E+00	1.100E-09	2.000E-09	2.341E+00	2.745E+02	2.771E+02	2.307E-07	3.257E-07	3.900E-09	1.300E-09	1.300E-09	1.000E-09	2.341E+00	
24	14	8	6	0.000E+00	3.000E-08	6.200E-09	3.500E-09	2.420E+00	2.763E+02	2.788E+02	2.127E-07	3.006E-07	2.900E-09	8.000E-10	4.300E-09	5.500E-09	2.420E+00	
25	13	8	1	0.000E+00	0.000E+00	3.800E-09	2.100E-09	2.645E+00	2.820E+02	2.844E+02	1.716E-07	2.370E-07	1.800E-09	2.900E-09	3.900E-09	2.200E-09	2.644E+00	
26	12	8	1	0.000E+00	1.000E-08	2.500E-09	9.000E-10	3.093E+00	2.872E+02	2.885E+02	1.208E-07	1.641E-07	3.700E-09	3.400E-09	3.700E-09	1.000E-09	3.094E+00	
27	11	8	1	0.000E+00	0.000E+00	1.100E-09	7.400E-09	3.415E+00	2.868E+02	2.881E+02	9.660E-08	1.299E-07	5.300E-09	1.500E-09	2.700E-09	4.700E-09	3.415E+00	
28	10	8	1	0.000E+00	3.000E-08	1.700E-09	4.800E-09	3.501E+00	2.867E+02	2.880E+02	9.210E-08	1.225E-07	4.400E-09	3.500E-09	1.100E-09	2.800E-09	3.501E+00	
29	9	8	1	0.000E+00	0.000E+00	4.000E-10	1.400E-09	3.565E+00	2.871E+02	2.883E+02	8.910E-08	1.211E-07	6.400E-09	4.800E-09	2.600E-09	3.900E-09	3.565E+00	
30	8	8	1	1.000E-03	0.000E+00	2.600E-09	3.100E-09	3.560E+00	2.874E+02	2.886E+02	8.930E-08	1.210E-07	0.000E+00	8.000E-10	2.100E-09	1.700E-09	3.560E+00	
31	7	8	1	0.000E+00	0.000E+00	4.700E-09	6.900E-09	3.564E+00	2.882E+02	2.893E+02	8.530E-08	1.157E-07	1.200E-09	1.800E-09	6.900E-09	5.900E-09	3.564E+00	
32	6	9	1	0.000E+00	2.000E-08	5.000E-10	3.000E-09	3.564E+00	2.888E+02	2.902E+02	8.160E-08	1.067E-07	3.200E-09	2.000E-09	7.000E-10	7.000E-10	3.564E+00	
33	7	9	1	0.000E+00	0.000E+00	1.000E-09	5.400E-09	3.558E+00	2.875E+02	2.888E+02	8.750E-08	1.169E-07	1.000E-09	7.000E-10	1.000E-10	4.700E-09	3.557E+00	
34	8	9	1	0.000E+00	3.000E-08	1.000E-09	5.200E-09	3.574E+00	2.871E+02	2.882E+02	8.780E-08	1.209E-07	4.300E-09	3.800E-09	3.900E-09	3.900E-09	3.574E+00	
35	9	9	1	0.000E+00	3.000E-08	5.000E-10	4.600E-09	3.543E+00	2.869E+02	2.882E+02	8.830E-08	1.211E-07	5.500E-09	4.000E-09	4.900E-09	1.000E-09	3.543E+00	
36	10	9	1	0.000E+00	0.000E+00	2.000E-09	1.900E-09	3.539E+00	2.871E+02	2.883E+02	9.110E-08	1.236E-07	4.300E-09	1.300E-09	4.900E-09	6.000E-10	3.540E+00	
37	11	9	1	0.000E+00	2.000E-08	9.000E-10	1.000E-09	3.518E+00	2.875E+02	2.888E+02	9.300E-08	1.226E-07	2.200E-09	3.800E-09	1.000E-09	3.100E-09	3.518E+00	
38	12	9	1	0.000E+00	0.000E+00	4.600E-09	2.000E-09	3.374E+00	2.877E+02	2.892E+02	9.910E-08	1.347E-07	6.200E-09	2.700E-09	8.000E-10	3.100E-09	3.373E+00	
39	13	9	1	0.000E+00	0.000E+00	4.100E-09	8.700E-09	2.934E+00	2.873E+02	2.886E+02	1.370E-07	1.865E-07	3.700E-09	1.400E-09	7.300E-09	3.100E-09	2.935E+00	
40	14	9	1	0.000E+00	4.000E-08	4.200E-09	1.900E-09	2.559E+00	2.791E+02	2.819E+02	1.874E-07	2.609E-07	4.100E-09	1.700E-09	2.400E-09	1.900E-09	2.559E+00	
41	15	9	6	0.000E+00	0.000E+00	3.000E-10	6.100E-09	2.458E+00	2.764E+02	2.785E+02	2.143E-07	3.044E-07	4.900E-09	0.000E+00	2.800E-09	7.900E-09	2.458E+00	
42	16	9	6	0.000E+00	0.000E+00	1.600E-09	4.000E-10	2.338E+00	2.741E+02	2.765E+02	2.343E-07	3.350E-07	2.000E-10	4.400E-09	4.000E-10	6.000E-10	2.339E+00	
43	16	10	6	1.000E-03	0.000E+00	1.300E-09	7.500E-09	2.361E+00	2.742E+02	2.765E+02	2.322E-07	3.322E-07	1.500E-09	7.500E-09	2.100E-09	1.400E-09	2.360E+00	
44	15	10	1	1.000E-03	0.000E+00	1.500E-09	4.900E-09	2.536E+00	2.784E+02	2.804E+02	1.985E-07	2.795E-07	9.000E-10	0.000E+00	3.900E-09	5.000E-09	2.535E+00	
45	14	10	1	1.000E-03	4.000E-08	6.200E-09	4.200E-09	2.767E+00	2.836E+02	2.863E+02	1.579E-07	2.156E-07	9.000E-10	1.000E-10	4.900E-09	1.500E-09	2.767E+00	
46	13	10	1	0.000E+00	4.000E-08	1.000E-09	1.000E-09	3.249E+00	2.883E+02	2.896E+02	1.081E-07	1.449E-07	1.400E-09	1.000E-10	3.200E-09	0.000E+00	3.251E+00	
47	12	10	1	1.000E-03	0.000E+00	2.100E-09	6.000E-10	3.510E+00	2.884E+02	2.896E+02	9.320E-08	1.250E-07	1.200E-09	1.700E-09	5.100E-09	1.000E-10	3.510E+00	
48	11	10	1	1.000E-03	2.000E-08	4.000E-10	3.400E-09	3.540E+00	2.882E+02	2.893E+02	9.210E-08	1.212E-07	4.600E-09	2.100E-09	1.900E-09	7.000E-10	3.540E+00	
49	10	10	1	0.000E+00	0.000E+00	7.000E-10	1.700E-09	3.547E+00	2.876E+02	2.891E+02	9.210E-08	1.218E-07	1.100E-09	5.000E-10	1.900E-09	4.000E-09	3.547E+00	
50	9	10	1	0.000E+00	0.000E+00	4.000E-10	4.500E-09	3.558E+00	2.870E+02	2.884E+02	8.810E-08	1.209E-07	4.300E-09	7.000E-10	3.700E-09	5.000E-09	3.557E+00	
51	8	10	1	0.000E+00	0.000E+00	9.000E-10	5.700E-09	3.544E+00	2.869E+02	2.880E+02	8.710E-08	1.205E-07	5.400E-09	9.000E-10	6.700E-09	2.400E-09	3.544E+00	
52	7	10	1	1.000E-03	1.000E-08	2.900E-09	2.200E-09	3.553E+00	2.875E+02	2.887E+02	8.790E-08	1.200E-07	0.000E+00	2.000E-10	2.000E-10	8.000E-10	3.553E+00	
53	6	10	1	1.000E-03	0.000E+00	8.000E-10	2.300E-09	3.558E+00	2.889E+02	2.901E+02	8.240E-08	1.108E-07	8.000E-10	2.700E-09	5.200E-09	1.400E-09	3.559E+00	
54	6	11	1	1.000E-03	0.000E+00	3.000E-10	5.800E-09	3.563E+00	2.888E+02	2.900E+02	8.440E-08	1.117E-07	8.900E-09	3.000E-10	3.800E-09	5.100E-09	3.563E+00	
55	7	11	1	0.000E+00	4.000E-08	3.000E-10	3.400E-09	3.573E+00	2.876E+02	2.888E+02	8.870E-08	1.171E-07	1.900E-09	5.000E-10	8.000E-10	2.800E-09	3.573E+00	
56	8	11	1	1.000E-03	5.000E-08	3.500E-09	1.000E-10	3.537E+00	2.864E+02	2.883E+02	8.880E-08	1.209E-07	1.000E-09	2.100E-09	3.500E-09	5.000E-10	3.538E+00	
57	9	11	1	0.000E+00	1.000E-08	3.800E-09	2.400E-09	3.576E+00	2.877E+02	2.892E+02	8.970E-08	1.200E-07	4.400E-09	2.000E-09	2.800E-09	1.000E-09	3.576E+00	
58	10	11	1	0.000E+00	0.000E+00	2.300E-09	2.800E-09	3.556E+00	2.881E+02	2.894E+02	9.220E-08	1.222E-07	4.900E-09	9.700E-09	1.800E-09	1.400E-09	3.556E+00	
59	11	11	1	1.000E-03	0.000E+00	9.000E-10	2.100E-09	3.554E+00	2.881E+02	2.894E+02	9.230E-08	1.229E-07	4.400E-09	8.000E-09	2.700E-09	3.700E-09	3.554E+00	
60	12	11	1	1.000E-03	0.000E+00	5.000E-10	1.400E-09	3.563E+00	2.885E+02	2.897E+02	9.100E-08	1.227E-07	9.000E-10	2.000E-09	6.200E-09	3.000E-10	3.563E+00	
61	13	11	1	0.000E+00	0.000E+00	3.900E-09	1.000E-10	3.457E+00	2.886E+02	2.898E+02	9.510E-08	1.266E-07	3.200E-09	7.400E-09	2.000E-10	3.400E-09	3.458E+00	
62	14	11	4	1.000E-03	6.451E-05	999.9												
63	15	11	1	0.000E+00	0.000E+00	2.600E-09	6.100E-09	2.720E+00	2.824E+02	2.843E+02	1.706E-07	2.356E-07	2.500E-09	0.000E+00	2.700E-09	6.000E-10	2.720E+00	
64	16	11	6	1.000E-03	3.000E-08	1.600E-09	1.200E-09	2.448E+00	2.767E+02	2.788E+02	2.109E-07	2.993E-07	2.000E-10	2.100E-09	7.000E-10	2.500E-09	2.445E+00	
65	17	11	6	1.000E-03	3.000E-08	5.000E-10	1.300E-09	2.386E+00	2.767E+02	2.790E+02	2.143E-07	2.997E-07	3.000E-09	6.000E-09	1.000E-10	2.600E-09	2.386E+00	
66	17	12	6	0.000E+00	0.000E+00	1.300E-09	4.000E-10	2.440E+00	2.785E+02	2.805E+02	2.032E-07	2.854E-07	2.800E-09	2.000E-10	3.500E-09	0.000E+00	2.439E+00	
67	16	12	1	1.000E-03	0.000E+00	2.100E-09	5.000E-09	2.571E+00	2.804E+02	2.824E+02	1.851E-07	2.583E-07	1.000E-09	1.000E-09	5.400E-09	6.300E-09	2.571E+00	
68	15	12	1	0.000E+00	0.000E+00	4.100E-09	3.900E-09	2.933E+00	2.874E+02	2.883E+02	1.360E-07	1.850E-07	0.000E+00	3.900E-09	3.800E-09	3.500E-09	2.934E+00	
69	14	12	1	1.000E-03	0.000E+00	1.300E-09	2.100E-09	3.374E+00	2.886E+02	2.898E+02	9.930E-08	1.301E-07	4.600E-09	3.000E-10	2.600E-09	0.000E+00	3.373E+00	
70	13	12	1	1.000E-03	7.000E-08	3.400E-09	7.000E-10	3.523E+00	2.884E+02	2.897E+02	9.210E-08	1.238E-07	7.000E-10	2.200E-09	1.000E-10	4.000E-10	3.524E+00	
71	12	12	1	0.000E+00	0.000E+00	2.200E-09	1.600E-09	3.550E+00	2.881E+02	2.896E+02	9.150E-08	1.229E-07	1.100E-09	4.300E-09	1.000E-09	2.800E-09	3.550E+00	
72	11	12	1	0.000E+00	0.000E+00	0.000E+00	6.900E-09	3.547E+00	2.881E+02	2.893E+02	9.210E-08	1.222E-07	4.000E-09	7.800E-09	3.200E-09	3.500E-09	3.547E+00	
73	10	12	1	1.000E-03	2.000E-08	2.500E-09	1.400E-09	3.550E+00	2.884E+02	2.896E+02	9.160E-08	1.216E-07	3.300E-09	4.300E-09	2.600E-09	2.000E-10	3.550E+00	
74	9	12	1	0.000E+00	1.000E-08	1.700E-09	6.000E-09	3.570E+00	2.884E+02	2.897E+02	8.860E-08	1.207E-07	3.700E-09	5.500E-09	5.100E-09	3.100E-09	3.570E+00	
75	8	12	1	0.000E+00	0.000E+00	3.600E-09	3.400E-09	3.551E+00	2.875E+02	2.888E+02	8.820E-08	1.192E-07	3.000E-10	0.000E+00	3.300E-09	1.100E-09	3.550E+00	
76	7	12	1	0.000E+00	2.000E-08	2.300E-09	2.900E-09	3.573E+00	2.879E+02	2.891E+02	8.820E-08	1.163E-07	3.400E-09	5.000E-10	1.800E-09	1.300E-09	3.573E+00	
77	6	12	1	0.000E+00	1.000E-08	1.100E-09	1.000E-09	3.554E+00	2.887E+02	2.899E+02	8.550E-08	1.127E-07	4.900E-09	2.500E-09	2.000E-09	4.600E-09	3.553E+00	
78	5	12	1	1.000E-03	0.000E+00	1.200E-09	3.900E-09	3.566E+00	2.840E+02	2.866E+02	7.790E-08	1.067E-07	2.600E-09	7.000E-10	5.000E-09	6.500E-09	3.566E+00	
79	5	13	1	1.000E-03	1.000E-08	1.000E-10	1.000E-09	3.551E+00	2.851E+02	2.876E+02	7.930E-08	1.084E-07	2.200E-09	1.800E-09	2.800E-09	9.000E-10	3.552E+00	
80	6	13	1	0.000E+00	1.000E-08	6.000E-10	5.700E-09	3.556E+00	2.886E+02	2.898E+02	8.540E-08	1.141E-07	1.200E-09	3.700E-09	2.800E-09	4.400E-09	3.556E+00	
81	7	13	1	1.000E-03	0.000E+00	4.000E-10	8.800E-09	3.575E+00	2.878E+02	2.891E+02	8.670E-08	1.163E-07	1.800E-09	6.800E-09	3.800E-09	4.900E-09	3.575E+00	
82	8	13	1	1.000E-03	0.000E+00	3.600E-09	3.200E-09	3.560E+00	2.876E+02	2.890E+02	8.790E-08	1.190E-07	2.000E-10	1.700E-09	3.600E-09	1.000E-09	3.560E+00	
83	9	13	1	1.000E-03	3.000E-08	4.600E-09	1.500E-09	3.586E+00	2.886E+02	2.900E+02	8.880E-08	1.189E-07	2.900E-09	5.600E-09	3.300E-09	9.000E-10	3.585E+00	
84	10	13	1	0.000E+00	1.000E-08	1.900E-09	5.900E-09	3.558E+00	2.885E+02	2.898E+02	9.120E-08	1.213E-07	8.500E-09	2.800E-09	3.200E-09	2.000E-09	3.558E+00	
85	11	13	1	0.000E+00	0.000E+00	2.700E-09	1.900E-09	3.546E+00	2.882E+02	2.895E+02	9.120E-08	1.230E-07	4.400E-09	3.300E-09	1.100E-09	5.900E-09	3.545E+00	
86	12	13	4	0.000E+00	3.594E-05	999.9												
87	13	13	1	0.000E+00	2.000E-08	3.000E-10	4.600E-09	3.550E+00	2.883E+02	2.896E+02	9.110E-08	1.207E-07	3.000E-10	6.700E-09	7.000E-10	7.100E-09	3.550E+00	
88	14	13	1	0.000E+00	0.000E+00	9.000E-10	7.900E-09	3.516E+00	2.886E+02	2.898E+02	9.120E-08	1.208E-07	3.900E-09	4.700E-09	3.400E-09	5.900E-09	3.516E+00	
89	15	13	1	0.000E+00	2.000E-08	5.600E-09	5.400E-09	3.262E+00	2.876E+02	2.888E+02	1.061E-07	1.436E-07	1.800E-09	2.000E-10	3.000E-09	3.700E-09	3.261E+00	
90	16	13	1	1.000E-03	1.000E-08	1.500E-09	6.000E-09	2.796E+00	2.853E+02	2.873E+02	1.515E-07	2.079E-07	1.100E-09	1.400E-09	7.900E-09	4.100E-09	2.796E+00	
91	17	13	1	1.000E-03	0.000E+00	5.000E-10	3.000E-09	2.523E+00	2.806E+02	2.825E+02	1.894E-07	2.607E-07	1.900E-09	3.000E-09	0.000E+00	1.900E-09	2.523E+00	
92	17	14	1	1.000E-03	0.000E+00	2.200E-09	5.300E-09	2.627E+00	2.824E+02	2.848E+02	1.715E-07	2.363E-07	7.000E-09	7.600E-09	1.800E-09	6.000E-10	2.627E+00	
93	16	14	1	0.000E+00	1.000E-08	3.200E-09	3.000E-10	3.038E+00	2.871E+02	2.883E+02	1.232E-07	1.679E-07	1.300E-09	2.800E-09	2.300E-09	2.500E-09	3.038E+00	
94	15	14	1	1.000E-03	6.000E-08	4.400E-09	5.000E-10	3.452E+00	2.875E+02	2.886E+02	9.240E-08	1.264E-07	3.000E-10	3.000E-10	1.400E-09	2.000E-10	3.452E+00	
95	14	14	1	0.000E+00	0.000E+00	0.000E+00	1.800E-09	3.543E+00	2.887E+02	2.899E+02	8.930E-08	1.171E-07	3.500E-09	4.600E-09	3.000E-10	5.200E-09	3.543E+00	
96	13	14	1	1.000E-03	0.000E+00	3.500E-09	7.000E-10	3.546E+00	2.885E+02	2.899E+02	8.990E-08	1.203E-07	3.000E-09	3.900E-09	1.700E-09	4.000E-10	3.547E+00	
97	12	14	1	0.000E+00	3.000E-08	7.000E-10	5.000E-09	3.558E+00	2.884E+02	2.896E+02	9.110E-08	1.200E-07	5.700E-09	3.100E-09	1.600E-09	4.700E-09	3.558E+00	
98	11	14	1	0.000E+00	0.000E+00	2.300E-09	1.900E-09	3.565E+00	2.885E+02	2.896E+02	9.050E-08	1.214E-07	5.000E-10	2.900E-09	5.200E-09	3.500E-09	3.565E+00	
99	10	14	1	1.000E-03	1.000E-08	6.000E-10	6.200E-09	3.564E+00	2.887E+02	2.899E+02	8.910E-08	1.205E-07	1.500E-09	2.600E-09	2.500E-09	4.300E-09	3.564E+00	
100	9	14	1	1.000E-03	2.000E-08	4.500E-09	4.000E-10	3.565E+00	2.887E+02	2.901E+02	8.880E-08	1.191E-07	1.700E-09	2.000E-09	3.000E-10	7.000E-10	3.564E+00	
101	8	14	1	0.000E+00	3.000E-08	1.500E-09	2.100E-09	3.550E+00	2.878E+02	2.889E+02	8.790E-08	1.162E-07	2.500E-09	2.100E-09	2.000E-10	2.700E-09	3.550E+00	
102	7	14	1	0.000E+00	1.000E-08	3.300E-09	0.000E+00	3.561E+00	2.880E+02	2.890E+02	8.640E-08	1.171E-07	3.900E-09	2.600E-09	2.900E-09	9.000E-10	3.560E+00	
103	6	14	1	0.000E+00	2.000E-08	5.000E-10	6.000E-09	3.535E+00	2.887E+02	2.899E+02	8.530E-08	1.133E-07	6.100E-09	2.800E-09	2.300E-09	4.800E-09	3.535E+00	
104	5	14	1	0.000E+00	1.000E-08	1.600E-09	3.400E-09	3.568E+00	2.844E+02	2.870E+02	7.970E-08	1.065E-07	4.100E-09	2.500E-09	1.900E-09	2.000E-09	3.568E+00	
105	5	15	1	1.000E-03	0.000E+00	2.400E-09	6.000E-10	3.617E+00	2.816E+02	2.846E+02	7.940E-08	1.096E-07	1.000E-09	1.500E-09	4.800E-09	3.200E-09	3.616E+00	
106	6	15	1	0.000E+00	3.000E-08	4.800E-09	2.300E-09	3.561E+00	2.888E+02	2.899E+02	8.350E-08	1.127E-07	1.300E-09	2.600E-09	2.100E-09	3.900E-09	3.561E+00	
107	7	15	1	0.000E+00	1.000E-08	5.000E-09	7.000E-10	3.563E+00	2.878E+02	2.890E+02	8.560E-08	1.162E-07	9.000E-10	5.700E-09	2.600E-09	2.600E-09	3.564E+00	
108	8	15	1	1.000E-03	0.000E+00	2.600E-09	8.000E-10	3.539E+00	2.874E+02	2.886E+02	8.650E-08	1.174E-07	2.700E-09	2.000E-10	3.200E-09	8.000E-10	3.538E+00	
109	9	15	1	0.000E+00	0.000E+00	1.400E-09	3.800E-09	3.582E+00	2.883E+02	2.897E+02	8.770E-08	1.184E-07	5.700E-09	4.100E-09	2.100E-09	5.400E-09	3.581E+00	
110	10	15	1	0.000E+00	0.000E+00	1.200E-09	3.900E-09	3.579E+00	2.888E+02	2.899E+02	8.900E-08	1.188E-07	4.300E-09	5.900E-09	4.100E-09	2.800E-09	3.579E+00	
111	11	15	1	0.000E+00	1.000E-08	5.000E-09	1.700E-09	3.574E+00	2.885E+02	2.896E+02	8.900E-08	1.189E-07	2.600E-09	0.000E+00	2.700E-09	1.300E-09	3.574E+00	
112	12	15	1	0.000E+00	0.000E+00	8.000E-10	6.000E-09	3.589E+00	2.887E+02	2.900E+02	8.740E-08	1.181E-07	6.200E-09	4.000E-10	3.600E-09	7.300E-09	3.589E+00	
113	13	15	1	1.000E-03	1.000E-08	1.900E-09	2.600E-09	3.558E+00	2.888E+02	2.901E+02	8.880E-08	1.167E-07	3.100E-09	4.800E-09	1.700E-09	1.100E-09	3.558E+00	
114	14	15	1	0.000E+00	3.000E-08	1.400E-09	1.700E-09	3.555E+00	2.888E+02	2.899E+02	8.790E-08	1.155E-07	4.000E-09	2.000E-09	0.000E+00	2.000E-09	3.554E+00	
115	15	15	1	0.000E+00	0.000E+00	1.700E-09	3.800E-09	3.561E+00	2.874E+02	2.885E+02	8.650E-08	1.197E-07	5.200E-09	1.900E-09	4.600E-09	2.800E-09	3.561E+00	
116	16	15	1	1.000E-03	1.000E-08	3.300E-09	1.400E-09	3.320E+00	2.868E+02	2.882E+02	9.950E-08	1.374E-07	5.400E-09	4.300E-09	9.000E-10	5.000E-09	3.320E+00	
117	17	15	1	0.000E+00	2.000E-08	4.000E-10	5.300E-09	2.803E+00	2.863E+02	2.880E+02	1.490E-07	2.001E-07	5.600E-09	3.800E-09	2.000E-10	0.000E+00	2.804E+00	
118	16	16	1	0.000E+00	0.000E+00	2.700E-09	6.700E-09	3.463E+00	2.874E+02	2.887E+02	9.180E-08	1.226E-07	6.900E-09	8.200E-09	2.300E-09	6.000E-10	3.463E+00	
119	15	16	1	0.000E+00	0.000E+00	8.000E-10	5.000E-10	3.587E+00	2.875E+02	2.885E+02	8.700E-08	1.189E-07	1.500E-09	2.500E-09	1.400E-09	8.000E-10	3.586E+00	
120	14	16	1	0.000E+00	2.000E-08	3.100E-09	9.000E-10	3.557E+00	2.883E+02	2.896E+02	8.610E-08	1.150E-07	4.200E-09	3.300E-09	9.000E-10	1.000E-09	3.557E+00	
121	13	16	1	1.000E-03	1.000E-08	5.200E-09	7.000E-10	3.570E+00	2.889E+02	2.901E+02	8.650E-08	1.168E-07	4.600E-09	2.800E-09	1.400E-09	6.100E-09	3.571E+00	
122	12	16	1	0.000E+00	2.000E-08	1.700E-09	6.300E-09	3.573E+00	2.886E+02	2.900E+02	8.730E-08	1.172E-07	1.000E-09	0.000E+00	5.400E-09	4.200E-09	3.574E+00	
123	11	16	1	0.000E+00	0.000E+00	4.000E-10	4.000E-09	3.570E+00	2.885E+02	2.896E+02	8.950E-08	1.168E-07	3.500E-09	3.000E-09	1.000E-09	4.100E-09	3.571E+00	
124	10	16	1	0.000E+00	2.000E-08	1.800E-09	1.500E-09	3.578E+00	2.884E+02	2.897E+02	8.920E-08	1.193E-07	1.500E-09	3.600E-09	2.100E-09	1.400E-09	3.578E+00	
125	9	16	1	1.000E-03	2.000E-08	1.500E-09	7.900E-09	3.550E+00	2.873E+02	2.889E+02	8.760E-08	1.175E-07	5.300E-09	8.300E-09	3.600E-09	7.000E-10	3.550E+00	
126	8	16	1	0.000E+00	0.000E+00	3.300E-09	6.300E-09	3.538E+00	2.871E+02	2.883E+02	8.590E-08	1.171E-07	2.100E-09	1.100E-09	4.400E-09	1.900E-09	3.538E+00	
127	7	16	1	1.000E-03	0.000E+00	0.000E+00	3.600E-09	3.557E+00	2.877E+02	2.889E+02	8.630E-08	1.142E-07	3.900E-09	1.200E-09	4.000E-10	1.000E-09	3.557E+00	
128	6	16	1	1.000E-03	1.000E-08	1.400E-09	3.000E-10	3.543E+00	2.888E+02	2.900E+02	8.370E-08	1.102E-07	4.100E-09	3.300E-09	1.900E-09	5.100E-09	3.544E+00	
129	6	17	1	0.000E+00	1.000E-08	4.200E-09	1.000E-10	3.578E+00	2.889E+02	2.901E+02	8.100E-08	1.098E-07	1.600E-09	7.000E-10	6.000E-10	1.800E-09	3.578E+00	
130	7	17	1	1.000E-03	0.000E+00	1.000E-09	7.000E-10	3.556E+00	2.876E+02	2.888E+02	8.400E-08	1.161E-07	3.500E-09	6.000E-10	2.000E-09	4.600E-09	3.557E+00	
131	8	17	1	1.000E-03	0.000E+00	3.200E-09	3.000E-10	3.581E+00	2.868E+02	2.879E+02	8.670E-08	1.178E-07	2.800E-09	3.100E-09	2.900E-09	3.000E-10	3.582E+00	
132	9	17	1	1.000E-03	0.000E+00	7.000E-10	7.300E-09	3.561E+00	2.867E+02	2.880E+02	8.730E-08	1.175E-07	2.800E-09	6.800E-09	1.400E-09	4.300E-09	3.560E+00	
133	10	17	1	0.000E+00	0.000E+00	2.800E-09	2.100E-09	3.568E+00	2.876E+02	2.891E+02	8.770E-08	1.187E-07	2.600E-09	1.000E-10	1.700E-09	2.000E-10	3.569E+00	
134	11	17	1	1.000E-03	3.000E-08	0.000E+00	1.000E-09	3.573E+00	2.883E+02	2.895E+02	8.810E-08	1.189E-07	7.000E-10	1.100E-09	6.400E-09	2.100E-09	3.573E+00	
135	12	17	1	0.000E+00	3.000E-08	1.600E-09	5.400E-09	3.574E+00	2.886E+02	2.898E+02	8.770E-08	1.155E-07	2.100E-09	1.500E-09	2.000E-09	8.700E-09	3.575E+00	
136	13	17	1	0.000E+00	3.000E-08	3.000E-09	3.800E-09	3.567E+00	2.886E+02	2.898E+02	8.510E-08	1.158E-07	6.300E-09	4.100E-09	4.300E-09	9.000E-10	3.567E+00	
137	14	17	1	1.000E-03	1.000E-08	3.700E-09	2.500E-09	3.565E+00	2.879E+02	2.891E+02	8.570E-08	1.165E-07	1.300E-09	3.100E-09	1.200E-09	1.500E-09	3.565E+00	
138	15	17	1	0.000E+00	4.000E-08	1.400E-09	4.000E-10	3.640E+00	2.877E+02	2.889E+02	8.540E-08	1.160E-07	1.800E-09	2.500E-09	3.000E-10	2.100E-09	3.640E+00	
139	16	17	1	1.000E-03	3.000E-08	8.000E-10	7.400E-09	3.562E+00	2.879E+02	2.892E+02	8.680E-08	1.156E-07	4.800E-09	8.700E-09	5.000E-10	3.700E-09	3.562E+00	
140	16	18	1	0.000E+00	2.000E-08	3.200E-09	3.100E-09	3.599E+00	2.886E+02	2.900E+02	8.370E-08	1.125E-07	3.200E-09	2.600E-09	4.600E-09	1.000E-09	3.599E+00	
141	15	18	1	0.000E+00	2.000E-08	1.300E-09	3.700E-09	3.633E+00	2.883E+02	2.895E+02	8.380E-08	1.138E-07	1.000E-10	2.600E-09	3.600E-09	1.000E-09	3.633E+00	
142	14	18	1	0.000E+00	1.000E-08	1.500E-09	2.000E-10	3.596E+00	2.881E+02	2.892E+02	8.450E-08	1.145E-07	4.000E-10	2.000E-10	4.900E-09	2.400E-09	3.595E+00	
143	13	18	1	0.000E+00	0.000E+00	8.000E-10	2.500E-09	3.575E+00	2.879E+02	2.893E+02	8.610E-08	1.144E-07	2.800E-09	3.700E-09	5.000E-10	1.400E-09	3.575E+00	
144	12	18	1	0.000E+00	1.000E-08	4.600E-09	3.000E-10	3.545E+00	2.877E+02	2.891E+02	8.640E-08	1.164E-07	2.800E-09	4.300E-09	1.100E-09	1.200E-09	3.545E+00	
145	11	18	1	1.000E-03	1.000E-08	2.300E-09	4.600E-09	3.552E+00	2.874E+02	2.888E+02	8.580E-08	1.179E-07	3.200E-09	1.700E-09	2.800E-09	5.400E-09	3.551E+00	
146	10	18	1	1.000E-03	0.000E+00	1.400E-09	6.000E-10	3.550E+00	2.872E+02	2.885E+02	8.660E-08	1.186E-07	7.300E-09	1.000E-10	2.000E-09	5.200E-09	3.550E+00	
147	9	18	1	0.000E+00	0.000E+00	2.100E-09	1.800E-09	3.574E+00	2.867E+02	2.881E+02	8.660E-08	1.190E-07	3.800E-09	9.000E-10	4.100E-09	1.900E-09	3.574E+00	
148	8	18	1	1.000E-03	3.000E-08	1.400E-09	3.500E-09	3.576E+00	2.870E+02	2.881E+02	8.640E-08	1.185E-07	7.000E-10	6.000E-10	6.000E-09	3.600E-09	3.576E+00	
149	7	18	4	0.000E+00	5.927E-05	999.9												
150	6	18	1	0.000E+00	0.000E+00	3.000E-10	5.300E-09	3.635E+00	2.871E+02	2.896E+02	7.890E-08	1.061E-07	3.600E-09	7.900E-09	9.000E-10	4.400E-09	3.636E+00	
151	7	19	1	1.000E-03	0.000E+00	2.700E-09	5.600E-09	3.576E+00	2.887E+02	2.898E+02	8.320E-08	1.117E-07	4.700E-09	7.700E-09	1.900E-09	2.800E-09	3.575E+00	
152	8	19	1	1.000E-03	0.000E+00	2.100E-09	6.200E-09	3.580E+00	2.873E+02	2.885E+02	8.680E-08	1.184E-07	3.300E-09	1.700E-09	4.100E-09	3.300E-09	3.580E+00	
153	9	19	1	0.000E+00	0.000E+00	3.800E-09	4.700E-09	3.613E+00	2.871E+02	2.884E+02	8.610E-08	1.180E-07	3.000E-10	0.000E+00	5.300E-09	9.000E-10	3.614E+00	
154	10	19	1	1.000E-03	1.000E-08	4.000E-09	2.400E-09	3.607E+00	2.875E+02	2.887E+02	8.670E-08	1.170E-07	3.200E-09	0.000E+00	7.000E-10	1.800E-09	3.608E+00	
155	11	19	1	0.000E+00	1.000E-08	5.800E-09	3.000E-10	3.612E+00	2.872E+02	2.884E+02	8.700E-08	1.189E-07	1.400E-09	9.000E-10	3.600E-09	3.000E-10	3.613E+00	
156	12	19	1	0.000E+00	3.000E-08	2.400E-09	1.800E-09	3.607E+00	2.874E+02	2.887E+02	8.540E-08	1.161E-07	3.200E-09	4.200E-09	1.000E-09	1.400E-09	3.607E+00	
157	13	19	1	0.000E+00	0.000E+00	4.700E-09	1.000E-09	3.599E+00	2.879E+02	2.892E+02	8.520E-08	1.153E-07	3.700E-09	2.000E-09	2.000E-09	5.100E-09	3.599E+00	
158	14	19	1	0.000E+00	4.000E-08	3.000E-10	4.600E-09	3.611E+00	2.883E+02	2.896E+02	8.470E-08	1.133E-07	2.900E-09	9.300E-09	3.900E-09	2.900E-09	3.611E+00	
159	15	19	1	1.000E-03	1.000E-08	1.900E-09	1.000E-10	3.671E+00	2.886E+02	2.899E+02	8.280E-08	1.120E-07	2.900E-09	3.400E-09	1.500E-09	1.700E-09	3.672E+00	
160	15	20	1	1.000E-03	0.000E+00	1.400E-09	5.200E-09	3.656E+00	2.895E+02	2.908E+02	7.980E-08	1.068E-07	7.000E-09	5.000E-09	2.900E-09	1.600E-09	3.656E+00	
161	14	20	1	1.000E-03	1.000E-08	4.000E-10	4.100E-09	3.627E+00	2.887E+02	2.900E+02	8.250E-08	1.109E-07	3.800E-09	8.200E-09	3.200E-09	3.000E-09	3.628E+00	
162	13	20	1	1.000E-03	2.000E-08	4.600E-09	2.500E-09	3.608E+00	2.883E+02	2.896E+02	8.400E-08	1.134E-07	1.100E-09	7.000E-10	2.500E-09	1.900E-09	3.608E+00	
163	12	20	1	1.000E-03	0.000E+00	1.600E-09	1.500E-09	3.612E+00	2.877E+02	2.891E+02	8.610E-08	1.138E-07	3.100E-09	2.000E-10	5.000E-10	1.100E-09	3.613E+00	
164	11	20	1	0.000E+00	0.000E+00	1.000E-10	4.000E-10	3.615E+00	2.874E+02	2.885E+02	8.730E-08	1.156E-07	3.800E-09	8.000E-10	2.500E-09	5.000E-10	3.616E+00	
165	10	20	1	0.000E+00	2.000E-08	4.600E-09	1.000E-09	3.618E+00	2.877E+02	2.890E+02	8.630E-08	1.179E-07	9.000E-10	8.000E-10	9.000E-10	3.500E-09	3.618E+00	
166	9	20	1	0.000E+00	2.000E-08	1.200E-09	3.000E-10	3.616E+00	2.876E+02	2.890E+02	8.570E-08	1.177E-07	2.200E-09	1.400E-09	4.500E-09	1.400E-09	3.615E+00	
167	8	20	1	1.000E-03	3.000E-08	1.200E-09	3.700E-09	3.592E+00	2.876E+02	2.889E+02	8.520E-08	1.146E-07	3.200E-09	4.500E-09	3.000E-10	3.600E-09	3.592E+00	
168	7	20	1	0.000E+00	3.000E-08	1.200E-09	3.700E-09	3.693E+00	2.843E+02	2.871E+02	7.630E-08	1.043E-07	7.300E-09	6.300E-09	1.900E-09	2.500E-09	3.692E+00	
169	8	21	1	0.000E+00	2.000E-08	6.000E-10	9.400E-09	3.753E+00	2.838E+02	2.864E+02	7.640E-08	1.051E-07	3.500E-09	7.200E-09	4.300E-09	2.500E-09	3.753E+00	
170	9	21	1	0.000E+00	1.000E-08	1.300E-09	2.600E-09	3.680E+00	2.870E+02	2.887E+02	8.240E-08	1.111E-07	4.800E-09	8.200E-09	7.000E-10	7.000E-10	3.679E+00	
171	10	21	1	0.000E+00	0.000E+00	3.600E-09	1.100E-09	3.658E+00	2.881E+02	2.893E+02	8.350E-08	1.139E-07	2.200E-09	1.700E-09	1.600E-09	1.200E-09	3.658E+00	
172	11	21	1	0.000E+00	1.000E-08	1.600E-09	4.000E-10	3.646E+00	2.877E+02	2.891E+02	8.410E-08	1.140E-07	7.000E-10	1.000E-09	2.600E-09	4.000E-10	3.647E+00	
173	12	21	1	0.000E+00	0.000E+00	3.700E-09	4.600E-09	3.669E+00	2.883E+02	2.897E+02	8.190E-08	1.107E-07	2.400E-09	4.000E-10	6.100E-09	3.000E-09	3.669E+00	
174	13	21	1	0.000E+00	1.000E-08	3.900E-09	3.100E-09	3.662E+00	2.890E+02	2.904E+02	8.050E-08	1.084E-07	3.200E-09	5.000E-10	3.000E-09	7.000E-10	3.662E+00	
175	14	21	1	0.000E+00	0.000E+00	1.400E-09	2.800E-09	3.670E+00	2.897E+02	2.910E+02	8.020E-08	1.045E-07	1.800E-09	4.200E-09	4.000E-10	3.900E-09	3.669E+00	
176	12	22	1	0.000E+00	0.000E+00	2.000E-09	1.400E-09	3.714E+00	2.893E+02	2.905E+02	7.870E-08	1.059E-07	1.100E-09	2.200E-09	1.000E-10	1.000E-10	3.714E+00	
177	11	22	1	0.000E+00	3.000E-08	4.000E-09	6.900E-09	3.722E+00	2.884E+02	2.896E+02	7.850E-08	1.053E-07	5.600E-09	9.000E-09	2.700E-09	1.900E-09	3.721E+00	
178	10	22	1	0.000E+00	0.000E+00	0.000E+00	1.500E-09	3.726E+00	2.869E+02	2.885E+02	7.730E-08	1.060E-07	6.400E-09	6.000E-09	1.400E-09	3.300E-09	3.726E+00	
