Program name	ME58P82_G0A89BA.jtf
Lot number	FA55-5136-323A-250509@203
Wafer number	16
Date	2025/05/09
Time	19:12:06

No.U	X	Y	Bin	CONT	IGSS0	IGSS10	ISGS10	VTH0.25	BVDSS0.25	BVDSS10	IDSS240	IDSS250	IGSS16	ISGS16	IGSS18	ISGS18	VTH0.25_2
LimitU				0.500V	99.00uA	100.0nA	100.0nA	4.500V	300.0V	300.0V	800.0nA	800.0nA	200.0nA	200.0nA	200.0nA	200.0nA	4.500V	
LimitL				0V	0A	0A	0A	2.500V	250.0V	250.0V	0A	0A	0A	0A	0A	0A	2.500V	
Bias 1				1.00mA	1.00V	10.0V	10.0V	250uA	250uA	10.0mA	240V	250V	16.0V	16.0V	18.0V	18.0V	250uA
Bias 2				
Bias 3									350V	350V
Bias 4				2.50ms	10.0ms	40.0ms	40.0ms	2.00ms	20.0ms	10.0ms	20.0ms	20.0ms	40.0ms	40.0ms	40.0ms	40.0ms	2.00ms	
Bias 5				
Bias 6				
1	9	5	1	0.000E+00	0.000E+00	0.000E+00	2.000E-09	3.756E+00	2.867E+02	2.879E+02	8.590E-08	1.154E-07	1.900E-09	3.700E-09	1.400E-09	2.900E-09	3.756E+00	
2	10	5	1	0.000E+00	0.000E+00	1.300E-09	3.900E-09	3.475E+00	2.876E+02	2.885E+02	9.180E-08	1.250E-07	7.900E-09	4.300E-09	3.600E-09	2.300E-09	3.476E+00	
3	11	5	1	1.000E-03	0.000E+00	3.000E-10	2.800E-09	3.360E+00	2.873E+02	2.887E+02	9.720E-08	1.314E-07	5.500E-09	7.400E-09	1.500E-09	1.800E-09	3.361E+00	
4	12	5	1	0.000E+00	0.000E+00	2.600E-09	1.500E-09	3.287E+00	2.878E+02	2.892E+02	1.032E-07	1.400E-07	6.000E-10	1.000E-09	4.400E-09	1.800E-09	3.287E+00	
5	13	5	1	1.000E-03	1.000E-08	5.800E-09	1.800E-09	3.057E+00	2.886E+02	2.902E+02	1.198E-07	1.609E-07	1.500E-09	3.100E-09	2.200E-09	1.700E-09	3.056E+00	
6	14	6	1	0.000E+00	1.000E-08	2.000E-09	6.600E-09	3.250E+00	2.885E+02	2.900E+02	9.890E-08	1.340E-07	6.800E-09	1.300E-09	2.300E-09	7.500E-09	3.250E+00	
7	13	6	1	0.000E+00	0.000E+00	3.100E-09	5.800E-09	3.467E+00	2.877E+02	2.889E+02	8.760E-08	1.187E-07	7.000E-10	1.000E-10	5.800E-09	4.000E-09	3.468E+00	
8	12	6	1	0.000E+00	1.000E-08	2.200E-09	2.400E-09	3.597E+00	2.868E+02	2.880E+02	8.480E-08	1.136E-07	4.700E-09	4.000E-09	1.100E-09	1.500E-09	3.597E+00	
9	11	6	1	0.000E+00	0.000E+00	0.000E+00	2.000E-09	3.633E+00	2.864E+02	2.876E+02	8.570E-08	1.160E-07	3.700E-09	5.600E-09	3.600E-09	4.600E-09	3.632E+00	
10	10	6	1	0.000E+00	3.000E-08	3.400E-09	9.000E-10	3.637E+00	2.869E+02	2.880E+02	8.580E-08	1.170E-07	1.800E-09	2.200E-09	7.000E-10	6.000E-10	3.638E+00	
11	9	6	1	0.000E+00	3.000E-08	3.200E-09	7.000E-10	3.667E+00	2.877E+02	2.886E+02	8.440E-08	1.143E-07	1.400E-09	5.000E-10	1.700E-09	6.000E-10	3.666E+00	
12	8	6	1	0.000E+00	0.000E+00	9.000E-10	5.400E-09	3.625E+00	2.878E+02	2.889E+02	8.340E-08	1.110E-07	3.300E-09	9.700E-09	1.000E-09	2.200E-09	3.626E+00	
13	7	7	1	0.000E+00	0.000E+00	1.300E-09	1.500E-09	3.472E+00	2.887E+02	2.898E+02	8.870E-08	1.200E-07	1.500E-09	8.000E-10	2.900E-09	1.000E-10	3.472E+00	
14	8	7	1	0.000E+00	2.000E-08	7.000E-10	2.000E-09	3.645E+00	2.874E+02	2.884E+02	8.570E-08	1.130E-07	4.900E-09	3.000E-09	3.900E-09	5.300E-09	3.646E+00	
15	9	7	1	0.000E+00	0.000E+00	1.000E-09	7.200E-09	3.638E+00	2.870E+02	2.880E+02	8.780E-08	1.177E-07	4.800E-09	6.800E-09	1.800E-09	6.200E-09	3.637E+00	
16	10	7	1	0.000E+00	2.000E-08	2.500E-09	2.600E-09	3.618E+00	2.868E+02	2.879E+02	8.780E-08	1.200E-07	4.000E-10	1.800E-09	6.000E-10	3.900E-09	3.618E+00	
17	11	7	1	0.000E+00	2.000E-08	1.000E-09	3.300E-09	3.616E+00	2.863E+02	2.873E+02	8.690E-08	1.172E-07	4.200E-09	5.900E-09	2.000E-09	3.400E-09	3.616E+00	
18	12	7	1	0.000E+00	1.000E-08	1.400E-09	4.600E-09	3.612E+00	2.865E+02	2.877E+02	8.410E-08	1.167E-07	5.500E-09	2.100E-09	1.100E-09	9.100E-09	3.612E+00	
19	13	7	1	0.000E+00	1.000E-08	1.600E-09	4.800E-09	3.579E+00	2.873E+02	2.885E+02	8.350E-08	1.135E-07	5.000E-10	1.000E-09	5.400E-09	5.200E-09	3.579E+00	
20	14	7	1	0.000E+00	0.000E+00	1.000E-09	3.200E-09	3.563E+00	2.879E+02	2.890E+02	8.410E-08	1.112E-07	6.200E-09	1.400E-09	2.300E-09	3.300E-09	3.563E+00	
21	15	7	1	0.000E+00	1.000E-08	1.800E-09	1.800E-09	3.572E+00	2.884E+02	2.898E+02	8.360E-08	1.108E-07	2.300E-09	6.700E-09	2.000E-10	4.400E-09	3.571E+00	
22	16	8	1	0.000E+00	1.000E-08	1.000E-10	3.200E-09	3.625E+00	2.884E+02	2.899E+02	7.900E-08	1.058E-07	3.000E-10	1.200E-09	3.700E-09	1.700E-09	3.625E+00	
23	15	8	1	0.000E+00	2.000E-08	3.800E-09	1.500E-09	3.575E+00	2.879E+02	2.891E+02	8.260E-08	1.121E-07	2.800E-09	2.400E-09	3.200E-09	2.000E-10	3.574E+00	
24	14	8	1	0.000E+00	0.000E+00	9.000E-10	5.000E-09	3.546E+00	2.876E+02	2.886E+02	8.380E-08	1.142E-07	2.100E-09	1.000E-09	3.200E-09	6.800E-09	3.546E+00	
25	13	8	1	0.000E+00	0.000E+00	3.500E-09	6.500E-09	3.513E+00	2.871E+02	2.884E+02	8.560E-08	1.167E-07	5.300E-09	5.200E-09	6.100E-09	6.000E-09	3.512E+00	
26	12	8	1	0.000E+00	2.000E-08	7.000E-10	6.000E-10	3.540E+00	2.866E+02	2.879E+02	8.920E-08	1.188E-07	2.000E-10	1.800E-09	6.000E-10	5.700E-09	3.539E+00	
27	11	8	1	0.000E+00	1.000E-08	7.000E-10	5.500E-09	3.553E+00	2.863E+02	2.875E+02	8.700E-08	1.195E-07	9.600E-09	1.000E-09	3.000E-09	7.500E-09	3.553E+00	
28	10	8	1	0.000E+00	1.000E-08	1.000E-09	7.000E-10	3.568E+00	2.866E+02	2.877E+02	8.780E-08	1.199E-07	1.500E-09	1.600E-09	3.500E-09	1.000E-10	3.568E+00	
29	9	8	1	0.000E+00	1.000E-08	6.400E-09	3.000E-09	3.609E+00	2.866E+02	2.877E+02	8.770E-08	1.193E-07	1.900E-09	4.000E-10	4.500E-09	3.300E-09	3.609E+00	
30	8	8	1	0.000E+00	1.000E-08	1.400E-09	7.400E-09	3.629E+00	2.869E+02	2.879E+02	8.560E-08	1.171E-07	7.000E-09	1.500E-09	2.800E-09	8.500E-09	3.629E+00	
31	7	8	1	0.000E+00	1.000E-08	1.100E-09	1.000E-09	3.449E+00	2.884E+02	2.895E+02	9.020E-08	1.211E-07	1.200E-09	3.300E-09	2.300E-09	1.000E-09	3.450E+00	
32	6	9	1	1.000E-03	1.000E-08	4.100E-09	3.000E-10	2.883E+00	2.890E+02	2.903E+02	1.365E-07	1.846E-07	5.000E-10	1.100E-09	6.000E-10	3.000E-10	2.884E+00	
33	7	9	1	0.000E+00	0.000E+00	0.000E+00	4.500E-09	3.462E+00	2.878E+02	2.888E+02	9.130E-08	1.230E-07	5.100E-09	8.300E-09	3.600E-09	4.300E-09	3.462E+00	
34	8	9	1	1.000E-03	0.000E+00	6.000E-10	3.200E-09	3.635E+00	2.869E+02	2.878E+02	8.700E-08	1.164E-07	0.000E+00	3.900E-09	1.000E-10	5.700E-09	3.635E+00	
35	9	9	1	0.000E+00	1.000E-08	4.200E-09	5.000E-10	3.579E+00	2.864E+02	2.875E+02	8.660E-08	1.198E-07	4.500E-09	1.700E-09	0.000E+00	5.000E-10	3.579E+00	
36	10	9	1	0.000E+00	1.000E-08	8.000E-10	5.800E-09	3.571E+00	2.865E+02	2.878E+02	8.970E-08	1.205E-07	4.500E-09	7.100E-09	2.400E-09	6.200E-09	3.571E+00	
37	11	9	1	0.000E+00	1.000E-08	9.000E-10	7.000E-10	3.564E+00	2.869E+02	2.882E+02	8.950E-08	1.214E-07	2.000E-10	3.000E-10	3.400E-09	4.000E-10	3.564E+00	
38	12	9	1	0.000E+00	1.000E-08	1.400E-09	2.200E-09	3.562E+00	2.874E+02	2.887E+02	8.960E-08	1.193E-07	3.100E-09	5.700E-09	2.000E-10	8.000E-10	3.562E+00	
39	13	9	1	0.000E+00	2.000E-08	2.500E-09	1.300E-09	3.545E+00	2.875E+02	2.888E+02	8.620E-08	1.190E-07	4.400E-09	3.000E-10	4.600E-09	5.800E-09	3.545E+00	
40	14	9	1	0.000E+00	1.000E-08	2.000E-09	1.800E-09	3.519E+00	2.875E+02	2.886E+02	8.630E-08	1.167E-07	7.200E-09	4.600E-09	3.100E-09	2.200E-09	3.520E+00	
41	15	9	1	0.000E+00	1.000E-08	3.800E-09	3.700E-09	3.560E+00	2.875E+02	2.888E+02	8.570E-08	1.160E-07	3.100E-09	1.000E-09	5.500E-09	1.300E-09	3.560E+00	
42	16	9	1	0.000E+00	3.000E-08	1.300E-09	7.300E-09	3.586E+00	2.878E+02	2.891E+02	8.130E-08	1.104E-07	6.300E-09	1.300E-09	2.500E-09	9.500E-09	3.586E+00	
43	16	10	1	0.000E+00	2.000E-08	4.000E-10	5.900E-09	3.533E+00	2.875E+02	2.888E+02	8.680E-08	1.148E-07	6.200E-09	2.200E-09	1.500E-09	4.300E-09	3.534E+00	
44	15	10	1	0.000E+00	1.000E-08	1.400E-09	3.600E-09	3.574E+00	2.871E+02	2.883E+02	8.680E-08	1.155E-07	5.300E-09	5.400E-09	1.800E-09	1.000E-09	3.575E+00	
45	14	10	1	0.000E+00	0.000E+00	1.800E-09	5.000E-09	3.527E+00	2.876E+02	2.888E+02	8.720E-08	1.177E-07	6.500E-09	5.800E-09	2.700E-09	1.800E-09	3.526E+00	
46	13	10	1	0.000E+00	2.000E-08	1.100E-09	2.300E-09	3.553E+00	2.880E+02	2.893E+02	8.990E-08	1.194E-07	3.200E-09	6.100E-09	4.000E-10	4.500E-09	3.554E+00	
47	12	10	1	0.000E+00	2.000E-08	1.000E-09	2.400E-09	3.578E+00	2.876E+02	2.891E+02	9.040E-08	1.194E-07	4.600E-09	1.500E-09	2.100E-09	6.900E-09	3.579E+00	
48	11	10	1	0.000E+00	0.000E+00	1.800E-09	1.100E-09	3.576E+00	2.873E+02	2.886E+02	9.010E-08	1.221E-07	2.300E-09	7.000E-10	0.000E+00	9.000E-10	3.576E+00	
49	10	10	1	0.000E+00	0.000E+00	4.800E-09	1.900E-09	3.586E+00	2.870E+02	2.883E+02	9.000E-08	1.212E-07	2.900E-09	9.000E-10	1.500E-09	2.900E-09	3.585E+00	
50	9	10	1	1.000E-03	0.000E+00	1.200E-09	2.200E-09	3.588E+00	2.866E+02	2.878E+02	8.880E-08	1.185E-07	3.800E-09	3.800E-09	1.300E-09	2.100E-09	3.587E+00	
51	8	10	1	0.000E+00	2.000E-08	1.300E-09	4.000E-10	3.616E+00	2.867E+02	2.876E+02	8.620E-08	1.158E-07	2.900E-09	5.300E-09	7.000E-10	6.800E-09	3.617E+00	
52	7	10	1	1.000E-03	3.000E-08	3.500E-09	6.000E-09	3.398E+00	2.875E+02	2.884E+02	9.570E-08	1.301E-07	3.200E-09	5.000E-10	5.800E-09	4.400E-09	3.398E+00	
53	6	10	1	0.000E+00	0.000E+00	4.600E-09	1.000E-10	2.842E+00	2.878E+02	2.894E+02	1.463E-07	1.978E-07	1.700E-09	4.100E-09	2.700E-09	7.000E-10	2.843E+00	
54	6	11	1	0.000E+00	1.000E-08	8.000E-10	9.000E-10	2.809E+00	2.864E+02	2.884E+02	1.542E-07	2.106E-07	1.100E-09	2.900E-09	6.500E-09	7.000E-10	2.810E+00	
55	7	11	1	0.000E+00	0.000E+00	2.900E-09	2.500E-09	3.324E+00	2.872E+02	2.882E+02	1.021E-07	1.389E-07	2.100E-09	1.400E-09	3.200E-09	3.000E-10	3.325E+00	
56	8	11	1	0.000E+00	0.000E+00	3.000E-10	4.000E-10	3.591E+00	2.867E+02	2.877E+02	8.650E-08	1.177E-07	4.300E-09	1.100E-09	3.000E-09	9.000E-10	3.591E+00	
57	9	11	1	0.000E+00	0.000E+00	1.500E-09	1.000E-09	3.630E+00	2.870E+02	2.883E+02	8.890E-08	1.199E-07	1.000E-09	1.000E-10	3.700E-09	1.800E-09	3.631E+00	
58	10	11	1	0.000E+00	0.000E+00	2.000E-10	4.100E-09	3.597E+00	2.872E+02	2.885E+02	9.020E-08	1.204E-07	3.300E-09	7.400E-09	2.300E-09	5.100E-09	3.597E+00	
59	11	11	1	0.000E+00	2.000E-08	1.200E-09	5.000E-10	3.581E+00	2.873E+02	2.884E+02	8.850E-08	1.211E-07	3.900E-09	1.200E-09	2.800E-09	4.100E-09	3.582E+00	
60	12	11	1	0.000E+00	0.000E+00	2.000E-10	1.600E-09	3.588E+00	2.876E+02	2.888E+02	9.000E-08	1.211E-07	1.000E-09	4.700E-09	7.000E-10	1.300E-09	3.587E+00	
61	13	11	1	0.000E+00	2.000E-08	1.800E-09	2.400E-09	3.559E+00	2.878E+02	2.891E+02	9.040E-08	1.200E-07	6.300E-09	3.700E-09	2.600E-09	3.100E-09	3.558E+00	
62	14	11	1	0.000E+00	1.000E-08	5.400E-09	1.100E-09	3.539E+00	2.878E+02	2.890E+02	8.830E-08	1.188E-07	1.500E-09	1.500E-09	3.200E-09	5.000E-10	3.539E+00	
63	15	11	1	0.000E+00	5.000E-08	3.500E-09	1.200E-09	3.578E+00	2.868E+02	2.881E+02	8.720E-08	1.191E-07	3.400E-09	3.700E-09	2.300E-09	2.000E-10	3.578E+00	
64	16	11	1	0.000E+00	0.000E+00	2.400E-09	2.100E-09	3.514E+00	2.870E+02	2.882E+02	8.930E-08	1.183E-07	4.400E-09	4.600E-09	1.700E-09	3.500E-09	3.513E+00	
65	17	11	1	0.000E+00	1.000E-08	9.000E-10	5.600E-09	3.523E+00	2.877E+02	2.892E+02	8.290E-08	1.117E-07	3.900E-09	5.600E-09	3.400E-09	6.500E-09	3.522E+00	
66	17	12	1	0.000E+00	0.000E+00	3.700E-09	0.000E+00	3.501E+00	2.873E+02	2.886E+02	8.610E-08	1.175E-07	0.000E+00	1.000E-10	0.000E+00	1.200E-09	3.499E+00	
67	16	12	1	0.000E+00	0.000E+00	2.300E-09	1.100E-09	3.499E+00	2.866E+02	2.880E+02	8.780E-08	1.195E-07	1.800E-09	1.100E-09	4.000E-09	1.100E-09	3.498E+00	
68	15	12	1	0.000E+00	1.000E-08	6.000E-10	1.900E-09	3.525E+00	2.869E+02	2.879E+02	8.940E-08	1.181E-07	4.100E-09	1.900E-09	1.000E-09	1.600E-09	3.524E+00	
69	14	12	1	0.000E+00	0.000E+00	5.800E-09	1.600E-09	3.534E+00	2.877E+02	2.889E+02	8.950E-08	1.203E-07	2.100E-09	3.400E-09	4.100E-09	2.200E-09	3.534E+00	
70	13	12	1	0.000E+00	1.000E-08	2.000E-10	7.200E-09	3.544E+00	2.875E+02	2.887E+02	9.050E-08	1.199E-07	6.000E-09	1.900E-09	3.600E-09	4.400E-09	3.544E+00	
71	12	12	1	0.000E+00	3.000E-08	1.500E-09	3.300E-09	3.569E+00	2.872E+02	2.885E+02	9.060E-08	1.199E-07	3.900E-09	3.200E-09	1.000E-10	3.100E-09	3.570E+00	
72	11	12	1	0.000E+00	1.000E-08	2.800E-09	2.800E-09	3.563E+00	2.871E+02	2.882E+02	8.920E-08	1.220E-07	1.800E-09	1.000E-09	1.000E-09	7.200E-09	3.564E+00	
73	10	12	1	0.000E+00	1.000E-08	1.700E-09	7.200E-09	3.587E+00	2.871E+02	2.884E+02	8.950E-08	1.210E-07	2.300E-09	1.700E-09	4.600E-09	6.300E-09	3.586E+00	
74	9	12	1	0.000E+00	1.000E-08	3.000E-10	1.800E-09	3.620E+00	2.873E+02	2.885E+02	8.870E-08	1.196E-07	3.300E-09	2.600E-09	2.800E-09	4.000E-10	3.621E+00	
75	8	12	1	0.000E+00	1.000E-08	3.000E-10	1.000E-10	3.580E+00	2.867E+02	2.878E+02	8.740E-08	1.192E-07	1.800E-09	1.100E-09	3.400E-09	2.000E-10	3.581E+00	
76	7	12	1	0.000E+00	3.000E-08	1.000E-10	3.200E-09	3.200E+00	2.871E+02	2.882E+02	1.119E-07	1.505E-07	4.500E-09	1.800E-09	9.000E-10	4.800E-09	3.200E+00	
77	6	12	1	0.000E+00	0.000E+00	8.000E-10	3.100E-09	2.724E+00	2.841E+02	2.864E+02	1.661E-07	2.244E-07	5.400E-09	2.100E-09	1.800E-09	1.300E-09	2.724E+00	
78	5	12	6	0.000E+00	0.000E+00	1.200E-09	2.000E-10	2.455E+00	2.810E+02	2.838E+02	1.932E-07	2.684E-07	6.900E-09	5.900E-09	2.400E-09	2.400E-09	2.455E+00	
79	5	13	6	0.000E+00	1.000E-08	4.000E-09	2.200E-09	2.410E+00	2.803E+02	2.828E+02	2.006E-07	2.809E-07	3.000E-10	2.100E-09	1.800E-09	3.000E-10	2.410E+00	
80	6	13	1	0.000E+00	3.000E-08	8.000E-10	1.100E-09	2.659E+00	2.828E+02	2.852E+02	1.740E-07	2.366E-07	3.000E-09	1.700E-09	2.300E-09	4.500E-09	2.658E+00	
81	7	13	1	0.000E+00	0.000E+00	2.500E-09	2.300E-09	3.117E+00	2.869E+02	2.879E+02	1.193E-07	1.621E-07	3.600E-09	2.700E-09	4.300E-09	1.200E-09	3.118E+00	
82	8	13	1	0.000E+00	0.000E+00	1.300E-09	1.700E-09	3.586E+00	2.866E+02	2.877E+02	8.600E-08	1.188E-07	6.100E-09	2.100E-09	6.000E-09	0.000E+00	3.587E+00	
83	9	13	1	0.000E+00	1.000E-08	2.000E-10	4.900E-09	3.637E+00	2.873E+02	2.884E+02	8.880E-08	1.191E-07	5.000E-09	6.100E-09	3.100E-09	3.200E-09	3.637E+00	
84	10	13	1	0.000E+00	1.000E-08	2.100E-09	3.600E-09	3.597E+00	2.872E+02	2.884E+02	8.980E-08	1.207E-07	4.000E-10	4.000E-10	3.300E-09	3.600E-09	3.597E+00	
85	11	13	1	0.000E+00	1.000E-08	2.600E-09	2.200E-09	3.567E+00	2.872E+02	2.882E+02	8.920E-08	1.218E-07	4.100E-09	2.000E-09	1.700E-09	2.500E-09	3.567E+00	
86	12	13	1	0.000E+00	3.000E-08	4.500E-09	7.000E-10	3.568E+00	2.871E+02	2.883E+02	9.220E-08	1.237E-07	3.700E-09	4.500E-09	2.800E-09	5.000E-10	3.567E+00	
87	13	13	1	1.000E-03	0.000E+00	3.000E-10	1.000E-09	3.554E+00	2.872E+02	2.884E+02	9.050E-08	1.220E-07	2.000E-09	3.100E-09	1.000E-10	2.500E-09	3.555E+00	
88	14	13	1	1.000E-03	1.000E-08	1.100E-09	1.300E-09	3.539E+00	2.875E+02	2.887E+02	9.020E-08	1.187E-07	3.600E-09	2.600E-09	1.800E-09	1.500E-09	3.540E+00	
89	15	13	1	1.000E-03	2.000E-08	3.500E-09	3.600E-09	3.535E+00	2.869E+02	2.880E+02	8.650E-08	1.196E-07	5.600E-09	2.000E-10	8.000E-10	0.000E+00	3.535E+00	
90	16	13	1	1.000E-03	1.000E-08	1.800E-09	3.000E-10	3.505E+00	2.867E+02	2.879E+02	8.930E-08	1.222E-07	1.100E-09	1.000E-10	3.000E-09	1.700E-09	3.506E+00	
91	17	13	1	0.000E+00	0.000E+00	1.500E-09	6.100E-09	3.490E+00	2.872E+02	2.886E+02	8.740E-08	1.177E-07	3.300E-09	6.800E-09	2.700E-09	4.600E-09	3.491E+00	
92	17	14	1	0.000E+00	1.000E-08	2.000E-09	1.900E-09	3.500E+00	2.873E+02	2.886E+02	8.680E-08	1.188E-07	1.300E-09	8.000E-10	3.000E-10	1.100E-09	3.500E+00	
93	16	14	1	0.000E+00	2.000E-08	6.000E-10	1.000E-09	3.501E+00	2.867E+02	2.881E+02	8.850E-08	1.183E-07	3.100E-09	4.300E-09	3.000E-10	3.200E-09	3.500E+00	
94	15	14	1	0.000E+00	1.000E-08	2.000E-09	2.900E-09	3.517E+00	2.868E+02	2.881E+02	8.840E-08	1.200E-07	6.900E-09	5.000E-09	2.600E-09	2.500E-09	3.518E+00	
95	14	14	1	0.000E+00	1.000E-08	4.400E-09	1.000E-10	3.536E+00	2.873E+02	2.885E+02	8.910E-08	1.193E-07	2.800E-09	1.200E-09	3.500E-09	2.000E-09	3.536E+00	
96	13	14	1	0.000E+00	1.000E-08	2.200E-09	1.400E-09	3.548E+00	2.872E+02	2.884E+02	9.010E-08	1.216E-07	4.000E-10	1.400E-09	1.100E-09	2.100E-09	3.548E+00	
97	12	14	1	0.000E+00	0.000E+00	1.400E-09	2.000E-09	3.566E+00	2.873E+02	2.884E+02	9.160E-08	1.203E-07	4.900E-09	1.900E-09	1.700E-09	1.300E-09	3.566E+00	
98	11	14	1	0.000E+00	0.000E+00	1.700E-09	8.000E-10	3.575E+00	2.873E+02	2.883E+02	8.960E-08	1.213E-07	1.400E-09	2.000E-10	3.400E-09	1.300E-09	3.576E+00	
99	10	14	1	0.000E+00	3.000E-08	1.000E-09	1.300E-09	3.608E+00	2.873E+02	2.884E+02	8.990E-08	1.191E-07	3.000E-09	4.800E-09	7.000E-10	3.800E-09	3.608E+00	
100	9	14	1	0.000E+00	0.000E+00	1.800E-09	1.600E-09	3.632E+00	2.872E+02	2.885E+02	8.780E-08	1.174E-07	3.600E-09	3.800E-09	7.000E-10	3.100E-09	3.633E+00	
101	8	14	1	0.000E+00	0.000E+00	1.800E-09	1.500E-09	3.529E+00	2.865E+02	2.876E+02	9.000E-08	1.215E-07	3.800E-09	8.600E-09	2.200E-09	2.700E-09	3.530E+00	
102	7	14	1	0.000E+00	1.000E-08	1.300E-09	5.200E-09	2.978E+00	2.868E+02	2.878E+02	1.332E-07	1.799E-07	5.700E-09	1.400E-09	3.100E-09	5.500E-09	2.977E+00	
103	6	14	1	0.000E+00	4.000E-08	5.000E-10	4.300E-09	2.597E+00	2.822E+02	2.845E+02	1.778E-07	2.464E-07	1.300E-09	7.000E-10	3.000E-10	7.200E-09	2.597E+00	
104	5	14	6	0.000E+00	2.000E-08	4.600E-09	2.400E-09	2.387E+00	2.797E+02	2.825E+02	2.041E-07	2.860E-07	4.000E-10	1.000E-10	4.100E-09	6.800E-09	2.387E+00	
105	5	15	6	0.000E+00	0.000E+00	4.000E-10	3.500E-09	2.411E+00	2.775E+02	2.817E+02	2.051E-07	2.861E-07	3.000E-09	2.000E-10	1.300E-09	0.000E+00	2.411E+00	
106	6	15	1	0.000E+00	1.000E-08	1.600E-09	4.300E-09	2.568E+00	2.823E+02	2.844E+02	1.809E-07	2.476E-07	1.400E-09	1.000E-09	4.000E-10	2.600E-09	2.569E+00	
107	7	15	1	0.000E+00	0.000E+00	1.000E-09	1.000E-09	2.861E+00	2.859E+02	2.875E+02	1.421E-07	1.960E-07	4.900E-09	9.000E-10	0.000E+00	4.800E-09	2.860E+00	
108	8	15	1	0.000E+00	2.000E-08	4.500E-09	2.000E-10	3.429E+00	2.862E+02	2.874E+02	9.310E-08	1.270E-07	2.800E-09	4.200E-09	3.300E-09	3.400E-09	3.428E+00	
109	9	15	1	0.000E+00	0.000E+00	1.000E-10	5.200E-09	3.640E+00	2.870E+02	2.883E+02	8.700E-08	1.174E-07	3.600E-09	4.800E-09	4.100E-09	4.600E-09	3.641E+00	
110	10	15	1	0.000E+00	1.000E-08	3.000E-09	2.000E-09	3.614E+00	2.873E+02	2.885E+02	8.800E-08	1.205E-07	6.000E-09	1.000E-09	1.000E-09	0.000E+00	3.614E+00	
111	11	15	1	0.000E+00	1.000E-08	5.000E-10	1.300E-09	3.587E+00	2.874E+02	2.884E+02	8.950E-08	1.211E-07	3.000E-10	1.500E-09	5.200E-09	3.100E-09	3.586E+00	
112	12	15	1	0.000E+00	1.000E-08	1.400E-09	9.000E-10	3.590E+00	2.875E+02	2.888E+02	8.840E-08	1.199E-07	4.000E-10	2.300E-09	2.000E-10	1.000E-10	3.589E+00	
113	13	15	1	1.000E-03	0.000E+00	2.000E-09	3.700E-09	3.558E+00	2.873E+02	2.886E+02	9.030E-08	1.181E-07	4.200E-09	4.300E-09	6.000E-10	9.000E-10	3.560E+00	
114	14	15	1	0.000E+00	1.000E-08	5.000E-10	3.000E-10	3.536E+00	2.875E+02	2.887E+02	8.940E-08	1.178E-07	1.300E-09	1.800E-09	1.400E-09	6.000E-10	3.536E+00	
115	15	15	1	0.000E+00	0.000E+00	0.000E+00	7.200E-09	3.553E+00	2.867E+02	2.878E+02	8.700E-08	1.197E-07	5.600E-09	3.000E-10	4.000E-09	5.100E-09	3.553E+00	
116	16	15	1	0.000E+00	2.000E-08	3.200E-09	5.900E-09	3.530E+00	2.867E+02	2.878E+02	8.720E-08	1.193E-07	2.000E-09	8.000E-10	4.600E-09	4.700E-09	3.530E+00	
117	17	15	1	0.000E+00	0.000E+00	3.200E-09	4.300E-09	3.509E+00	2.871E+02	2.885E+02	8.700E-08	1.167E-07	4.600E-09	7.900E-09	8.000E-10	1.900E-09	3.509E+00	
118	16	16	1	0.000E+00	0.000E+00	2.300E-09	9.400E-09	3.514E+00	2.866E+02	2.878E+02	8.840E-08	1.199E-07	6.300E-09	4.200E-09	1.300E-09	2.800E-09	3.514E+00	
119	15	16	1	0.000E+00	0.000E+00	4.000E-10	1.000E-09	3.569E+00	2.864E+02	2.876E+02	8.740E-08	1.199E-07	2.700E-09	9.000E-10	2.100E-09	3.000E-10	3.568E+00	
120	14	16	1	0.000E+00	0.000E+00	7.000E-10	1.000E-09	3.535E+00	2.874E+02	2.886E+02	8.730E-08	1.188E-07	3.000E-10	1.000E-09	5.400E-09	0.000E+00	3.535E+00	
121	13	16	1	0.000E+00	0.000E+00	1.300E-09	8.000E-10	3.557E+00	2.877E+02	2.890E+02	8.790E-08	1.186E-07	3.100E-09	8.000E-10	2.100E-09	6.000E-10	3.557E+00	
122	12	16	1	0.000E+00	0.000E+00	3.600E-09	2.300E-09	3.569E+00	2.876E+02	2.889E+02	8.770E-08	1.178E-07	2.100E-09	5.200E-09	0.000E+00	1.000E-10	3.571E+00	
123	11	16	1	0.000E+00	0.000E+00	1.400E-09	2.300E-09	3.587E+00	2.876E+02	2.887E+02	8.690E-08	1.198E-07	2.500E-09	4.500E-09	3.500E-09	3.900E-09	3.588E+00	
124	10	16	1	0.000E+00	0.000E+00	2.700E-09	1.000E-09	3.610E+00	2.873E+02	2.886E+02	8.870E-08	1.193E-07	3.100E-09	4.500E-09	3.500E-09	1.400E-09	3.608E+00	
125	9	16	1	0.000E+00	0.000E+00	3.200E-09	2.100E-09	3.615E+00	2.865E+02	2.878E+02	8.640E-08	1.170E-07	5.700E-09	4.000E-09	1.500E-09	5.300E-09	3.615E+00	
126	8	16	1	0.000E+00	0.000E+00	3.000E-10	5.700E-09	3.288E+00	2.860E+02	2.870E+02	1.019E-07	1.413E-07	4.600E-09	3.200E-09	4.200E-09	3.000E-10	3.288E+00	
127	7	16	1	0.000E+00	3.000E-08	1.800E-09	0.000E+00	2.759E+00	2.843E+02	2.865E+02	1.570E-07	2.158E-07	2.200E-09	5.000E-10	2.200E-09	1.000E-10	2.758E+00	
128	6	16	1	1.000E-03	2.000E-08	1.200E-09	4.300E-09	2.520E+00	2.823E+02	2.842E+02	1.848E-07	2.524E-07	4.800E-09	5.000E-09	1.100E-09	2.000E-10	2.519E+00	
129	6	17	1	0.000E+00	0.000E+00	1.400E-09	2.700E-09	2.563E+00	2.832E+02	2.850E+02	1.817E-07	2.503E-07	0.000E+00	2.000E-10	3.600E-09	3.000E-10	2.563E+00	
130	7	17	1	0.000E+00	1.000E-08	1.900E-09	1.100E-09	2.688E+00	2.832E+02	2.852E+02	1.683E-07	2.329E-07	2.400E-09	3.200E-09	2.600E-09	1.100E-09	2.688E+00	
131	8	17	1	1.000E-03	1.000E-08	1.200E-09	6.300E-09	3.123E+00	2.860E+02	2.871E+02	1.197E-07	1.631E-07	5.200E-09	5.800E-09	2.400E-09	4.400E-09	3.122E+00	
132	9	17	1	0.000E+00	3.000E-08	6.000E-10	5.200E-09	3.591E+00	2.862E+02	2.873E+02	8.590E-08	1.171E-07	4.000E-09	7.200E-09	4.100E-09	3.700E-09	3.591E+00	
133	10	17	1	0.000E+00	0.000E+00	1.100E-09	9.600E-09	3.603E+00	2.869E+02	2.881E+02	8.750E-08	1.174E-07	4.200E-09	6.800E-09	0.000E+00	1.600E-09	3.603E+00	
134	11	17	1	0.000E+00	1.000E-08	1.600E-09	8.000E-10	3.586E+00	2.875E+02	2.887E+02	8.940E-08	1.174E-07	1.800E-09	5.300E-09	1.400E-09	5.100E-09	3.587E+00	
135	12	17	1	0.000E+00	1.000E-08	1.600E-09	2.500E-09	3.567E+00	2.878E+02	2.890E+02	8.520E-08	1.167E-07	6.000E-09	1.300E-09	4.700E-09	6.000E-10	3.567E+00	
136	13	17	1	0.000E+00	0.000E+00	5.000E-10	4.600E-09	3.547E+00	2.876E+02	2.887E+02	8.630E-08	1.164E-07	4.400E-09	9.100E-09	3.300E-09	2.600E-09	3.548E+00	
137	14	17	1	1.000E-03	1.000E-08	2.700E-09	3.700E-09	3.554E+00	2.870E+02	2.882E+02	8.690E-08	1.188E-07	3.000E-10	0.000E+00	6.000E-10	7.000E-10	3.554E+00	
138	15	17	1	0.000E+00	1.000E-08	3.100E-09	2.200E-09	3.595E+00	2.868E+02	2.879E+02	8.640E-08	1.171E-07	8.000E-10	4.600E-09	1.600E-09	2.800E-09	3.595E+00	
139	16	17	1	0.000E+00	0.000E+00	3.700E-09	3.000E-10	3.523E+00	2.869E+02	2.882E+02	8.580E-08	1.191E-07	3.800E-09	3.200E-09	7.000E-10	2.100E-09	3.523E+00	
140	16	18	3	0.000E+00	99.99													
141	15	18	1	0.000E+00	0.000E+00	3.000E-09	1.300E-09	3.565E+00	2.874E+02	2.885E+02	8.400E-08	1.166E-07	4.500E-09	2.200E-09	4.200E-09	1.100E-09	3.565E+00	
142	14	18	1	0.000E+00	0.000E+00	7.000E-10	4.800E-09	3.569E+00	2.871E+02	2.884E+02	8.500E-08	1.163E-07	3.600E-09	7.400E-09	3.200E-09	6.300E-09	3.568E+00	
143	13	18	1	0.000E+00	2.000E-08	8.000E-10	1.000E-09	3.572E+00	2.872E+02	2.884E+02	8.680E-08	1.155E-07	3.900E-09	4.000E-09	1.900E-09	2.800E-09	3.572E+00	
144	12	18	1	0.000E+00	0.000E+00	3.700E-09	1.900E-09	3.554E+00	2.871E+02	2.885E+02	8.440E-08	1.164E-07	4.600E-09	4.500E-09	1.700E-09	6.000E-10	3.554E+00	
145	11	18	1	0.000E+00	0.000E+00	8.000E-10	5.000E-09	3.561E+00	2.868E+02	2.880E+02	8.520E-08	1.170E-07	5.100E-09	2.900E-09	2.300E-09	4.400E-09	3.562E+00	
146	10	18	1	0.000E+00	0.000E+00	1.300E-09	1.100E-09	3.593E+00	2.864E+02	2.875E+02	8.610E-08	1.180E-07	4.000E-10	1.700E-09	5.300E-09	1.100E-09	3.593E+00	
147	9	18	1	0.000E+00	2.000E-08	5.300E-09	1.400E-09	3.508E+00	2.865E+02	2.875E+02	9.030E-08	1.240E-07	0.000E+00	1.600E-09	4.300E-09	1.300E-09	3.507E+00	
148	8	18	1	0.000E+00	0.000E+00	3.900E-09	1.200E-09	2.932E+00	2.862E+02	2.873E+02	1.393E-07	1.910E-07	3.900E-09	2.300E-09	2.100E-09	1.700E-09	2.932E+00	
149	7	18	1	1.000E-03	0.000E+00	5.600E-09	1.000E-10	2.616E+00	2.824E+02	2.842E+02	1.794E-07	2.482E-07	2.100E-09	8.200E-09	5.000E-10	5.000E-09	2.615E+00	
150	6	18	1	0.000E+00	2.000E-08	1.900E-09	5.500E-09	2.578E+00	2.838E+02	2.858E+02	1.789E-07	2.456E-07	5.100E-09	6.100E-09	2.300E-09	3.000E-09	2.578E+00	
151	7	19	1	0.000E+00	1.000E-08	5.200E-09	6.000E-10	2.564E+00	2.825E+02	2.842E+02	1.850E-07	2.565E-07	1.600E-09	2.700E-09	3.600E-09	2.100E-09	2.564E+00	
152	8	19	1	1.000E-03	0.000E+00	8.000E-10	3.700E-09	2.778E+00	2.851E+02	2.871E+02	1.604E-07	2.171E-07	3.800E-09	4.400E-09	2.900E-09	2.100E-09	2.778E+00	
153	9	19	1	0.000E+00	0.000E+00	3.900E-09	4.600E-09	3.288E+00	2.867E+02	2.878E+02	1.055E-07	1.445E-07	2.000E-10	1.900E-09	4.300E-09	4.400E-09	3.288E+00	
154	10	19	1	0.000E+00	2.000E-08	3.100E-09	1.900E-09	3.659E+00	2.864E+02	2.875E+02	8.510E-08	1.160E-07	2.900E-09	1.300E-09	2.000E-10	6.000E-10	3.659E+00	
155	11	19	1	0.000E+00	1.000E-08	1.700E-09	4.000E-09	3.623E+00	2.865E+02	2.877E+02	8.470E-08	1.155E-07	4.100E-09	5.000E-09	2.800E-09	3.000E-09	3.624E+00	
156	12	19	1	0.000E+00	1.000E-08	6.600E-09	4.700E-09	3.608E+00	2.871E+02	2.883E+02	8.500E-08	1.155E-07	1.100E-09	1.000E-09	6.100E-09	3.500E-09	3.608E+00	
157	13	19	1	0.000E+00	2.000E-08	6.000E-10	6.000E-10	3.586E+00	2.873E+02	2.885E+02	8.610E-08	1.137E-07	3.500E-09	5.000E-10	1.600E-09	4.000E-10	3.585E+00	
158	14	19	1	0.000E+00	0.000E+00	0.000E+00	2.800E-09	3.567E+00	2.877E+02	2.888E+02	8.430E-08	1.155E-07	5.800E-09	5.600E-09	3.600E-09	2.500E-09	3.567E+00	
159	15	19	1	0.000E+00	2.000E-08	1.000E-10	1.100E-09	3.603E+00	2.878E+02	2.892E+02	8.500E-08	1.149E-07	1.400E-09	3.600E-09	1.000E-09	3.200E-09	3.604E+00	
160	15	20	1	0.000E+00	1.000E-08	0.000E+00	4.300E-09	3.613E+00	2.888E+02	2.901E+02	8.100E-08	1.091E-07	6.100E-09	7.700E-09	3.500E-09	3.800E-09	3.613E+00	
161	14	20	1	0.000E+00	2.000E-08	0.000E+00	1.900E-09	3.579E+00	2.880E+02	2.894E+02	8.480E-08	1.116E-07	2.500E-09	4.900E-09	2.200E-09	1.000E-09	3.578E+00	
162	13	20	1	0.000E+00	1.000E-08	4.500E-09	1.700E-09	3.575E+00	2.878E+02	2.890E+02	8.310E-08	1.128E-07	7.000E-10	1.300E-09	6.600E-09	3.300E-09	3.576E+00	
163	12	20	1	0.000E+00	0.000E+00	3.000E-09	1.600E-09	3.634E+00	2.875E+02	2.886E+02	8.190E-08	1.127E-07	5.400E-09	3.300E-09	3.000E-09	8.600E-09	3.634E+00	
164	11	20	1	0.000E+00	3.000E-08	2.600E-09	7.000E-10	3.666E+00	2.870E+02	2.880E+02	8.370E-08	1.144E-07	9.000E-10	1.200E-09	5.500E-09	7.000E-10	3.665E+00	
165	10	20	1	0.000E+00	2.000E-08	1.000E-10	1.300E-09	3.568E+00	2.864E+02	2.876E+02	8.830E-08	1.201E-07	2.900E-09	7.900E-09	2.000E-09	3.800E-09	3.569E+00	
166	9	20	1	0.000E+00	1.000E-08	1.800E-09	6.500E-09	3.018E+00	2.869E+02	2.881E+02	1.300E-07	1.776E-07	3.000E-10	3.100E-09	5.200E-09	2.600E-09	3.018E+00	
167	8	20	1	0.000E+00	0.000E+00	1.300E-09	2.400E-09	2.663E+00	2.844E+02	2.863E+02	1.713E-07	2.339E-07	2.700E-09	4.600E-09	1.600E-09	6.900E-09	2.662E+00	
168	7	20	1	0.000E+00	0.000E+00	3.200E-09	5.300E-09	2.554E+00	2.807E+02	2.838E+02	1.841E-07	2.584E-07	6.200E-09	4.600E-09	5.000E-10	6.000E-10	2.554E+00	
169	8	21	1	0.000E+00	1.000E-08	3.000E-09	0.000E+00	2.624E+00	2.830E+02	2.854E+02	1.712E-07	2.393E-07	1.400E-09	3.900E-09	4.400E-09	1.000E-09	2.624E+00	
170	9	21	1	0.000E+00	0.000E+00	2.000E-09	8.000E-10	2.873E+00	2.870E+02	2.882E+02	1.423E-07	1.959E-07	2.300E-09	5.000E-10	4.200E-09	2.000E-10	2.873E+00	
171	10	21	1	0.000E+00	2.000E-08	2.800E-09	1.000E-09	3.313E+00	2.872E+02	2.887E+02	1.013E-07	1.373E-07	2.200E-09	3.100E-09	2.700E-09	0.000E+00	3.315E+00	
172	11	21	1	0.000E+00	2.000E-08	6.000E-10	2.000E-10	3.688E+00	2.876E+02	2.889E+02	8.050E-08	1.071E-07	1.900E-09	4.000E-09	1.400E-09	4.900E-09	3.689E+00	
173	12	21	1	0.000E+00	0.000E+00	2.400E-09	4.300E-09	3.702E+00	2.881E+02	2.892E+02	8.010E-08	1.076E-07	5.400E-09	7.600E-09	3.900E-09	3.000E-09	3.702E+00	
174	13	21	1	0.000E+00	2.000E-08	3.800E-09	5.900E-09	3.654E+00	2.883E+02	2.896E+02	7.900E-08	1.069E-07	1.400E-09	2.500E-09	6.100E-09	5.000E-09	3.654E+00	
175	14	21	1	0.000E+00	1.000E-08	4.000E-10	4.000E-09	3.665E+00	2.889E+02	2.900E+02	7.790E-08	1.024E-07	4.900E-09	1.300E-09	2.000E-10	1.800E-09	3.666E+00	
176	12	22	1	0.000E+00	0.000E+00	3.600E-09	2.100E-09	3.774E+00	2.886E+02	2.897E+02	7.430E-08	1.007E-07	9.000E-10	4.600E-09	4.900E-09	2.000E-10	3.774E+00	
177	11	22	1	0.000E+00	2.000E-08	3.000E-10	5.300E-09	3.483E+00	2.883E+02	2.897E+02	8.750E-08	1.169E-07	2.000E-10	1.800E-09	2.200E-09	7.100E-09	3.483E+00	
178	10	22	1	0.000E+00	1.000E-08	1.900E-09	5.100E-09	3.104E+00	2.873E+02	2.890E+02	1.120E-07	1.543E-07	3.200E-09	1.600E-09	1.000E-09	7.100E-09	3.104E+00	
