Program name	ME58P82_G0A89BA.jtf
Lot number	FA55-5136-323A-250509@203
Wafer number	12
Date	2025/05/09
Time	18:11:47

No.U	X	Y	Bin	CONT	IGSS0	IGSS10	ISGS10	VTH0.25	BVDSS0.25	BVDSS10	IDSS240	IDSS250	IGSS16	ISGS16	IGSS18	ISGS18	VTH0.25_2
LimitU				0.500V	99.00uA	100.0nA	100.0nA	4.500V	300.0V	300.0V	800.0nA	800.0nA	200.0nA	200.0nA	200.0nA	200.0nA	4.500V	
LimitL				0V	0A	0A	0A	2.500V	250.0V	250.0V	0A	0A	0A	0A	0A	0A	2.500V	
Bias 1				1.00mA	1.00V	10.0V	10.0V	250uA	250uA	10.0mA	240V	250V	16.0V	16.0V	18.0V	18.0V	250uA
Bias 2				
Bias 3									350V	350V
Bias 4				2.50ms	10.0ms	40.0ms	40.0ms	2.00ms	20.0ms	10.0ms	20.0ms	20.0ms	40.0ms	40.0ms	40.0ms	40.0ms	2.00ms	
Bias 5				
Bias 6				
1	9	5	1	0.000E+00	0.000E+00	2.300E-09	1.100E-09	3.788E+00	2.871E+02	2.890E+02	8.110E-08	1.106E-07	8.000E-10	2.000E-10	2.600E-09	3.000E-10	3.787E+00	
2	10	5	1	0.000E+00	2.000E-08	3.400E-09	5.800E-09	3.656E+00	2.882E+02	2.897E+02	8.160E-08	1.086E-07	5.000E-09	5.600E-09	2.400E-09	3.200E-09	3.657E+00	
3	11	5	1	0.000E+00	1.000E-08	1.000E-10	2.300E-09	3.652E+00	2.886E+02	2.902E+02	8.050E-08	1.053E-07	3.700E-09	3.700E-09	2.400E-09	6.200E-09	3.652E+00	
4	12	5	1	0.000E+00	1.000E-08	6.000E-10	3.700E-09	3.743E+00	2.890E+02	2.903E+02	7.420E-08	1.014E-07	2.600E-09	1.200E-09	2.000E-09	7.200E-09	3.743E+00	
5	13	5	1	0.000E+00	1.000E-08	4.300E-09	5.000E-10	3.619E+00	2.894E+02	2.907E+02	7.670E-08	1.036E-07	5.000E-09	3.800E-09	3.000E-10	8.000E-10	3.619E+00	
6	14	6	4	0.000E+00	4.417E-05	999.9												
7	13	6	1	0.000E+00	1.000E-08	9.000E-10	0.000E+00	3.689E+00	2.881E+02	2.894E+02	7.790E-08	1.049E-07	6.200E-09	4.100E-09	2.900E-09	4.600E-09	3.689E+00	
8	12	6	1	0.000E+00	0.000E+00	1.100E-09	4.100E-09	3.635E+00	2.878E+02	2.893E+02	8.270E-08	1.106E-07	7.000E-09	6.300E-09	1.800E-09	4.000E-09	3.636E+00	
9	11	6	1	0.000E+00	0.000E+00	4.000E-09	3.000E-10	3.587E+00	2.873E+02	2.889E+02	8.550E-08	1.161E-07	3.100E-09	1.300E-09	3.600E-09	2.500E-09	3.586E+00	
10	10	6	1	0.000E+00	0.000E+00	1.000E-10	5.000E-10	3.569E+00	2.871E+02	2.885E+02	8.810E-08	1.193E-07	2.800E-09	3.000E-10	2.500E-09	2.600E-09	3.568E+00	
11	9	6	1	0.000E+00	1.000E-08	1.600E-09	7.500E-09	3.571E+00	2.876E+02	2.891E+02	8.770E-08	1.170E-07	2.900E-09	7.100E-09	1.800E-09	4.100E-09	3.572E+00	
12	8	6	1	0.000E+00	1.000E-08	2.300E-09	3.600E-09	3.571E+00	2.871E+02	2.888E+02	8.540E-08	1.144E-07	2.000E-10	9.000E-10	3.200E-09	1.150E-08	3.571E+00	
13	7	7	1	0.000E+00	0.000E+00	3.000E-09	1.000E-09	3.605E+00	2.870E+02	2.890E+02	8.210E-08	1.112E-07	1.800E-09	9.000E-10	1.100E-09	4.000E-10	3.605E+00	
14	8	7	1	0.000E+00	1.000E-08	2.700E-09	2.000E-10	3.556E+00	2.877E+02	2.892E+02	8.770E-08	1.165E-07	1.400E-09	2.200E-09	0.000E+00	3.900E-09	3.557E+00	
15	9	7	1	0.000E+00	1.000E-08	1.000E-09	1.200E-09	3.572E+00	2.872E+02	2.885E+02	8.770E-08	1.207E-07	3.900E-09	0.000E+00	1.600E-09	7.100E-09	3.571E+00	
16	10	7	1	0.000E+00	0.000E+00	2.100E-09	5.200E-09	3.572E+00	2.867E+02	2.881E+02	8.780E-08	1.206E-07	5.400E-09	1.100E-09	4.500E-09	5.200E-09	3.572E+00	
17	11	7	1	0.000E+00	2.000E-08	4.700E-09	3.000E-10	3.593E+00	2.868E+02	2.883E+02	8.630E-08	1.174E-07	2.600E-09	4.800E-09	1.500E-09	1.000E-09	3.592E+00	
18	12	7	1	0.000E+00	1.000E-08	2.000E-10	4.600E-09	3.643E+00	2.874E+02	2.889E+02	8.510E-08	1.139E-07	5.500E-09	3.100E-09	1.400E-09	5.800E-09	3.643E+00	
19	13	7	1	0.000E+00	2.000E-08	1.700E-09	6.000E-09	3.643E+00	2.878E+02	2.891E+02	8.170E-08	1.111E-07	2.500E-09	0.000E+00	3.300E-09	1.800E-09	3.642E+00	
20	14	7	1	0.000E+00	0.000E+00	1.900E-09	5.000E-09	3.667E+00	2.880E+02	2.891E+02	7.940E-08	1.039E-07	4.400E-09	2.500E-09	2.300E-09	1.200E-09	3.668E+00	
21	15	7	1	1.000E-03	2.000E-08	2.300E-09	7.500E-09	3.463E+00	2.887E+02	2.902E+02	8.610E-08	1.162E-07	4.700E-09	9.000E-10	7.000E-09	4.500E-09	3.463E+00	
22	16	8	1	0.000E+00	0.000E+00	6.000E-09	2.000E-10	3.099E+00	2.888E+02	2.906E+02	1.083E-07	1.457E-07	0.000E+00	2.100E-09	7.000E-10	2.000E-10	3.098E+00	
23	15	8	1	0.000E+00	0.000E+00	1.400E-09	1.500E-09	3.630E+00	2.879E+02	2.893E+02	7.790E-08	1.070E-07	2.800E-09	1.700E-09	2.600E-09	4.900E-09	3.631E+00	
24	14	8	1	0.000E+00	1.000E-08	5.000E-10	8.100E-09	3.618E+00	2.877E+02	2.889E+02	7.940E-08	1.087E-07	5.200E-09	2.500E-09	1.600E-09	7.400E-09	3.618E+00	
25	13	8	1	0.000E+00	2.000E-08	4.300E-09	4.000E-10	3.575E+00	2.875E+02	2.890E+02	8.340E-08	1.131E-07	1.500E-09	5.400E-09	3.000E-10	3.900E-09	3.574E+00	
26	12	8	1	0.000E+00	3.000E-08	2.000E-09	8.000E-10	3.565E+00	2.870E+02	2.886E+02	8.530E-08	1.144E-07	4.700E-09	4.300E-09	2.000E-09	2.400E-09	3.564E+00	
27	11	8	1	0.000E+00	0.000E+00	6.500E-09	4.700E-09	3.554E+00	2.866E+02	2.881E+02	8.700E-08	1.186E-07	4.100E-09	4.000E-10	4.100E-09	3.000E-10	3.554E+00	
28	10	8	1	0.000E+00	0.000E+00	4.700E-09	2.400E-09	3.572E+00	2.865E+02	2.879E+02	8.840E-08	1.200E-07	8.000E-10	1.100E-09	5.700E-09	3.700E-09	3.572E+00	
29	9	8	1	0.000E+00	0.000E+00	2.800E-09	9.000E-10	3.575E+00	2.868E+02	2.882E+02	8.870E-08	1.185E-07	1.200E-09	3.300E-09	2.800E-09	2.600E-09	3.574E+00	
30	8	8	1	0.000E+00	0.000E+00	3.200E-09	1.900E-09	3.560E+00	2.868E+02	2.884E+02	8.860E-08	1.188E-07	4.300E-09	5.100E-09	1.100E-09	1.000E-09	3.561E+00	
31	7	8	1	0.000E+00	0.000E+00	4.300E-09	3.100E-09	3.535E+00	2.878E+02	2.892E+02	8.570E-08	1.155E-07	3.000E-10	6.000E-10	3.700E-09	1.600E-09	3.536E+00	
32	6	9	1	0.000E+00	1.000E-08	5.100E-09	7.000E-10	3.657E+00	2.883E+02	2.897E+02	7.620E-08	1.025E-07	3.300E-09	6.000E-10	4.900E-09	1.300E-09	3.657E+00	
33	7	9	1	0.000E+00	2.000E-08	1.100E-09	4.300E-09	3.539E+00	2.874E+02	2.889E+02	8.860E-08	1.188E-07	4.600E-09	7.300E-09	2.300E-09	6.900E-09	3.539E+00	
34	8	9	1	0.000E+00	3.000E-08	2.000E-09	1.000E-09	3.571E+00	2.867E+02	2.881E+02	8.870E-08	1.206E-07	4.000E-10	6.000E-10	5.800E-09	1.400E-09	3.571E+00	
35	9	9	1	0.000E+00	2.000E-08	6.000E-10	1.200E-09	3.582E+00	2.865E+02	2.880E+02	8.820E-08	1.181E-07	1.300E-09	2.500E-09	2.400E-09	3.100E-09	3.582E+00	
36	10	9	1	0.000E+00	3.000E-08	5.400E-09	8.000E-10	3.553E+00	2.866E+02	2.881E+02	8.850E-08	1.197E-07	3.500E-09	3.600E-09	3.300E-09	2.400E-09	3.552E+00	
37	11	9	1	0.000E+00	1.000E-08	2.300E-09	1.600E-09	3.569E+00	2.871E+02	2.886E+02	8.630E-08	1.187E-07	2.200E-09	2.000E-09	3.400E-09	3.500E-09	3.569E+00	
38	12	9	1	0.000E+00	4.000E-08	2.300E-09	2.800E-09	3.586E+00	2.874E+02	2.890E+02	8.660E-08	1.165E-07	5.800E-09	3.900E-09	1.500E-09	3.900E-09	3.586E+00	
39	13	9	1	0.000E+00	0.000E+00	3.300E-09	4.900E-09	3.578E+00	2.875E+02	2.891E+02	8.540E-08	1.158E-07	1.800E-09	7.000E-10	2.100E-09	1.400E-09	3.577E+00	
40	14	9	1	0.000E+00	0.000E+00	6.000E-10	7.900E-09	3.589E+00	2.874E+02	2.887E+02	8.120E-08	1.112E-07	7.000E-09	2.800E-09	2.200E-09	8.900E-09	3.589E+00	
41	15	9	1	0.000E+00	1.000E-08	1.300E-09	4.000E-10	3.718E+00	2.874E+02	2.886E+02	7.880E-08	1.058E-07	2.500E-09	3.500E-09	1.900E-09	1.000E-10	3.719E+00	
42	16	9	4	1.000E-03	5.800E-05	999.9												
43	16	10	1	0.000E+00	3.000E-08	3.600E-09	2.000E-10	3.511E+00	2.872E+02	2.885E+02	8.490E-08	1.151E-07	3.800E-09	3.200E-09	3.500E-09	1.600E-09	3.511E+00	
44	15	10	1	1.000E-03	0.000E+00	3.100E-09	2.700E-09	3.672E+00	2.870E+02	2.882E+02	8.120E-08	1.096E-07	9.000E-10	9.000E-10	5.700E-09	7.000E-10	3.672E+00	
45	14	10	1	0.000E+00	1.000E-08	2.100E-09	4.400E-09	3.572E+00	2.874E+02	2.889E+02	8.510E-08	1.144E-07	8.100E-09	3.400E-09	4.600E-09	3.000E-10	3.572E+00	
46	13	10	1	1.000E-03	0.000E+00	1.700E-09	2.400E-09	3.590E+00	2.877E+02	2.893E+02	8.680E-08	1.172E-07	3.000E-10	3.700E-09	1.000E-09	2.000E-10	3.590E+00	
47	12	10	1	1.000E-03	1.000E-08	9.000E-10	4.600E-09	3.614E+00	2.875E+02	2.891E+02	8.670E-08	1.159E-07	2.300E-09	8.700E-09	1.500E-09	3.900E-09	3.613E+00	
48	11	10	1	1.000E-03	0.000E+00	2.000E-09	4.500E-09	3.591E+00	2.874E+02	2.888E+02	8.810E-08	1.184E-07	6.700E-09	4.500E-09	3.200E-09	9.000E-10	3.591E+00	
49	10	10	1	1.000E-03	0.000E+00	2.600E-09	9.000E-10	3.575E+00	2.871E+02	2.887E+02	8.940E-08	1.184E-07	9.000E-10	3.400E-09	5.000E-10	5.200E-09	3.574E+00	
50	9	10	1	0.000E+00	3.000E-08	8.000E-10	2.000E-10	3.555E+00	2.867E+02	2.883E+02	8.920E-08	1.181E-07	1.000E-09	4.300E-09	1.500E-09	3.800E-09	3.554E+00	
51	8	10	1	0.000E+00	3.000E-08	4.300E-09	2.100E-09	3.575E+00	2.867E+02	2.880E+02	8.870E-08	1.207E-07	7.000E-10	1.800E-09	5.900E-09	1.000E-09	3.576E+00	
52	7	10	1	1.000E-03	6.000E-08	2.000E-09	4.000E-10	3.523E+00	2.875E+02	2.889E+02	8.850E-08	1.206E-07	1.800E-09	1.900E-09	5.200E-09	5.000E-10	3.523E+00	
53	6	10	1	0.000E+00	1.000E-08	1.900E-09	2.600E-09	3.582E+00	2.889E+02	2.902E+02	7.890E-08	1.079E-07	6.800E-09	8.000E-10	3.000E-10	3.000E-10	3.583E+00	
54	6	11	1	0.000E+00	0.000E+00	3.700E-09	7.000E-10	3.572E+00	2.886E+02	2.900E+02	8.250E-08	1.113E-07	1.100E-09	0.000E+00	4.300E-09	1.800E-09	3.572E+00	
55	7	11	1	0.000E+00	1.000E-08	6.000E-10	2.200E-09	3.527E+00	2.875E+02	2.889E+02	8.920E-08	1.173E-07	4.500E-09	3.800E-09	2.100E-09	1.000E-09	3.527E+00	
56	8	11	1	0.000E+00	1.000E-08	1.000E-10	1.700E-09	3.563E+00	2.868E+02	2.882E+02	8.730E-08	1.194E-07	7.500E-09	2.100E-09	7.000E-10	5.300E-09	3.563E+00	
57	9	11	1	1.000E-03	0.000E+00	1.500E-09	1.800E-09	3.600E+00	2.872E+02	2.889E+02	8.830E-08	1.191E-07	1.600E-09	1.700E-09	1.100E-09	1.100E-09	3.601E+00	
58	10	11	1	0.000E+00	1.000E-08	4.000E-10	3.000E-09	3.589E+00	2.873E+02	2.888E+02	8.990E-08	1.196E-07	4.000E-09	1.010E-08	3.800E-09	5.500E-09	3.589E+00	
59	11	11	1	1.000E-03	2.000E-08	5.000E-09	7.000E-10	3.587E+00	2.872E+02	2.886E+02	8.900E-08	1.195E-07	3.000E-10	1.000E-10	3.600E-09	1.000E-10	3.588E+00	
60	12	11	1	0.000E+00	0.000E+00	3.500E-09	1.200E-09	3.620E+00	2.873E+02	2.890E+02	8.760E-08	1.178E-07	3.900E-09	3.100E-09	2.000E-09	2.600E-09	3.619E+00	
61	13	11	1	1.000E-03	2.000E-08	0.000E+00	3.600E-09	3.590E+00	2.874E+02	2.890E+02	8.750E-08	1.177E-07	4.300E-09	7.700E-09	3.300E-09	2.800E-09	3.591E+00	
62	14	11	1	0.000E+00	1.000E-08	3.300E-09	2.500E-09	3.585E+00	2.876E+02	2.891E+02	8.450E-08	1.155E-07	5.200E-09	3.700E-09	2.500E-09	5.500E-09	3.585E+00	
63	15	11	1	1.000E-03	3.000E-08	6.000E-10	2.700E-09	3.641E+00	2.868E+02	2.881E+02	8.330E-08	1.135E-07	1.400E-09	2.000E-09	1.100E-09	1.800E-09	3.641E+00	
64	16	11	1	1.000E-03	0.000E+00	3.500E-09	2.800E-09	3.700E+00	2.869E+02	2.878E+02	7.970E-08	1.076E-07	1.100E-09	4.600E-09	1.700E-09	1.300E-09	3.699E+00	
65	17	11	1	1.000E-03	2.000E-08	3.000E-10	3.400E-09	3.220E+00	2.874E+02	2.889E+02	1.022E-07	1.382E-07	9.200E-09	3.200E-09	4.800E-09	1.500E-09	3.222E+00	
66	17	12	1	1.000E-03	2.000E-08	5.000E-10	1.700E-09	3.469E+00	2.873E+02	2.886E+02	8.720E-08	1.151E-07	3.800E-09	2.300E-09	7.000E-10	2.400E-09	3.469E+00	
67	16	12	1	1.000E-03	4.000E-08	6.000E-09	3.100E-09	3.663E+00	2.867E+02	2.880E+02	8.040E-08	1.093E-07	1.800E-09	5.000E-10	3.200E-09	2.100E-09	3.662E+00	
68	15	12	1	0.000E+00	0.000E+00	1.700E-09	5.300E-09	3.584E+00	2.870E+02	2.883E+02	8.390E-08	1.146E-07	5.700E-09	3.100E-09	2.400E-09	7.900E-09	3.584E+00	
69	14	12	1	1.000E-03	1.000E-08	1.600E-09	1.000E-09	3.569E+00	2.878E+02	2.891E+02	8.680E-08	1.170E-07	2.300E-09	1.300E-09	2.800E-09	1.100E-09	3.569E+00	
70	13	12	1	0.000E+00	1.000E-08	2.800E-09	5.000E-10	3.572E+00	2.874E+02	2.888E+02	8.780E-08	1.188E-07	1.700E-09	6.000E-10	2.100E-09	3.000E-09	3.572E+00	
71	12	12	1	1.000E-03	0.000E+00	6.000E-10	2.300E-09	3.584E+00	2.870E+02	2.887E+02	8.920E-08	1.181E-07	7.000E-10	7.000E-10	4.000E-10	4.400E-09	3.584E+00	
72	11	12	1	1.000E-03	3.000E-08	3.200E-09	5.000E-10	3.572E+00	2.871E+02	2.885E+02	8.750E-08	1.196E-07	6.100E-09	1.200E-09	2.000E-10	1.400E-09	3.572E+00	
73	10	12	1	0.000E+00	0.000E+00	4.800E-09	6.000E-10	3.580E+00	2.873E+02	2.888E+02	8.910E-08	1.196E-07	1.800E-09	3.400E-09	9.000E-10	9.000E-10	3.579E+00	
74	9	12	1	0.000E+00	0.000E+00	3.400E-09	7.000E-10	3.586E+00	2.876E+02	2.892E+02	8.840E-08	1.196E-07	2.000E-09	9.000E-10	5.700E-09	1.200E-09	3.586E+00	
75	8	12	1	1.000E-03	1.000E-08	1.600E-09	4.400E-09	3.542E+00	2.870E+02	2.884E+02	8.780E-08	1.161E-07	5.100E-09	2.500E-09	1.200E-09	2.100E-09	3.542E+00	
76	7	12	1	0.000E+00	0.000E+00	3.900E-09	1.400E-09	3.531E+00	2.874E+02	2.888E+02	8.690E-08	1.173E-07	2.300E-09	6.700E-09	2.700E-09	2.400E-09	3.531E+00	
77	6	12	1	0.000E+00	1.000E-08	2.600E-09	1.600E-09	3.549E+00	2.883E+02	2.896E+02	8.200E-08	1.122E-07	5.400E-09	1.100E-09	0.000E+00	1.600E-09	3.549E+00	
78	5	12	1	1.000E-03	1.000E-08	1.100E-09	6.500E-09	3.634E+00	2.835E+02	2.862E+02	7.620E-08	1.029E-07	4.000E-09	9.200E-09	1.600E-09	3.400E-09	3.634E+00	
79	5	13	1	1.000E-03	0.000E+00	1.800E-09	0.000E+00	3.622E+00	2.845E+02	2.872E+02	7.580E-08	1.038E-07	1.300E-09	3.600E-09	4.400E-09	1.500E-09	3.622E+00	
80	6	13	1	1.000E-03	0.000E+00	9.000E-10	3.500E-09	3.573E+00	2.881E+02	2.894E+02	8.270E-08	1.121E-07	3.700E-09	5.000E-10	5.200E-09	0.000E+00	3.572E+00	
81	7	13	1	1.000E-03	2.000E-08	8.000E-10	3.500E-09	3.540E+00	2.873E+02	2.887E+02	8.670E-08	1.150E-07	4.500E-09	5.000E-09	1.700E-09	3.300E-09	3.539E+00	
82	8	13	1	0.000E+00	1.000E-08	1.500E-09	1.700E-09	3.543E+00	2.871E+02	2.886E+02	8.770E-08	1.172E-07	3.700E-09	6.000E-09	5.000E-10	1.000E-10	3.543E+00	
83	9	13	1	1.000E-03	0.000E+00	1.100E-09	2.800E-09	3.599E+00	2.876E+02	2.892E+02	8.800E-08	1.180E-07	2.800E-09	6.200E-09	2.500E-09	3.700E-09	3.599E+00	
84	10	13	1	1.000E-03	2.000E-08	7.000E-09	0.000E+00	3.595E+00	2.875E+02	2.888E+02	8.870E-08	1.199E-07	8.000E-10	1.200E-09	2.000E-10	1.500E-09	3.596E+00	
85	11	13	1	1.000E-03	1.000E-08	7.000E-10	1.800E-09	3.573E+00	2.871E+02	2.885E+02	8.740E-08	1.200E-07	4.400E-09	3.800E-09	5.300E-09	9.000E-10	3.573E+00	
86	12	13	1	1.000E-03	0.000E+00	1.200E-09	4.000E-10	3.580E+00	2.871E+02	2.886E+02	8.900E-08	1.208E-07	1.100E-09	1.300E-09	2.500E-09	0.000E+00	3.579E+00	
87	13	13	1	1.000E-03	1.000E-08	3.400E-09	1.000E-09	3.572E+00	2.872E+02	2.887E+02	8.770E-08	1.179E-07	8.000E-10	2.900E-09	3.200E-09	2.900E-09	3.572E+00	
88	14	13	1	0.000E+00	2.000E-08	3.500E-09	8.000E-10	3.571E+00	2.878E+02	2.891E+02	8.700E-08	1.168E-07	3.700E-09	3.000E-09	3.600E-09	3.000E-10	3.572E+00	
89	15	13	1	1.000E-03	0.000E+00	1.800E-09	3.400E-09	3.579E+00	2.870E+02	2.885E+02	8.480E-08	1.135E-07	2.500E-09	1.000E-09	6.000E-10	3.800E-09	3.578E+00	
90	16	13	1	0.000E+00	2.000E-08	1.000E-09	1.700E-09	3.629E+00	2.867E+02	2.880E+02	8.090E-08	1.105E-07	7.000E-09	3.100E-09	2.100E-09	7.200E-09	3.628E+00	
91	17	13	1	1.000E-03	0.000E+00	1.700E-09	7.700E-09	3.612E+00	2.871E+02	2.884E+02	8.040E-08	1.081E-07	4.600E-09	8.100E-09	3.900E-09	3.600E-09	3.612E+00	
92	17	14	1	0.000E+00	0.000E+00	4.000E-10	1.100E-09	3.625E+00	2.868E+02	2.880E+02	7.970E-08	1.082E-07	2.700E-09	6.000E-10	1.800E-09	2.100E-09	3.625E+00	
93	16	14	1	0.000E+00	1.000E-08	3.600E-09	2.000E-10	3.615E+00	2.865E+02	2.878E+02	8.200E-08	1.128E-07	1.400E-09	3.100E-09	5.000E-10	7.000E-10	3.615E+00	
94	15	14	1	1.000E-03	0.000E+00	3.000E-10	8.000E-10	3.580E+00	2.870E+02	2.884E+02	8.560E-08	1.131E-07	3.300E-09	1.800E-09	8.000E-10	7.000E-10	3.581E+00	
95	14	14	1	1.000E-03	1.000E-08	1.400E-09	4.800E-09	3.571E+00	2.878E+02	2.892E+02	8.690E-08	1.139E-07	5.200E-09	3.000E-09	1.500E-09	1.000E-09	3.572E+00	
96	13	14	1	1.000E-03	0.000E+00	4.000E-09	2.500E-09	3.562E+00	2.873E+02	2.889E+02	8.560E-08	1.171E-07	4.100E-09	4.300E-09	1.700E-09	3.600E-09	3.562E+00	
97	12	14	1	1.000E-03	1.000E-08	8.000E-10	1.000E-09	3.576E+00	2.873E+02	2.888E+02	8.770E-08	1.183E-07	1.800E-09	1.100E-09	1.500E-09	1.300E-09	3.576E+00	
98	11	14	1	0.000E+00	2.000E-08	1.100E-09	7.000E-09	3.579E+00	2.872E+02	2.887E+02	8.840E-08	1.180E-07	4.500E-09	7.000E-09	5.000E-10	1.600E-09	3.579E+00	
99	10	14	1	0.000E+00	0.000E+00	1.300E-09	2.700E-09	3.595E+00	2.875E+02	2.889E+02	8.820E-08	1.187E-07	3.600E-09	4.000E-10	0.000E+00	3.000E-10	3.595E+00	
100	9	14	1	0.000E+00	3.000E-08	1.400E-09	6.000E-10	3.602E+00	2.876E+02	2.892E+02	8.750E-08	1.181E-07	3.000E-10	5.000E-10	5.300E-09	1.100E-09	3.602E+00	
101	8	14	1	1.000E-03	0.000E+00	2.300E-09	6.900E-09	3.544E+00	2.870E+02	2.885E+02	8.680E-08	1.164E-07	1.300E-09	3.700E-09	5.000E-10	6.600E-09	3.544E+00	
102	7	14	1	0.000E+00	2.000E-08	3.000E-09	8.000E-10	3.554E+00	2.873E+02	2.886E+02	8.380E-08	1.158E-07	3.900E-09	1.400E-09	1.300E-09	6.100E-09	3.554E+00	
103	6	14	1	1.000E-03	0.000E+00	3.600E-09	2.100E-09	3.583E+00	2.879E+02	2.894E+02	8.160E-08	1.100E-07	3.700E-09	4.100E-09	5.300E-09	2.000E-10	3.584E+00	
104	5	14	1	1.000E-03	0.000E+00	1.900E-09	0.000E+00	3.582E+00	2.838E+02	2.869E+02	7.670E-08	1.029E-07	1.000E-09	1.400E-09	4.000E-10	4.000E-09	3.581E+00	
105	5	15	4	0.000E+00	9.411E-05	999.9												
106	6	15	1	1.000E-03	0.000E+00	5.400E-09	7.000E-10	3.629E+00	2.882E+02	2.896E+02	7.970E-08	1.072E-07	2.800E-09	3.300E-09	1.000E-10	1.600E-09	3.629E+00	
107	7	15	1	0.000E+00	2.000E-08	3.800E-09	1.400E-09	3.559E+00	2.872E+02	2.885E+02	8.320E-08	1.146E-07	5.900E-09	5.000E-10	2.800E-09	6.800E-09	3.558E+00	
108	8	15	1	0.000E+00	1.000E-08	0.000E+00	1.800E-09	3.554E+00	2.866E+02	2.881E+02	8.620E-08	1.150E-07	1.300E-09	3.000E-10	3.000E-09	7.100E-09	3.554E+00	
109	9	15	1	0.000E+00	0.000E+00	3.000E-10	5.500E-09	3.606E+00	2.873E+02	2.889E+02	8.700E-08	1.163E-07	4.200E-09	7.300E-09	2.800E-09	5.400E-09	3.605E+00	
110	10	15	1	1.000E-03	0.000E+00	1.000E-10	9.000E-10	3.614E+00	2.873E+02	2.889E+02	8.750E-08	1.182E-07	1.000E-10	3.000E-09	6.400E-09	2.100E-09	3.613E+00	
111	11	15	1	1.000E-03	3.000E-08	4.700E-09	5.000E-10	3.602E+00	2.873E+02	2.887E+02	8.670E-08	1.168E-07	1.100E-09	2.700E-09	1.200E-09	2.400E-09	3.601E+00	
112	12	15	1	1.000E-03	1.000E-08	1.400E-09	1.500E-09	3.604E+00	2.875E+02	2.890E+02	8.450E-08	1.153E-07	3.300E-09	2.000E-10	1.600E-09	4.400E-09	3.604E+00	
113	13	15	1	1.000E-03	1.000E-08	2.500E-09	1.800E-09	3.577E+00	2.877E+02	2.893E+02	8.660E-08	1.162E-07	2.900E-09	3.000E-09	4.200E-09	5.000E-10	3.577E+00	
114	14	15	1	0.000E+00	1.000E-08	3.900E-09	7.300E-09	3.563E+00	2.879E+02	2.893E+02	8.520E-08	1.143E-07	2.500E-09	2.800E-09	4.200E-09	5.400E-09	3.563E+00	
115	15	15	1	0.000E+00	0.000E+00	3.600E-09	3.600E-09	3.604E+00	2.868E+02	2.881E+02	8.360E-08	1.142E-07	1.800E-09	1.800E-09	4.300E-09	2.900E-09	3.604E+00	
116	16	15	1	0.000E+00	1.000E-08	1.000E-10	2.800E-09	3.652E+00	2.864E+02	2.877E+02	8.110E-08	1.087E-07	2.300E-09	3.800E-09	1.400E-09	2.800E-09	3.651E+00	
117	17	15	1	1.000E-03	1.000E-08	2.100E-09	3.900E-09	3.599E+00	2.868E+02	2.882E+02	8.060E-08	1.070E-07	5.300E-09	2.200E-09	1.400E-09	1.200E-09	3.599E+00	
118	16	16	1	0.000E+00	0.000E+00	1.200E-09	2.000E-10	3.676E+00	2.868E+02	2.880E+02	7.980E-08	1.083E-07	1.400E-09	7.000E-10	3.100E-09	9.000E-10	3.676E+00	
119	15	16	1	0.000E+00	2.000E-08	5.000E-10	4.000E-10	3.631E+00	2.868E+02	2.881E+02	8.230E-08	1.126E-07	1.500E-09	2.100E-09	1.900E-09	7.000E-10	3.631E+00	
120	14	16	1	0.000E+00	1.000E-08	1.800E-09	6.500E-09	3.566E+00	2.876E+02	2.891E+02	8.440E-08	1.122E-07	1.300E-09	2.800E-09	9.000E-10	7.600E-09	3.566E+00	
121	13	16	1	0.000E+00	0.000E+00	2.500E-09	2.400E-09	3.590E+00	2.879E+02	2.894E+02	8.570E-08	1.144E-07	8.100E-09	3.800E-09	1.900E-09	2.400E-09	3.589E+00	
122	12	16	1	0.000E+00	1.000E-08	1.700E-09	1.900E-09	3.608E+00	2.876E+02	2.891E+02	8.530E-08	1.149E-07	2.100E-09	1.400E-09	2.600E-09	2.200E-09	3.608E+00	
123	11	16	1	0.000E+00	2.000E-08	3.000E-10	4.300E-09	3.608E+00	2.872E+02	2.887E+02	8.550E-08	1.151E-07	5.600E-09	5.500E-09	2.700E-09	3.400E-09	3.608E+00	
124	10	16	1	0.000E+00	0.000E+00	4.000E-10	4.200E-09	3.602E+00	2.873E+02	2.888E+02	8.700E-08	1.156E-07	4.600E-09	8.700E-09	2.000E-09	6.000E-09	3.602E+00	
125	9	16	1	0.000E+00	1.000E-08	2.800E-09	6.400E-09	3.581E+00	2.868E+02	2.884E+02	8.460E-08	1.154E-07	4.400E-09	1.500E-09	6.500E-09	4.700E-09	3.582E+00	
126	8	16	1	0.000E+00	1.000E-08	3.400E-09	6.000E-10	3.581E+00	2.865E+02	2.879E+02	8.480E-08	1.143E-07	4.200E-09	2.800E-09	3.000E-10	2.900E-09	3.580E+00	
127	7	16	1	1.000E-03	3.000E-08	9.000E-10	2.000E-10	3.570E+00	2.874E+02	2.887E+02	8.280E-08	1.139E-07	3.800E-09	1.700E-09	4.600E-09	1.500E-09	3.570E+00	
128	6	16	1	1.000E-03	1.000E-08	7.000E-10	5.400E-09	3.639E+00	2.885E+02	2.899E+02	7.740E-08	1.044E-07	4.500E-09	7.200E-09	1.800E-09	2.600E-09	3.639E+00	
129	6	17	1	1.000E-03	0.000E+00	6.400E-09	2.100E-09	3.730E+00	2.888E+02	2.899E+02	7.400E-08	9.960E-08	1.900E-09	7.600E-09	3.000E-09	1.400E-09	3.731E+00	
130	7	17	1	0.000E+00	2.000E-08	2.800E-09	1.800E-09	3.601E+00	2.874E+02	2.889E+02	8.310E-08	1.130E-07	2.800E-09	3.000E-09	1.800E-09	7.000E-10	3.602E+00	
131	8	17	1	0.000E+00	0.000E+00	1.300E-09	1.000E-10	3.608E+00	2.866E+02	2.880E+02	8.600E-08	1.138E-07	2.700E-09	8.000E-10	1.200E-09	7.000E-10	3.609E+00	
132	9	17	1	0.000E+00	1.000E-08	0.000E+00	4.500E-09	3.572E+00	2.864E+02	2.880E+02	8.550E-08	1.147E-07	6.900E-09	2.100E-09	3.100E-09	6.200E-09	3.571E+00	
133	10	17	1	0.000E+00	0.000E+00	4.000E-10	1.000E-10	3.581E+00	2.872E+02	2.887E+02	8.390E-08	1.152E-07	3.100E-09	1.900E-09	1.500E-09	5.900E-09	3.581E+00	
134	11	17	1	0.000E+00	1.000E-08	8.000E-10	1.600E-09	3.591E+00	2.874E+02	2.889E+02	8.540E-08	1.146E-07	6.100E-09	5.600E-09	3.000E-09	4.900E-09	3.591E+00	
135	12	17	1	0.000E+00	0.000E+00	3.900E-09	2.100E-09	3.595E+00	2.877E+02	2.890E+02	8.430E-08	1.132E-07	1.000E-09	2.100E-09	5.300E-09	1.000E-10	3.596E+00	
136	13	17	1	0.000E+00	2.000E-08	2.400E-09	2.800E-09	3.587E+00	2.878E+02	2.891E+02	8.360E-08	1.129E-07	2.600E-09	1.000E-09	4.100E-09	8.000E-10	3.587E+00	
137	14	17	1	0.000E+00	0.000E+00	3.300E-09	0.000E+00	3.628E+00	2.873E+02	2.886E+02	8.270E-08	1.116E-07	2.800E-09	4.000E-09	2.500E-09	0.000E+00	3.628E+00	
138	15	17	1	0.000E+00	1.000E-08	1.000E-10	2.200E-09	3.704E+00	2.871E+02	2.883E+02	7.980E-08	1.062E-07	3.500E-09	5.700E-09	1.800E-09	1.600E-09	3.705E+00	
139	16	17	1	1.000E-03	1.000E-08	1.000E-09	1.000E-10	3.650E+00	2.873E+02	2.886E+02	7.980E-08	1.078E-07	6.100E-09	5.600E-09	1.400E-09	3.400E-09	3.652E+00	
140	16	18	1	1.000E-03	2.000E-08	4.100E-09	4.700E-09	3.375E+00	2.881E+02	2.896E+02	9.290E-08	1.253E-07	2.800E-09	9.000E-10	4.600E-09	6.000E-10	3.376E+00	
141	15	18	1	0.000E+00	0.000E+00	2.800E-09	1.300E-09	3.711E+00	2.876E+02	2.887E+02	7.860E-08	1.065E-07	2.500E-09	3.100E-09	1.000E-09	1.100E-09	3.712E+00	
142	14	18	1	0.000E+00	0.000E+00	1.700E-09	1.600E-09	3.693E+00	2.874E+02	2.885E+02	7.980E-08	1.084E-07	2.500E-09	3.000E-09	3.600E-09	1.200E-09	3.694E+00	
143	13	18	1	1.000E-03	3.000E-08	2.200E-09	1.000E-10	3.645E+00	2.872E+02	2.886E+02	8.280E-08	1.097E-07	4.500E-09	2.000E-09	0.000E+00	9.000E-10	3.645E+00	
144	12	18	1	1.000E-03	1.000E-08	6.000E-10	3.400E-09	3.606E+00	2.870E+02	2.886E+02	8.480E-08	1.121E-07	9.000E-10	1.100E-09	8.000E-10	4.000E-09	3.606E+00	
145	11	18	1	0.000E+00	0.000E+00	3.100E-09	1.500E-09	3.582E+00	2.869E+02	2.885E+02	8.240E-08	1.138E-07	6.000E-09	4.000E-10	5.000E-10	7.000E-10	3.583E+00	
146	10	18	1	0.000E+00	3.000E-08	2.300E-09	4.300E-09	3.586E+00	2.869E+02	2.883E+02	8.490E-08	1.153E-07	7.900E-09	5.800E-09	2.300E-09	5.000E-10	3.587E+00	
147	9	18	1	0.000E+00	0.000E+00	8.000E-10	4.000E-10	3.624E+00	2.866E+02	2.880E+02	8.480E-08	1.157E-07	2.400E-09	7.000E-10	2.800E-09	1.700E-09	3.623E+00	
148	8	18	1	1.000E-03	4.000E-08	5.000E-09	9.000E-10	3.628E+00	2.867E+02	2.880E+02	8.480E-08	1.160E-07	2.000E-10	2.800E-09	9.000E-10	1.700E-09	3.629E+00	
149	7	18	1	0.000E+00	0.000E+00	4.000E-10	1.700E-09	3.646E+00	2.878E+02	2.892E+02	8.170E-08	1.073E-07	4.600E-09	4.500E-09	2.100E-09	5.900E-09	3.646E+00	
150	6	18	1	1.000E-03	0.000E+00	0.000E+00	4.000E-10	3.803E+00	2.866E+02	2.890E+02	7.190E-08	9.520E-08	3.600E-09	6.000E-09	3.100E-09	3.100E-09	3.803E+00	
151	7	19	1	0.000E+00	2.000E-08	2.200E-09	1.200E-09	3.743E+00	2.880E+02	2.891E+02	7.490E-08	1.023E-07	4.000E-10	0.000E+00	2.300E-09	0.000E+00	3.743E+00	
152	8	19	1	0.000E+00	0.000E+00	2.900E-09	1.700E-09	3.646E+00	2.869E+02	2.883E+02	8.260E-08	1.132E-07	1.200E-09	7.000E-10	4.100E-09	0.000E+00	3.646E+00	
153	9	19	1	0.000E+00	0.000E+00	1.000E-09	3.000E-10	3.649E+00	2.869E+02	2.885E+02	8.500E-08	1.128E-07	3.200E-09	1.000E-09	9.000E-10	2.500E-09	3.648E+00	
154	10	19	1	0.000E+00	2.000E-08	6.000E-10	7.000E-10	3.649E+00	2.870E+02	2.884E+02	8.520E-08	1.123E-07	4.300E-09	5.700E-09	3.900E-09	3.000E-09	3.650E+00	
155	11	19	1	1.000E-03	1.000E-08	1.700E-09	4.700E-09	3.643E+00	2.867E+02	2.880E+02	8.230E-08	1.128E-07	2.300E-09	2.600E-09	6.500E-09	5.600E-09	3.644E+00	
156	12	19	1	0.000E+00	0.000E+00	0.000E+00	1.400E-09	3.672E+00	2.868E+02	2.882E+02	8.190E-08	1.112E-07	3.200E-09	7.000E-10	3.100E-09	4.000E-10	3.671E+00	
157	13	19	1	0.000E+00	0.000E+00	2.200E-09	2.100E-09	3.713E+00	2.873E+02	2.884E+02	7.760E-08	1.067E-07	2.500E-09	3.300E-09	7.000E-10	1.100E-09	3.713E+00	
158	14	19	1	1.000E-03	0.000E+00	1.000E-09	4.600E-09	3.698E+00	2.876E+02	2.888E+02	7.770E-08	1.068E-07	8.000E-10	2.000E-09	3.100E-09	5.700E-09	3.698E+00	
159	15	19	1	1.000E-03	0.000E+00	7.000E-10	6.400E-09	3.498E+00	2.881E+02	2.894E+02	8.990E-08	1.199E-07	4.300E-09	5.600E-09	2.800E-09	3.000E-10	3.497E+00	
160	15	20	1	0.000E+00	2.000E-08	4.200E-09	1.100E-09	3.124E+00	2.890E+02	2.906E+02	1.121E-07	1.511E-07	2.800E-09	2.200E-09	5.600E-09	1.600E-09	3.123E+00	
161	14	20	1	0.000E+00	1.000E-08	2.100E-09	8.600E-09	3.346E+00	2.882E+02	2.897E+02	9.460E-08	1.274E-07	1.800E-09	1.000E-10	5.200E-09	9.000E-10	3.345E+00	
162	13	20	1	0.000E+00	2.000E-08	7.000E-10	5.000E-09	3.643E+00	2.878E+02	2.889E+02	8.060E-08	1.079E-07	4.200E-09	6.500E-09	2.800E-09	4.800E-09	3.644E+00	
163	12	20	1	0.000E+00	2.000E-08	2.300E-09	7.200E-09	3.741E+00	2.872E+02	2.883E+02	7.850E-08	1.060E-07	6.800E-09	6.200E-09	2.800E-09	2.400E-09	3.740E+00	
164	11	20	1	0.000E+00	1.000E-08	2.100E-09	2.000E-10	3.703E+00	2.868E+02	2.880E+02	8.060E-08	1.102E-07	9.000E-10	1.000E-09	5.000E-10	1.000E-10	3.703E+00	
165	10	20	1	0.000E+00	1.000E-08	3.000E-10	2.000E-10	3.678E+00	2.871E+02	2.886E+02	8.340E-08	1.097E-07	4.000E-09	2.900E-09	2.000E-10	2.000E-09	3.677E+00	
166	9	20	1	0.000E+00	1.000E-08	6.200E-09	5.900E-09	3.676E+00	2.874E+02	2.889E+02	8.130E-08	1.107E-07	4.100E-09	8.000E-10	3.500E-09	1.000E-09	3.676E+00	
167	8	20	1	0.000E+00	1.000E-08	1.300E-09	2.000E-09	3.707E+00	2.872E+02	2.885E+02	7.720E-08	1.065E-07	0.000E+00	1.000E-10	1.500E-09	1.300E-09	3.707E+00	
168	7	20	1	0.000E+00	1.000E-08	3.000E-10	8.000E-09	3.726E+00	2.831E+02	2.874E+02	7.340E-08	1.000E-07	3.500E-09	6.900E-09	3.000E-09	5.600E-09	3.726E+00	
169	8	21	1	0.000E+00	2.000E-08	4.600E-09	2.700E-09	3.782E+00	2.835E+02	2.866E+02	7.290E-08	1.008E-07	1.700E-09	2.700E-09	2.600E-09	1.600E-09	3.781E+00	
170	9	21	1	0.000E+00	2.000E-08	2.300E-09	3.000E-09	3.789E+00	2.866E+02	2.881E+02	7.650E-08	1.022E-07	4.200E-09	5.000E-09	2.000E-10	4.600E-09	3.789E+00	
171	10	21	1	1.000E-03	0.000E+00	7.000E-10	4.500E-09	3.773E+00	2.875E+02	2.887E+02	7.870E-08	1.034E-07	4.900E-09	3.100E-09	2.200E-09	1.100E-09	3.773E+00	
172	11	21	1	0.000E+00	3.000E-08	3.000E-10	6.800E-09	3.757E+00	2.874E+02	2.885E+02	7.660E-08	1.048E-07	1.200E-09	2.000E-10	5.900E-09	4.100E-09	3.756E+00	
173	12	21	1	0.000E+00	0.000E+00	7.000E-10	0.000E+00	3.602E+00	2.880E+02	2.894E+02	8.370E-08	1.138E-07	2.600E-09	4.300E-09	5.300E-09	1.400E-09	3.602E+00	
174	13	21	1	1.000E-03	0.000E+00	1.500E-09	2.400E-09	3.266E+00	2.885E+02	2.902E+02	1.022E-07	1.357E-07	8.000E-10	3.700E-09	1.000E-10	7.200E-09	3.266E+00	
175	14	21	1	0.000E+00	0.000E+00	7.000E-10	3.300E-09	3.047E+00	2.892E+02	2.908E+02	1.174E-07	1.561E-07	6.000E-09	1.100E-09	1.100E-09	6.600E-09	3.047E+00	
176	12	22	1	0.000E+00	2.000E-08	0.000E+00	3.400E-09	3.224E+00	2.890E+02	2.906E+02	1.063E-07	1.409E-07	8.000E-10	1.300E-09	9.000E-10	6.800E-09	3.224E+00	
177	11	22	1	0.000E+00	0.000E+00	1.600E-09	3.600E-09	3.421E+00	2.882E+02	2.897E+02	9.090E-08	1.195E-07	5.200E-09	2.100E-09	1.500E-09	0.000E+00	3.421E+00	
178	10	22	1	1.000E-03	1.000E-08	2.600E-09	1.300E-09	3.713E+00	2.867E+02	2.884E+02	7.470E-08	1.043E-07	5.600E-09	2.500E-09	3.500E-09	4.300E-09	3.713E+00	
