Program name	ME58P82_G0A89BA.jtf
Lot number	FA55-5136-323A-250509@203
Wafer number	15
Date	2025/05/09
Time	19:05:23

No.U	X	Y	Bin	CONT	IGSS0	IGSS10	ISGS10	VTH0.25	BVDSS0.25	BVDSS10	IDSS240	IDSS250	IGSS16	ISGS16	IGSS18	ISGS18	VTH0.25_2
LimitU				0.500V	99.00uA	100.0nA	100.0nA	4.500V	300.0V	300.0V	800.0nA	800.0nA	200.0nA	200.0nA	200.0nA	200.0nA	4.500V	
LimitL				0V	0A	0A	0A	2.500V	250.0V	250.0V	0A	0A	0A	0A	0A	0A	2.500V	
Bias 1				1.00mA	1.00V	10.0V	10.0V	250uA	250uA	10.0mA	240V	250V	16.0V	16.0V	18.0V	18.0V	250uA
Bias 2				
Bias 3									350V	350V
Bias 4				2.50ms	10.0ms	40.0ms	40.0ms	2.00ms	20.0ms	10.0ms	20.0ms	20.0ms	40.0ms	40.0ms	40.0ms	40.0ms	2.00ms	
Bias 5				
Bias 6				
1	9	5	1	1.000E-03	0.000E+00	1.300E-09	3.700E-09	3.688E+00	2.871E+02	2.885E+02	7.790E-08	1.083E-07	4.200E-09	2.000E-10	3.900E-09	8.000E-09	3.688E+00	
2	10	5	1	0.000E+00	1.000E-08	1.800E-09	2.300E-09	3.521E+00	2.881E+02	2.893E+02	8.130E-08	1.102E-07	2.600E-09	5.000E-09	1.400E-09	6.000E-10	3.521E+00	
3	11	5	1	0.000E+00	1.000E-08	2.300E-09	4.700E-09	3.531E+00	2.876E+02	2.888E+02	8.100E-08	1.095E-07	4.400E-09	1.090E-08	3.000E-10	3.600E-09	3.531E+00	
4	12	5	1	0.000E+00	0.000E+00	1.400E-09	8.000E-10	3.691E+00	2.879E+02	2.886E+02	7.370E-08	1.006E-07	2.400E-09	2.800E-09	3.500E-09	2.500E-09	3.692E+00	
5	13	5	1	0.000E+00	1.000E-08	7.000E-10	0.000E+00	3.239E+00	2.890E+02	2.901E+02	9.290E-08	1.225E-07	3.000E-09	2.800E-09	4.000E-10	8.000E-10	3.238E+00	
6	14	6	1	0.000E+00	1.000E-08	4.800E-09	4.900E-09	2.935E+00	2.888E+02	2.901E+02	1.155E-07	1.556E-07	8.000E-10	1.700E-09	3.900E-09	5.100E-09	2.934E+00	
7	13	6	1	0.000E+00	0.000E+00	3.000E-10	4.000E-09	3.393E+00	2.877E+02	2.888E+02	8.590E-08	1.142E-07	3.800E-09	1.600E-09	1.300E-09	4.300E-09	3.392E+00	
8	12	6	1	0.000E+00	2.000E-08	2.100E-09	3.900E-09	3.611E+00	2.871E+02	2.878E+02	7.900E-08	1.078E-07	7.600E-09	2.400E-09	1.600E-09	2.000E-09	3.610E+00	
9	11	6	1	0.000E+00	2.000E-08	7.000E-10	2.400E-09	3.496E+00	2.872E+02	2.882E+02	8.590E-08	1.168E-07	2.100E-09	6.900E-09	1.700E-09	2.700E-09	3.496E+00	
10	10	6	1	0.000E+00	0.000E+00	1.100E-09	5.200E-09	3.484E+00	2.881E+02	2.891E+02	8.580E-08	1.173E-07	2.000E-10	4.000E-10	4.700E-09	5.800E-09	3.485E+00	
11	9	6	1	0.000E+00	5.000E-08	3.400E-09	2.000E-10	3.522E+00	2.883E+02	2.894E+02	8.420E-08	1.152E-07	1.700E-09	1.400E-09	7.000E-10	0.000E+00	3.521E+00	
12	8	6	1	0.000E+00	1.000E-08	1.000E-09	2.000E-09	3.516E+00	2.887E+02	2.898E+02	8.110E-08	1.065E-07	4.300E-09	8.000E-10	3.200E-09	7.000E-10	3.515E+00	
13	7	7	1	0.000E+00	2.000E-08	2.500E-09	6.000E-10	3.550E+00	2.891E+02	2.905E+02	7.810E-08	1.055E-07	2.700E-09	1.700E-09	2.900E-09	0.000E+00	3.549E+00	
14	8	7	1	0.000E+00	3.000E-08	1.400E-09	0.000E+00	3.508E+00	2.885E+02	2.896E+02	8.570E-08	1.127E-07	4.700E-09	6.000E-10	1.500E-09	3.000E-10	3.508E+00	
15	9	7	1	0.000E+00	0.000E+00	6.100E-09	6.200E-09	3.540E+00	2.877E+02	2.888E+02	8.710E-08	1.190E-07	2.900E-09	2.100E-09	4.200E-09	5.200E-09	3.540E+00	
16	10	7	1	0.000E+00	3.000E-08	1.300E-09	2.000E-10	3.503E+00	2.876E+02	2.887E+02	8.830E-08	1.206E-07	4.200E-09	1.000E-09	2.400E-09	3.700E-09	3.502E+00	
17	11	7	1	1.000E-03	4.000E-08	2.500E-09	5.000E-09	3.533E+00	2.871E+02	2.882E+02	8.690E-08	1.181E-07	3.800E-09	8.100E-09	3.400E-09	2.800E-09	3.532E+00	
18	12	7	1	0.000E+00	0.000E+00	8.000E-10	1.600E-09	3.619E+00	2.869E+02	2.877E+02	8.370E-08	1.122E-07	4.100E-09	5.000E-09	9.000E-10	3.500E-09	3.618E+00	
19	13	7	1	0.000E+00	3.000E-08	4.000E-09	1.100E-09	3.593E+00	2.874E+02	2.881E+02	7.840E-08	1.091E-07	5.700E-09	2.000E-10	4.500E-09	2.200E-09	3.593E+00	
20	14	7	1	1.000E-03	0.000E+00	5.000E-09	1.300E-09	3.091E+00	2.881E+02	2.892E+02	1.059E-07	1.435E-07	3.800E-09	6.700E-09	1.100E-09	3.800E-09	3.091E+00	
21	15	7	1	0.000E+00	2.000E-08	3.200E-09	4.700E-09	2.881E+00	2.887E+02	2.900E+02	1.244E-07	1.673E-07	4.900E-09	6.600E-09	3.100E-09	4.000E-09	2.881E+00	
22	16	8	1	0.000E+00	0.000E+00	4.200E-09	6.000E-10	2.743E+00	2.880E+02	2.896E+02	1.351E-07	1.822E-07	4.100E-09	1.000E-09	2.000E-10	1.100E-09	2.742E+00	
23	15	8	1	0.000E+00	1.000E-08	2.000E-10	5.400E-09	2.916E+00	2.883E+02	2.893E+02	1.218E-07	1.658E-07	5.600E-09	1.040E-08	3.700E-09	2.600E-09	2.917E+00	
24	14	8	1	0.000E+00	2.000E-08	4.000E-10	8.000E-10	3.259E+00	2.878E+02	2.887E+02	9.520E-08	1.299E-07	3.400E-09	2.000E-09	0.000E+00	3.000E-10	3.260E+00	
25	13	8	1	0.000E+00	0.000E+00	1.200E-09	5.000E-10	3.622E+00	2.871E+02	2.877E+02	8.110E-08	1.087E-07	5.100E-09	5.000E-09	1.900E-09	4.300E-09	3.623E+00	
26	12	8	1	0.000E+00	2.000E-08	2.400E-09	3.700E-09	3.558E+00	2.869E+02	2.879E+02	8.410E-08	1.160E-07	3.000E-09	3.000E-10	2.200E-09	6.000E-10	3.557E+00	
27	11	8	1	0.000E+00	3.000E-08	1.000E-10	9.000E-10	3.520E+00	2.871E+02	2.881E+02	8.830E-08	1.178E-07	4.300E-09	2.000E-10	2.500E-09	1.000E-10	3.519E+00	
28	10	8	1	1.000E-03	0.000E+00	2.100E-09	1.800E-09	3.522E+00	2.873E+02	2.883E+02	8.810E-08	1.210E-07	1.100E-09	1.700E-09	1.000E-09	7.000E-10	3.522E+00	
29	9	8	1	1.000E-03	0.000E+00	9.000E-10	4.200E-09	3.531E+00	2.874E+02	2.885E+02	8.920E-08	1.194E-07	7.700E-09	2.800E-09	3.400E-09	3.800E-09	3.531E+00	
30	8	8	1	0.000E+00	2.000E-08	2.700E-09	3.000E-10	3.500E+00	2.880E+02	2.891E+02	8.750E-08	1.188E-07	2.100E-09	5.000E-10	8.000E-10	2.800E-09	3.501E+00	
31	7	8	1	0.000E+00	1.000E-08	0.000E+00	5.900E-09	3.484E+00	2.894E+02	2.905E+02	8.250E-08	1.109E-07	6.500E-09	8.500E-09	3.000E-09	1.000E-09	3.484E+00	
32	6	9	1	0.000E+00	0.000E+00	7.000E-10	2.300E-09	3.544E+00	2.893E+02	2.905E+02	7.880E-08	1.048E-07	6.500E-09	0.000E+00	3.300E-09	6.300E-09	3.544E+00	
33	7	9	1	0.000E+00	0.000E+00	1.500E-09	6.000E-10	3.483E+00	2.885E+02	2.897E+02	8.580E-08	1.166E-07	3.000E-09	2.900E-09	2.100E-09	1.000E-09	3.483E+00	
34	8	9	1	0.000E+00	1.000E-08	2.000E-10	3.800E-09	3.516E+00	2.878E+02	2.888E+02	8.780E-08	1.193E-07	4.000E-09	7.900E-09	3.100E-09	2.300E-09	3.515E+00	
35	9	9	1	0.000E+00	1.000E-08	5.300E-09	1.300E-09	3.533E+00	2.871E+02	2.883E+02	8.920E-08	1.214E-07	3.900E-09	4.200E-09	1.700E-09	3.200E-09	3.533E+00	
36	10	9	1	0.000E+00	1.000E-08	9.000E-10	0.000E+00	3.500E+00	2.873E+02	2.885E+02	8.880E-08	1.191E-07	4.200E-09	4.000E-09	1.300E-09	3.500E-09	3.500E+00	
37	11	9	1	0.000E+00	0.000E+00	1.000E-09	5.100E-09	3.516E+00	2.877E+02	2.887E+02	8.700E-08	1.189E-07	7.000E-10	5.000E-10	5.200E-09	3.900E-09	3.517E+00	
38	12	9	1	0.000E+00	1.000E-08	3.400E-09	2.700E-09	3.571E+00	2.875E+02	2.887E+02	8.520E-08	1.161E-07	2.000E-10	3.500E-09	4.500E-09	6.100E-09	3.571E+00	
39	13	9	1	0.000E+00	0.000E+00	1.900E-09	6.100E-09	3.615E+00	2.874E+02	2.882E+02	8.200E-08	1.108E-07	7.900E-09	4.700E-09	3.300E-09	7.000E-10	3.616E+00	
40	14	9	1	1.000E-03	1.000E-08	1.100E-09	1.000E-09	3.453E+00	2.876E+02	2.884E+02	8.490E-08	1.167E-07	4.200E-09	3.400E-09	1.200E-09	7.000E-10	3.452E+00	
41	15	9	1	0.000E+00	1.000E-08	5.000E-10	3.000E-10	3.104E+00	2.878E+02	2.890E+02	1.129E-07	1.532E-07	2.600E-09	0.000E+00	8.000E-10	0.000E+00	3.104E+00	
42	16	9	1	0.000E+00	1.000E-08	1.600E-09	5.000E-10	2.789E+00	2.871E+02	2.885E+02	1.358E-07	1.834E-07	3.600E-09	4.500E-09	3.600E-09	9.000E-10	2.788E+00	
43	16	10	1	0.000E+00	1.000E-08	3.500E-09	0.000E+00	2.860E+00	2.871E+02	2.884E+02	1.310E-07	1.785E-07	1.900E-09	4.200E-09	1.200E-09	1.300E-09	2.859E+00	
44	15	10	1	0.000E+00	0.000E+00	3.000E-10	1.900E-09	3.223E+00	2.875E+02	2.886E+02	1.051E-07	1.433E-07	2.300E-09	4.000E-10	1.200E-09	1.600E-09	3.224E+00	
45	14	10	1	0.000E+00	6.000E-08	2.800E-09	2.800E-09	3.600E+00	2.875E+02	2.883E+02	8.240E-08	1.116E-07	7.900E-09	6.400E-09	1.600E-09	8.000E-10	3.601E+00	
46	13	10	1	0.000E+00	0.000E+00	0.000E+00	8.000E-10	3.611E+00	2.878E+02	2.888E+02	8.330E-08	1.139E-07	5.000E-09	3.200E-09	1.100E-09	5.300E-09	3.611E+00	
47	12	10	1	0.000E+00	0.000E+00	3.100E-09	9.000E-10	3.575E+00	2.877E+02	2.890E+02	8.630E-08	1.161E-07	3.900E-09	2.300E-09	8.000E-10	1.600E-09	3.575E+00	
48	11	10	1	1.000E-03	1.000E-08	2.300E-09	8.000E-10	3.544E+00	2.878E+02	2.889E+02	8.790E-08	1.178E-07	3.200E-09	2.300E-09	4.000E-10	3.700E-09	3.543E+00	
49	10	10	1	0.000E+00	2.000E-08	2.100E-09	4.600E-09	3.523E+00	2.877E+02	2.889E+02	8.840E-08	1.207E-07	7.600E-09	3.800E-09	5.900E-09	3.300E-09	3.524E+00	
50	9	10	1	0.000E+00	1.000E-08	2.500E-09	8.000E-10	3.521E+00	2.871E+02	2.885E+02	8.910E-08	1.221E-07	0.000E+00	2.200E-09	1.800E-09	5.000E-10	3.522E+00	
51	8	10	1	1.000E-03	0.000E+00	0.000E+00	8.000E-10	3.533E+00	2.873E+02	2.885E+02	8.950E-08	1.188E-07	5.900E-09	1.700E-09	1.300E-09	5.000E-10	3.534E+00	
52	7	10	1	0.000E+00	1.000E-08	1.600E-09	1.400E-09	3.490E+00	2.881E+02	2.892E+02	8.830E-08	1.184E-07	4.600E-09	4.300E-09	2.500E-09	1.500E-09	3.491E+00	
53	6	10	1	0.000E+00	0.000E+00	7.000E-10	3.100E-09	3.521E+00	2.891E+02	2.903E+02	8.150E-08	1.102E-07	5.700E-09	8.300E-09	5.400E-09	6.100E-09	3.521E+00	
54	6	11	1	0.000E+00	4.000E-08	1.700E-09	1.000E-09	3.518E+00	2.886E+02	2.898E+02	8.470E-08	1.144E-07	7.900E-09	7.000E-09	9.000E-10	4.700E-09	3.518E+00	
55	7	11	1	1.000E-03	2.000E-08	5.800E-09	3.300E-09	3.517E+00	2.878E+02	2.889E+02	8.880E-08	1.205E-07	6.000E-10	2.200E-09	5.800E-09	3.500E-09	3.517E+00	
56	8	11	1	0.000E+00	0.000E+00	3.200E-09	2.900E-09	3.529E+00	2.873E+02	2.884E+02	8.870E-08	1.227E-07	4.900E-09	2.800E-09	2.000E-10	1.400E-09	3.530E+00	
57	9	11	1	0.000E+00	0.000E+00	1.600E-09	7.000E-10	3.547E+00	2.878E+02	2.889E+02	8.970E-08	1.225E-07	1.000E-10	0.000E+00	4.200E-09	5.000E-10	3.548E+00	
58	10	11	1	0.000E+00	0.000E+00	2.200E-09	7.000E-10	3.551E+00	2.878E+02	2.889E+02	9.060E-08	1.232E-07	3.000E-09	1.100E-09	6.600E-09	1.800E-09	3.551E+00	
59	11	11	1	0.000E+00	1.000E-08	2.500E-09	1.200E-09	3.540E+00	2.876E+02	2.888E+02	8.880E-08	1.190E-07	4.900E-09	3.900E-09	1.000E-10	2.000E-10	3.539E+00	
60	12	11	1	0.000E+00	1.000E-08	4.200E-09	1.000E-10	3.588E+00	2.877E+02	2.889E+02	8.700E-08	1.182E-07	1.400E-09	1.400E-09	2.600E-09	1.200E-09	3.587E+00	
61	13	11	1	1.000E-03	3.000E-08	1.200E-09	2.000E-10	3.593E+00	2.878E+02	2.889E+02	8.760E-08	1.151E-07	3.700E-09	1.800E-09	1.900E-09	3.400E-09	3.593E+00	
62	14	11	1	0.000E+00	1.000E-08	0.000E+00	5.000E-09	3.660E+00	2.877E+02	2.885E+02	8.250E-08	1.108E-07	1.700E-09	4.000E-09	1.900E-09	8.200E-09	3.660E+00	
63	15	11	1	0.000E+00	1.000E-08	1.000E-10	3.800E-09	3.387E+00	2.872E+02	2.881E+02	9.400E-08	1.297E-07	4.900E-09	2.400E-09	4.100E-09	5.500E-09	3.387E+00	
64	16	11	1	0.000E+00	2.000E-08	1.500E-09	7.000E-10	2.997E+00	2.871E+02	2.883E+02	1.217E-07	1.670E-07	1.000E-09	2.100E-09	5.700E-09	1.400E-09	2.996E+00	
65	17	11	1	0.000E+00	0.000E+00	2.900E-09	4.600E-09	2.791E+00	2.870E+02	2.885E+02	1.340E-07	1.802E-07	6.400E-09	4.100E-09	1.700E-09	2.800E-09	2.791E+00	
66	17	12	1	0.000E+00	0.000E+00	9.000E-10	4.200E-09	2.854E+00	2.867E+02	2.878E+02	1.300E-07	1.793E-07	3.000E-09	2.000E-09	2.400E-09	5.400E-09	2.853E+00	
67	16	12	1	0.000E+00	0.000E+00	6.200E-09	8.000E-10	3.067E+00	2.868E+02	2.878E+02	1.157E-07	1.596E-07	1.000E-10	2.400E-09	1.600E-09	5.000E-10	3.067E+00	
68	15	12	1	0.000E+00	0.000E+00	2.200E-09	8.300E-09	3.489E+00	2.870E+02	2.878E+02	8.860E-08	1.219E-07	9.000E-10	1.100E-09	5.100E-09	6.500E-09	3.489E+00	
69	14	12	1	0.000E+00	0.000E+00	1.600E-09	3.000E-10	3.637E+00	2.877E+02	2.884E+02	8.400E-08	1.142E-07	2.200E-09	2.100E-09	1.400E-09	1.000E-10	3.639E+00	
70	13	12	1	1.000E-03	0.000E+00	7.000E-10	1.500E-09	3.561E+00	2.877E+02	2.887E+02	8.890E-08	1.167E-07	3.200E-09	2.000E-10	1.400E-09	4.000E-10	3.561E+00	
71	12	12	1	1.000E-03	1.000E-08	4.400E-09	7.600E-09	3.551E+00	2.876E+02	2.889E+02	8.790E-08	1.196E-07	1.700E-09	2.400E-09	4.900E-09	5.000E-09	3.551E+00	
72	11	12	1	0.000E+00	3.000E-08	3.400E-09	1.500E-09	3.537E+00	2.876E+02	2.887E+02	8.950E-08	1.211E-07	8.000E-10	2.000E-09	6.000E-10	0.000E+00	3.537E+00	
73	10	12	1	0.000E+00	3.000E-08	1.000E-09	0.000E+00	3.532E+00	2.877E+02	2.889E+02	9.140E-08	1.210E-07	3.900E-09	2.600E-09	1.900E-09	1.500E-09	3.532E+00	
74	9	12	1	0.000E+00	1.000E-08	4.900E-09	1.900E-09	3.537E+00	2.877E+02	2.889E+02	9.100E-08	1.235E-07	1.900E-09	4.000E-10	4.400E-09	6.500E-09	3.537E+00	
75	8	12	1	0.000E+00	0.000E+00	4.000E-10	1.000E-10	3.538E+00	2.872E+02	2.883E+02	9.040E-08	1.214E-07	3.000E-09	8.000E-10	1.000E-09	1.400E-09	3.538E+00	
76	7	12	1	1.000E-03	0.000E+00	5.000E-10	4.500E-09	3.516E+00	2.876E+02	2.887E+02	9.030E-08	1.208E-07	2.500E-09	7.000E-10	7.000E-10	6.000E-09	3.516E+00	
77	6	12	1	0.000E+00	1.000E-08	3.000E-10	1.000E-10	3.499E+00	2.885E+02	2.896E+02	8.670E-08	1.152E-07	4.400E-09	1.700E-09	0.000E+00	2.400E-09	3.499E+00	
78	5	12	1	1.000E-03	0.000E+00	1.000E-10	3.400E-09	3.562E+00	2.853E+02	2.868E+02	7.580E-08	1.025E-07	5.800E-09	7.800E-09	2.300E-09	2.100E-09	3.562E+00	
79	5	13	1	0.000E+00	0.000E+00	1.300E-09	2.500E-09	3.569E+00	2.861E+02	2.875E+02	7.440E-08	1.000E-07	2.900E-09	5.800E-09	3.000E-10	2.600E-09	3.569E+00	
80	6	13	1	0.000E+00	0.000E+00	2.000E-10	5.500E-09	3.496E+00	2.884E+02	2.895E+02	8.670E-08	1.169E-07	3.700E-09	7.500E-09	2.300E-09	3.900E-09	3.496E+00	
81	7	13	1	0.000E+00	2.000E-08	1.300E-09	2.800E-09	3.517E+00	2.875E+02	2.885E+02	8.940E-08	1.211E-07	6.200E-09	4.900E-09	2.300E-09	4.300E-09	3.517E+00	
82	8	13	1	0.000E+00	3.000E-08	3.200E-09	5.100E-09	3.533E+00	2.870E+02	2.880E+02	9.120E-08	1.240E-07	3.800E-09	1.200E-09	2.900E-09	1.300E-09	3.534E+00	
83	9	13	1	0.000E+00	0.000E+00	3.000E-10	4.800E-09	3.563E+00	2.877E+02	2.888E+02	9.030E-08	1.242E-07	5.700E-09	2.200E-09	4.100E-09	5.200E-09	3.563E+00	
84	10	13	1	0.000E+00	2.000E-08	5.000E-10	7.000E-10	3.538E+00	2.878E+02	2.888E+02	9.120E-08	1.238E-07	0.000E+00	3.000E-10	5.000E-09	1.100E-09	3.538E+00	
85	11	13	1	1.000E-03	3.000E-08	2.000E-10	1.100E-09	3.531E+00	2.876E+02	2.887E+02	9.120E-08	1.231E-07	2.100E-09	3.800E-09	2.600E-09	2.500E-09	3.531E+00	
86	12	13	1	0.000E+00	2.000E-08	5.500E-09	2.000E-10	3.563E+00	2.874E+02	2.886E+02	9.030E-08	1.222E-07	2.700E-09	1.400E-09	3.200E-09	1.100E-09	3.562E+00	
87	13	13	1	0.000E+00	0.000E+00	2.000E-10	7.700E-09	3.570E+00	2.874E+02	2.885E+02	8.840E-08	1.193E-07	3.200E-09	5.600E-09	1.200E-09	5.000E-09	3.570E+00	
88	14	13	1	0.000E+00	0.000E+00	7.000E-10	2.600E-09	3.628E+00	2.874E+02	2.882E+02	8.560E-08	1.165E-07	4.700E-09	7.600E-09	1.900E-09	5.000E-09	3.628E+00	
89	15	13	1	0.000E+00	3.000E-08	4.900E-09	2.900E-09	3.591E+00	2.867E+02	2.876E+02	8.650E-08	1.178E-07	3.100E-09	1.600E-09	4.500E-09	3.200E-09	3.591E+00	
90	16	13	1	0.000E+00	1.000E-08	6.000E-10	4.700E-09	3.169E+00	2.865E+02	2.875E+02	1.090E-07	1.505E-07	7.500E-09	1.400E-09	2.700E-09	7.300E-09	3.169E+00	
91	17	13	1	1.000E-03	2.000E-08	2.600E-09	5.000E-10	2.921E+00	2.867E+02	2.878E+02	1.278E-07	1.758E-07	1.900E-09	1.500E-09	5.100E-09	1.600E-09	2.920E+00	
92	17	14	1	0.000E+00	0.000E+00	5.000E-10	7.200E-09	2.926E+00	2.869E+02	2.879E+02	1.273E-07	1.712E-07	5.700E-09	2.100E-09	2.000E-10	2.900E-09	2.928E+00	
93	16	14	1	0.000E+00	2.000E-08	3.000E-10	1.500E-09	3.161E+00	2.867E+02	2.877E+02	1.094E-07	1.500E-07	7.500E-09	5.600E-09	1.800E-09	3.000E-09	3.162E+00	
94	15	14	1	1.000E-03	0.000E+00	2.000E-10	5.600E-09	3.603E+00	2.867E+02	2.875E+02	8.680E-08	1.173E-07	3.400E-09	4.900E-09	2.200E-09	5.800E-09	3.603E+00	
95	14	14	1	0.000E+00	0.000E+00	2.600E-09	6.100E-09	3.627E+00	2.873E+02	2.880E+02	8.620E-08	1.178E-07	6.500E-09	2.500E-09	5.000E-09	7.600E-09	3.627E+00	
96	13	14	1	0.000E+00	0.000E+00	7.000E-10	1.900E-09	3.571E+00	2.873E+02	2.884E+02	8.920E-08	1.212E-07	8.000E-10	3.000E-10	5.800E-09	4.000E-10	3.571E+00	
97	12	14	1	1.000E-03	0.000E+00	3.400E-09	1.800E-09	3.560E+00	2.873E+02	2.885E+02	8.950E-08	1.209E-07	2.900E-09	5.100E-09	5.000E-10	1.100E-09	3.560E+00	
98	11	14	1	0.000E+00	2.000E-08	2.000E-09	0.000E+00	3.538E+00	2.874E+02	2.885E+02	9.070E-08	1.226E-07	3.700E-09	0.000E+00	2.100E-09	1.000E-10	3.539E+00	
99	10	14	1	1.000E-03	2.000E-08	4.000E-10	6.100E-09	3.548E+00	2.874E+02	2.886E+02	9.180E-08	1.227E-07	6.100E-09	2.300E-09	2.100E-09	4.700E-09	3.547E+00	
100	9	14	1	0.000E+00	2.000E-08	2.200E-09	0.000E+00	3.557E+00	2.876E+02	2.887E+02	9.170E-08	1.241E-07	5.000E-10	3.000E-10	6.000E-10	0.000E+00	3.557E+00	
101	8	14	1	1.000E-03	0.000E+00	1.000E-10	1.000E-09	3.526E+00	2.870E+02	2.881E+02	9.200E-08	1.226E-07	3.700E-09	7.000E-10	9.000E-10	4.000E-10	3.525E+00	
102	7	14	1	0.000E+00	0.000E+00	4.500E-09	3.800E-09	3.503E+00	2.875E+02	2.885E+02	8.960E-08	1.218E-07	2.800E-09	2.700E-09	6.800E-09	6.500E-09	3.503E+00	
103	6	14	1	0.000E+00	1.000E-08	3.800E-09	7.000E-10	3.498E+00	2.885E+02	2.896E+02	8.520E-08	1.149E-07	2.700E-09	7.600E-09	1.100E-09	1.100E-09	3.497E+00	
104	5	14	1	1.000E-03	0.000E+00	1.200E-09	2.500E-09	3.613E+00	2.853E+02	2.869E+02	7.360E-08	9.680E-08	3.900E-09	6.300E-09	7.000E-10	5.000E-10	3.613E+00	
105	5	15	7	0.000E+00	0.000E+00	3.800E-09	2.000E-10	3.693E+00	1.749E+02									
106	6	15	1	0.000E+00	3.000E-08	1.800E-09	6.200E-09	3.541E+00	2.884E+02	2.895E+02	8.290E-08	1.107E-07	6.000E-09	4.700E-09	2.900E-09	6.300E-09	3.541E+00	
107	7	15	1	0.000E+00	2.000E-08	9.000E-10	5.100E-09	3.508E+00	2.873E+02	2.885E+02	8.960E-08	1.196E-07	1.700E-09	4.000E-10	2.400E-09	8.200E-09	3.508E+00	
108	8	15	1	0.000E+00	0.000E+00	1.000E-10	5.000E-10	3.534E+00	2.868E+02	2.878E+02	9.100E-08	1.245E-07	4.000E-10	2.200E-09	6.800E-09	0.000E+00	3.535E+00	
109	9	15	1	0.000E+00	1.000E-08	6.000E-10	1.300E-09	3.564E+00	2.873E+02	2.885E+02	9.210E-08	1.221E-07	2.900E-09	1.800E-09	2.000E-09	0.000E+00	3.564E+00	
110	10	15	1	0.000E+00	1.000E-08	1.500E-09	2.900E-09	3.577E+00	2.873E+02	2.885E+02	9.150E-08	1.242E-07	1.500E-09	3.000E-10	3.600E-09	1.600E-09	3.577E+00	
111	11	15	1	0.000E+00	0.000E+00	1.400E-09	6.000E-09	3.569E+00	2.874E+02	2.885E+02	8.970E-08	1.194E-07	5.900E-09	4.300E-09	1.800E-09	2.500E-09	3.570E+00	
112	12	15	1	0.000E+00	4.000E-08	4.100E-09	3.200E-09	3.608E+00	2.876E+02	2.887E+02	8.790E-08	1.191E-07	7.000E-10	8.000E-10	4.900E-09	2.200E-09	3.608E+00	
113	13	15	1	0.000E+00	1.000E-08	2.600E-09	3.700E-09	3.596E+00	2.873E+02	2.884E+02	8.850E-08	1.210E-07	3.000E-09	1.700E-09	7.200E-09	3.700E-09	3.597E+00	
114	14	15	1	1.000E-03	1.000E-08	2.800E-09	1.900E-09	3.636E+00	2.872E+02	2.879E+02	8.640E-08	1.166E-07	3.900E-09	5.000E-10	1.800E-09	1.200E-09	3.637E+00	
115	15	15	1	0.000E+00	2.000E-08	1.100E-09	3.600E-09	3.581E+00	2.865E+02	2.874E+02	8.900E-08	1.203E-07	1.500E-09	8.700E-09	6.000E-10	6.000E-09	3.581E+00	
116	16	15	1	0.000E+00	0.000E+00	0.000E+00	5.400E-09	3.131E+00	2.868E+02	2.878E+02	1.112E-07	1.536E-07	6.900E-09	4.000E-10	3.300E-09	8.400E-09	3.130E+00	
117	17	15	1	0.000E+00	2.000E-08	0.000E+00	4.600E-09	2.920E+00	2.869E+02	2.879E+02	1.273E-07	1.749E-07	8.100E-09	5.600E-09	1.700E-09	3.000E-09	2.920E+00	
118	16	16	1	0.000E+00	0.000E+00	1.400E-09	4.700E-09	3.040E+00	2.868E+02	2.877E+02	1.180E-07	1.602E-07	6.400E-09	5.000E-10	2.100E-09	2.700E-09	3.039E+00	
119	15	16	1	1.000E-03	0.000E+00	5.000E-09	1.000E-10	3.487E+00	2.864E+02	2.874E+02	9.170E-08	1.252E-07	3.100E-09	9.000E-10	2.600E-09	4.000E-10	3.488E+00	
120	14	16	1	1.000E-03	0.000E+00	1.500E-09	1.400E-09	3.637E+00	2.870E+02	2.877E+02	8.620E-08	1.144E-07	3.900E-09	3.700E-09	1.600E-09	1.700E-09	3.638E+00	
121	13	16	1	0.000E+00	1.000E-08	2.000E-09	2.000E-10	3.597E+00	2.873E+02	2.884E+02	8.940E-08	1.187E-07	1.600E-09	3.500E-09	7.000E-10	5.100E-09	3.597E+00	
122	12	16	1	0.000E+00	1.000E-08	5.000E-10	7.700E-09	3.602E+00	2.875E+02	2.886E+02	8.770E-08	1.203E-07	5.700E-09	2.700E-09	2.500E-09	5.700E-09	3.601E+00	
123	11	16	1	0.000E+00	2.000E-08	2.000E-10	5.200E-09	3.582E+00	2.872E+02	2.884E+02	8.890E-08	1.222E-07	5.300E-09	3.900E-09	3.700E-09	3.200E-09	3.582E+00	
124	10	16	1	1.000E-03	1.000E-08	1.100E-09	6.100E-09	3.568E+00	2.872E+02	2.884E+02	9.150E-08	1.228E-07	4.700E-09	3.300E-09	2.500E-09	6.700E-09	3.568E+00	
125	9	16	1	0.000E+00	0.000E+00	3.100E-09	1.800E-09	3.540E+00	2.870E+02	2.883E+02	8.940E-08	1.219E-07	4.000E-10	1.000E-10	3.500E-09	1.500E-09	3.539E+00	
126	8	16	1	0.000E+00	0.000E+00	3.600E-09	3.800E-09	3.528E+00	2.867E+02	2.877E+02	8.880E-08	1.214E-07	5.000E-10	2.100E-09	4.100E-09	8.500E-09	3.528E+00	
127	7	16	1	0.000E+00	3.000E-08	4.000E-09	3.300E-09	3.516E+00	2.871E+02	2.882E+02	8.710E-08	1.189E-07	1.100E-09	3.100E-09	3.000E-10	2.000E-09	3.515E+00	
128	6	16	1	0.000E+00	0.000E+00	8.000E-10	1.500E-09	3.620E+00	2.885E+02	2.892E+02	7.760E-08	1.045E-07	1.300E-09	0.000E+00	3.400E-09	2.000E-10	3.619E+00	
129	6	17	1	0.000E+00	2.000E-08	2.700E-09	4.000E-09	3.749E+00	2.878E+02	2.883E+02	7.360E-08	9.920E-08	8.600E-09	8.000E-09	1.900E-09	1.200E-09	3.749E+00	
130	7	17	1	0.000E+00	0.000E+00	5.000E-10	3.300E-09	3.555E+00	2.870E+02	2.880E+02	8.490E-08	1.153E-07	1.900E-09	2.200E-09	4.700E-09	1.300E-09	3.555E+00	
131	8	17	1	0.000E+00	2.000E-08	9.000E-10	1.700E-09	3.541E+00	2.868E+02	2.880E+02	8.940E-08	1.193E-07	1.300E-09	2.100E-09	2.000E-09	3.100E-09	3.541E+00	
132	9	17	1	0.000E+00	0.000E+00	1.100E-09	3.000E-09	3.561E+00	2.868E+02	2.879E+02	8.920E-08	1.189E-07	3.800E-09	2.200E-09	2.500E-09	3.700E-09	3.560E+00	
133	10	17	1	0.000E+00	2.000E-08	1.800E-09	2.000E-09	3.557E+00	2.870E+02	2.881E+02	8.930E-08	1.221E-07	6.400E-09	5.900E-09	3.500E-09	2.900E-09	3.558E+00	
134	11	17	1	0.000E+00	2.000E-08	1.500E-09	2.900E-09	3.579E+00	2.873E+02	2.884E+02	8.920E-08	1.209E-07	5.500E-09	6.400E-09	1.800E-09	4.100E-09	3.579E+00	
135	12	17	1	0.000E+00	1.000E-08	1.300E-09	7.000E-10	3.593E+00	2.875E+02	2.886E+02	8.920E-08	1.210E-07	1.100E-09	1.500E-09	1.800E-09	3.000E-10	3.593E+00	
136	13	17	1	0.000E+00	0.000E+00	3.300E-09	2.500E-09	3.587E+00	2.873E+02	2.883E+02	8.780E-08	1.198E-07	2.000E-09	3.600E-09	6.400E-09	4.000E-10	3.587E+00	
137	14	17	1	0.000E+00	3.000E-08	2.000E-10	4.000E-10	3.689E+00	2.866E+02	2.873E+02	8.570E-08	1.129E-07	3.000E-09	3.300E-09	6.000E-10	2.400E-09	3.689E+00	
138	15	17	1	0.000E+00	1.000E-08	5.000E-10	1.000E-09	3.432E+00	2.867E+02	2.876E+02	9.540E-08	1.270E-07	2.500E-09	4.000E-10	2.300E-09	4.000E-10	3.433E+00	
139	16	17	1	0.000E+00	0.000E+00	4.100E-09	1.000E-09	3.006E+00	2.869E+02	2.877E+02	1.232E-07	1.683E-07	3.000E-10	9.000E-10	6.200E-09	9.000E-10	3.007E+00	
140	16	18	1	0.000E+00	4.000E-08	3.000E-10	4.500E-09	2.993E+00	2.876E+02	2.887E+02	1.243E-07	1.671E-07	7.000E-10	3.000E-10	1.900E-09	9.600E-09	2.993E+00	
141	15	18	1	0.000E+00	0.000E+00	2.300E-09	5.000E-10	3.362E+00	2.874E+02	2.883E+02	9.770E-08	1.334E-07	9.000E-10	2.000E-10	4.000E-09	1.500E-09	3.362E+00	
142	14	18	1	0.000E+00	1.000E-08	1.000E-09	3.000E-09	3.696E+00	2.871E+02	2.875E+02	8.270E-08	1.121E-07	2.100E-09	2.300E-09	5.300E-09	7.000E-10	3.696E+00	
143	13	18	1	0.000E+00	1.000E-08	7.000E-10	1.000E-10	3.632E+00	2.871E+02	2.880E+02	8.620E-08	1.155E-07	2.900E-09	4.900E-09	2.000E-10	4.000E-09	3.631E+00	
144	12	18	1	0.000E+00	2.000E-08	2.700E-09	3.400E-09	3.609E+00	2.874E+02	2.884E+02	8.740E-08	1.186E-07	6.100E-09	6.600E-09	1.500E-09	2.700E-09	3.608E+00	
145	11	18	1	0.000E+00	2.000E-08	2.100E-09	8.000E-10	3.573E+00	2.872E+02	2.881E+02	8.890E-08	1.211E-07	1.800E-09	2.000E-10	1.000E-09	0.000E+00	3.573E+00	
146	10	18	1	0.000E+00	0.000E+00	1.000E-10	2.500E-09	3.576E+00	2.869E+02	2.878E+02	9.050E-08	1.195E-07	4.100E-09	4.100E-09	2.400E-09	5.000E-10	3.577E+00	
147	9	18	1	0.000E+00	1.000E-08	5.000E-10	1.100E-09	3.586E+00	2.873E+02	2.883E+02	8.810E-08	1.170E-07	6.200E-09	2.400E-09	2.600E-09	4.000E-10	3.586E+00	
148	8	18	1	0.000E+00	1.000E-08	1.000E-09	5.600E-09	3.570E+00	2.875E+02	2.885E+02	8.450E-08	1.159E-07	8.200E-09	1.000E-09	1.000E-09	8.400E-09	3.569E+00	
149	7	18	1	0.000E+00	0.000E+00	2.800E-09	1.000E-09	3.642E+00	2.874E+02	2.881E+02	7.980E-08	1.088E-07	1.800E-09	2.700E-09	7.000E-10	2.200E-09	3.642E+00	
150	6	18	1	0.000E+00	0.000E+00	0.000E+00	9.000E-10	3.649E+00	2.866E+02	2.881E+02	7.650E-08	1.008E-07	3.500E-09	2.000E-10	1.600E-09	2.000E-09	3.648E+00	
151	7	19	1	0.000E+00	2.000E-08	3.800E-09	7.000E-10	3.759E+00	2.871E+02	2.878E+02	7.460E-08	1.018E-07	6.000E-10	2.500E-09	2.500E-09	2.000E-10	3.759E+00	
152	8	19	1	0.000E+00	0.000E+00	3.400E-09	1.000E-09	3.644E+00	2.880E+02	2.888E+02	8.190E-08	1.112E-07	1.000E-09	0.000E+00	3.800E-09	2.000E-10	3.644E+00	
153	9	19	1	0.000E+00	0.000E+00	2.100E-09	7.000E-10	3.619E+00	2.876E+02	2.885E+02	8.470E-08	1.151E-07	6.500E-09	4.200E-09	1.200E-09	3.600E-09	3.619E+00	
154	10	19	1	1.000E-03	0.000E+00	1.200E-09	1.600E-09	3.608E+00	2.872E+02	2.881E+02	8.730E-08	1.187E-07	1.300E-09	2.500E-09	2.000E-09	2.600E-09	3.608E+00	
155	11	19	1	0.000E+00	1.000E-08	2.700E-09	6.100E-09	3.604E+00	2.873E+02	2.883E+02	8.590E-08	1.178E-07	7.600E-09	2.200E-09	2.700E-09	8.500E-09	3.604E+00	
156	12	19	1	0.000E+00	2.000E-08	5.000E-09	1.000E-10	3.622E+00	2.875E+02	2.885E+02	8.570E-08	1.159E-07	3.300E-09	3.300E-09	4.000E-10	4.900E-09	3.621E+00	
157	13	19	1	0.000E+00	0.000E+00	1.800E-09	1.800E-09	3.634E+00	2.875E+02	2.883E+02	8.350E-08	1.137E-07	2.400E-09	9.000E-10	3.600E-09	0.000E+00	3.635E+00	
158	14	19	1	0.000E+00	0.000E+00	7.000E-10	2.100E-09	3.701E+00	2.875E+02	2.880E+02	8.270E-08	1.088E-07	4.900E-09	6.700E-09	7.000E-10	2.800E-09	3.702E+00	
159	15	19	1	0.000E+00	1.000E-08	4.100E-09	1.800E-09	3.377E+00	2.879E+02	2.890E+02	9.750E-08	1.322E-07	3.400E-09	2.600E-09	1.500E-09	1.000E-10	3.378E+00	
160	15	20	3	0.000E+00	99.99													
161	14	20	3	0.000E+00	99.99													
162	13	20	1	0.000E+00	0.000E+00	2.700E-09	3.400E-09	3.679E+00	2.881E+02	2.886E+02	8.110E-08	1.092E-07	1.900E-09	6.000E-10	3.100E-09	1.400E-09	3.679E+00	
163	12	20	1	0.000E+00	1.000E-08	2.500E-09	1.200E-09	3.640E+00	2.881E+02	2.889E+02	8.370E-08	1.137E-07	1.000E-09	1.000E-10	0.000E+00	2.300E-09	3.639E+00	
164	11	20	1	0.000E+00	2.000E-08	2.200E-09	5.000E-10	3.634E+00	2.879E+02	2.888E+02	8.470E-08	1.149E-07	1.800E-09	6.400E-09	1.500E-09	9.000E-10	3.635E+00	
165	10	20	1	1.000E-03	3.000E-08	1.100E-09	4.500E-09	3.653E+00	2.876E+02	2.885E+02	8.470E-08	1.134E-07	3.900E-09	5.200E-09	3.000E-09	6.800E-09	3.652E+00	
166	9	20	1	0.000E+00	0.000E+00	6.000E-10	6.100E-09	3.695E+00	2.878E+02	2.884E+02	7.950E-08	1.093E-07	0.000E+00	1.500E-09	3.000E-09	6.400E-09	3.695E+00	
167	8	20	1	0.000E+00	0.000E+00	3.000E-09	4.000E-10	3.758E+00	2.874E+02	2.883E+02	7.590E-08	1.020E-07	2.700E-09	1.600E-09	2.200E-09	1.300E-09	3.758E+00	
168	7	20	7	0.000E+00	3.000E-08	2.700E-09	1.000E-09	3.614E+00	1.889E+02									
169	8	21	1	0.000E+00	2.000E-08	7.000E-10	4.500E-09	3.715E+00	2.847E+02	2.874E+02	7.430E-08	1.009E-07	2.100E-09	7.600E-09	2.800E-09	3.700E-09	3.716E+00	
170	9	21	1	1.000E-03	0.000E+00	2.000E-09	0.000E+00	3.814E+00	2.880E+02	2.884E+02	7.370E-08	1.008E-07	1.300E-09	4.000E-10	5.300E-09	5.000E-10	3.814E+00	
171	10	21	1	0.000E+00	3.000E-08	4.500E-09	1.100E-09	3.781E+00	2.883E+02	2.889E+02	7.650E-08	1.031E-07	2.300E-09	4.700E-09	2.100E-09	2.300E-09	3.779E+00	
172	11	21	1	0.000E+00	1.000E-08	1.100E-09	4.700E-09	3.734E+00	2.887E+02	2.892E+02	7.650E-08	1.054E-07	5.700E-09	1.900E-09	5.000E-09	2.200E-09	3.735E+00	
173	12	21	1	0.000E+00	6.000E-08	3.000E-09	1.400E-09	3.741E+00	2.887E+02	2.893E+02	7.860E-08	1.053E-07	2.500E-09	2.000E-10	2.500E-09	1.000E-10	3.740E+00	
174	13	21	1	0.000E+00	3.000E-08	1.000E-09	3.600E-09	3.772E+00	2.887E+02	2.892E+02	7.460E-08	1.027E-07	4.900E-09	3.500E-09	3.500E-09	2.400E-09	3.772E+00	
175	14	21	1	0.000E+00	1.000E-08	6.800E-09	3.700E-09	3.633E+00	2.893E+02	2.902E+02	7.890E-08	1.057E-07	2.000E-10	1.200E-09	4.900E-09	4.600E-09	3.633E+00	
176	12	22	1	0.000E+00	3.000E-08	2.800E-09	6.900E-09	3.846E+00	2.894E+02	2.900E+02	7.150E-08	9.690E-08	5.800E-09	2.900E-09	3.200E-09	5.800E-09	3.846E+00	
177	11	22	1	0.000E+00	2.000E-08	1.800E-09	1.500E-09	3.804E+00	2.893E+02	2.900E+02	7.020E-08	9.640E-08	3.900E-09	5.000E-10	3.300E-09	4.500E-09	3.804E+00	
178	10	22	1	0.000E+00	3.000E-08	3.300E-09	5.000E-10	3.672E+00	2.891E+02	2.901E+02	7.490E-08	1.006E-07	3.700E-09	2.800E-09	7.000E-10	8.000E-10	3.672E+00	
