Program name	ME58P82_G0A89BA.jtf
Lot number	FA55-5183-323A-250510@203
Wafer number	25
Date	2025/05/10
Time	00:06:14

No.U	X	Y	Bin	CONT	IGSS0	IGSS10	ISGS10	VTH0.25	BVDSS0.25	BVDSS10	IDSS240	IDSS250	IGSS16	ISGS16	IGSS18	ISGS18	VTH0.25_2
LimitU				0.500V	99.00uA	100.0nA	100.0nA	4.500V	300.0V	300.0V	800.0nA	800.0nA	200.0nA	200.0nA	200.0nA	200.0nA	4.500V	
LimitL				0V	0A	0A	0A	2.500V	250.0V	250.0V	0A	0A	0A	0A	0A	0A	2.500V	
Bias 1				1.00mA	1.00V	10.0V	10.0V	250uA	250uA	10.0mA	240V	250V	16.0V	16.0V	18.0V	18.0V	250uA
Bias 2				
Bias 3									350V	350V
Bias 4				2.50ms	10.0ms	40.0ms	40.0ms	2.00ms	20.0ms	10.0ms	20.0ms	20.0ms	40.0ms	40.0ms	40.0ms	40.0ms	2.00ms	
Bias 5				
Bias 6				
1	9	5	1	0.000E+00	2.000E-08	4.300E-09	7.000E-10	3.896E+00	2.845E+02	2.864E+02	9.400E-08	1.307E-07	5.900E-09	2.500E-09	1.200E-09	2.000E-10	3.895E+00	
2	10	5	1	0.000E+00	1.000E-08	2.100E-09	1.900E-09	3.675E+00	2.849E+02	2.869E+02	9.630E-08	1.324E-07	2.600E-09	9.000E-10	1.700E-09	3.200E-09	3.674E+00	
3	11	5	1	0.000E+00	0.000E+00	1.300E-09	8.600E-09	3.698E+00	2.853E+02	2.873E+02	9.380E-08	1.290E-07	4.100E-09	7.000E-10	4.100E-09	5.800E-09	3.698E+00	
4	12	5	1	0.000E+00	1.000E-08	3.900E-09	3.600E-09	3.768E+00	2.857E+02	2.878E+02	9.240E-08	1.248E-07	3.400E-09	4.300E-09	1.100E-09	1.700E-09	3.769E+00	
5	13	5	1	0.000E+00	2.000E-08	2.600E-09	9.000E-10	3.718E+00	2.864E+02	2.883E+02	9.120E-08	1.235E-07	5.000E-10	2.800E-09	1.800E-09	1.100E-09	3.719E+00	
6	14	6	1	0.000E+00	1.000E-08	3.000E-10	8.600E-09	3.648E+00	2.859E+02	2.878E+02	9.380E-08	1.269E-07	3.200E-09	8.300E-09	3.600E-09	4.700E-09	3.648E+00	
7	13	6	1	0.000E+00	0.000E+00	1.000E-09	6.400E-09	3.624E+00	2.851E+02	2.871E+02	9.600E-08	1.312E-07	7.400E-09	6.500E-09	3.800E-09	5.100E-09	3.625E+00	
8	12	6	1	1.000E-03	2.000E-08	2.300E-09	5.800E-09	3.665E+00	2.847E+02	2.864E+02	9.700E-08	1.339E-07	2.800E-09	1.300E-09	4.500E-09	5.800E-09	3.665E+00	
9	11	6	1	1.000E-03	1.000E-08	4.000E-10	5.000E-10	3.658E+00	2.841E+02	2.859E+02	9.860E-08	1.363E-07	3.600E-09	3.000E-09	2.700E-09	5.100E-09	3.658E+00	
10	10	6	1	0.000E+00	0.000E+00	3.600E-09	1.900E-09	3.646E+00	2.838E+02	2.858E+02	1.011E-07	1.386E-07	2.700E-09	1.000E-10	4.500E-09	2.500E-09	3.646E+00	
11	9	6	1	0.000E+00	0.000E+00	3.300E-09	2.000E-09	3.677E+00	2.848E+02	2.864E+02	9.710E-08	1.330E-07	3.000E-10	1.600E-09	3.500E-09	1.800E-09	3.676E+00	
12	8	6	1	0.000E+00	0.000E+00	2.000E-09	1.500E-09	3.628E+00	2.849E+02	2.865E+02	9.780E-08	1.301E-07	2.800E-09	1.100E-09	6.000E-10	3.000E-09	3.629E+00	
13	7	7	1	0.000E+00	0.000E+00	1.400E-09	1.600E-09	3.634E+00	2.866E+02	2.881E+02	9.780E-08	1.296E-07	4.400E-09	2.100E-09	9.000E-10	5.700E-09	3.634E+00	
14	8	7	1	0.000E+00	0.000E+00	2.900E-09	2.800E-09	3.623E+00	2.850E+02	2.868E+02	9.940E-08	1.353E-07	8.000E-10	8.000E-10	3.500E-09	2.900E-09	3.623E+00	
15	9	7	1	1.000E-03	2.000E-08	1.500E-09	5.000E-10	3.700E+00	2.842E+02	2.859E+02	9.950E-08	1.395E-07	5.600E-09	1.700E-09	5.200E-09	1.600E-09	3.700E+00	
16	10	7	1	0.000E+00	0.000E+00	2.100E-09	1.300E-09	3.708E+00	2.835E+02	2.853E+02	1.026E-07	1.420E-07	3.700E-09	1.000E-10	1.800E-09	1.400E-09	3.708E+00	
17	11	7	1	0.000E+00	1.000E-08	4.100E-09	1.400E-09	3.707E+00	2.835E+02	2.854E+02	1.021E-07	1.402E-07	1.400E-09	6.300E-09	3.900E-09	2.000E-10	3.707E+00	
18	12	7	1	0.000E+00	2.000E-08	1.300E-09	3.400E-09	3.759E+00	2.840E+02	2.858E+02	1.012E-07	1.378E-07	1.200E-09	9.000E-10	1.800E-09	5.300E-09	3.758E+00	
19	13	7	1	0.000E+00	1.000E-08	1.700E-09	3.200E-09	3.684E+00	2.846E+02	2.864E+02	9.830E-08	1.364E-07	2.500E-09	3.600E-09	7.000E-10	5.100E-09	3.684E+00	
20	14	7	1	0.000E+00	0.000E+00	1.300E-09	1.800E-09	3.628E+00	2.849E+02	2.868E+02	9.830E-08	1.334E-07	5.800E-09	5.600E-09	2.000E-10	2.100E-09	3.628E+00	
21	15	7	1	1.000E-03	4.000E-08	3.000E-10	5.100E-09	3.702E+00	2.856E+02	2.876E+02	9.640E-08	1.290E-07	5.400E-09	1.400E-09	1.400E-09	4.300E-09	3.702E+00	
22	16	8	1	0.000E+00	0.000E+00	1.700E-09	3.800E-09	3.682E+00	2.858E+02	2.878E+02	9.450E-08	1.260E-07	2.800E-09	8.100E-09	1.200E-09	1.700E-09	3.682E+00	
23	15	8	1	0.000E+00	0.000E+00	3.200E-09	9.000E-10	3.650E+00	2.851E+02	2.869E+02	9.710E-08	1.352E-07	4.200E-09	4.000E-10	6.100E-09	1.700E-09	3.650E+00	
24	14	8	1	0.000E+00	2.000E-08	4.500E-09	2.700E-09	3.656E+00	2.847E+02	2.865E+02	1.005E-07	1.376E-07	3.000E-09	3.200E-09	1.600E-09	1.000E-09	3.657E+00	
25	13	8	1	1.000E-03	1.000E-08	3.000E-10	2.100E-09	3.689E+00	2.842E+02	2.860E+02	1.027E-07	1.367E-07	3.100E-09	1.000E-09	1.000E-10	1.000E-09	3.690E+00	
26	12	8	1	0.000E+00	2.000E-08	2.700E-09	4.500E-09	3.720E+00	2.840E+02	2.858E+02	1.022E-07	1.410E-07	1.000E-10	1.700E-09	2.200E-09	6.700E-09	3.721E+00	
27	11	8	1	1.000E-03	1.000E-08	3.900E-09	3.200E-09	3.710E+00	2.836E+02	2.855E+02	1.040E-07	1.430E-07	2.000E-09	3.000E-10	2.100E-09	2.800E-09	3.710E+00	
28	10	8	1	0.000E+00	1.000E-08	4.300E-09	1.900E-09	3.703E+00	2.836E+02	2.854E+02	1.042E-07	1.437E-07	1.100E-09	1.200E-09	1.800E-09	1.000E-09	3.703E+00	
29	9	8	1	0.000E+00	3.000E-08	1.500E-09	0.000E+00	3.681E+00	2.839E+02	2.856E+02	1.038E-07	1.409E-07	1.400E-09	2.700E-09	2.400E-09	2.100E-09	3.680E+00	
30	8	8	1	0.000E+00	1.000E-08	1.200E-09	3.000E-10	3.628E+00	2.845E+02	2.862E+02	1.028E-07	1.410E-07	2.300E-09	2.300E-09	2.000E-10	1.800E-09	3.629E+00	
31	7	8	1	0.000E+00	1.000E-08	3.000E-10	3.500E-09	3.587E+00	2.864E+02	2.879E+02	9.950E-08	1.318E-07	4.000E-10	3.000E-10	7.000E-10	4.300E-09	3.587E+00	
32	6	9	1	1.000E-03	2.000E-08	4.900E-09	5.000E-10	3.605E+00	2.876E+02	2.892E+02	9.630E-08	1.292E-07	1.100E-09	2.000E-10	2.200E-09	5.000E-10	3.604E+00	
33	7	9	1	0.000E+00	0.000E+00	4.300E-09	2.500E-09	3.602E+00	2.858E+02	2.875E+02	1.016E-07	1.380E-07	2.900E-09	2.100E-09	2.100E-09	1.000E-09	3.601E+00	
34	8	9	1	0.000E+00	0.000E+00	9.000E-10	1.000E-10	3.661E+00	2.846E+02	2.861E+02	1.047E-07	1.434E-07	2.000E-10	1.000E-09	4.000E-09	1.600E-09	3.661E+00	
35	9	9	1	0.000E+00	2.000E-08	3.800E-09	5.000E-10	3.724E+00	2.840E+02	2.858E+02	1.047E-07	1.436E-07	7.000E-10	1.400E-09	2.200E-09	6.000E-10	3.724E+00	
36	10	9	1	0.000E+00	2.000E-08	1.100E-09	2.100E-09	3.724E+00	2.844E+02	2.864E+02	1.050E-07	1.437E-07	1.200E-09	1.100E-09	5.300E-09	7.000E-10	3.723E+00	
37	11	9	1	0.000E+00	3.000E-08	1.300E-09	2.400E-09	3.733E+00	2.849E+02	2.869E+02	1.041E-07	1.395E-07	4.700E-09	8.000E-10	7.000E-10	6.000E-10	3.734E+00	
38	12	9	1	0.000E+00	1.000E-08	2.000E-10	0.000E+00	3.738E+00	2.850E+02	2.868E+02	1.047E-07	1.417E-07	6.000E-10	3.900E-09	5.000E-10	0.000E+00	3.738E+00	
39	13	9	1	0.000E+00	0.000E+00	7.000E-10	3.700E-09	3.722E+00	2.846E+02	2.864E+02	1.044E-07	1.386E-07	2.300E-09	2.700E-09	2.000E-10	1.000E-09	3.724E+00	
40	14	9	1	1.000E-03	0.000E+00	3.400E-09	1.000E-09	3.712E+00	2.843E+02	2.861E+02	1.028E-07	1.399E-07	9.000E-10	1.400E-09	3.200E-09	1.400E-09	3.711E+00	
41	15	9	1	0.000E+00	0.000E+00	8.000E-10	0.000E+00	3.717E+00	2.845E+02	2.864E+02	1.018E-07	1.364E-07	3.000E-09	3.500E-09	9.000E-10	1.200E-09	3.717E+00	
42	16	9	1	0.000E+00	2.000E-08	3.300E-09	0.000E+00	3.658E+00	2.852E+02	2.871E+02	9.620E-08	1.307E-07	2.500E-09	5.200E-09	2.000E-09	3.500E-09	3.658E+00	
43	16	10	1	0.000E+00	1.000E-08	2.400E-09	1.900E-09	3.680E+00	2.847E+02	2.864E+02	9.730E-08	1.348E-07	6.900E-09	1.000E-09	2.200E-09	6.400E-09	3.680E+00	
44	15	10	1	0.000E+00	1.000E-08	2.700E-09	3.400E-09	3.768E+00	2.843E+02	2.860E+02	1.021E-07	1.390E-07	4.500E-09	6.700E-09	1.300E-09	3.600E-09	3.769E+00	
45	14	10	1	0.000E+00	0.000E+00	3.000E-10	7.800E-09	3.727E+00	2.848E+02	2.865E+02	1.023E-07	1.407E-07	7.100E-09	9.000E-10	3.000E-09	6.900E-09	3.727E+00	
46	13	10	1	0.000E+00	0.000E+00	1.900E-09	3.300E-09	3.721E+00	2.856E+02	2.873E+02	1.042E-07	1.408E-07	5.200E-09	4.300E-09	1.900E-09	4.000E-10	3.720E+00	
47	12	10	1	0.000E+00	2.000E-08	2.300E-09	1.000E-10	3.768E+00	2.859E+02	2.877E+02	1.051E-07	1.408E-07	8.000E-10	1.000E-09	3.900E-09	6.000E-10	3.768E+00	
48	11	10	1	0.000E+00	1.000E-08	3.300E-09	5.200E-09	3.739E+00	2.862E+02	2.879E+02	1.046E-07	1.405E-07	1.000E-09	1.000E-10	7.400E-09	2.800E-09	3.739E+00	
49	10	10	1	0.000E+00	1.000E-08	0.000E+00	3.600E-09	3.732E+00	2.858E+02	2.878E+02	1.041E-07	1.413E-07	5.000E-09	2.800E-09	3.800E-09	7.000E-10	3.733E+00	
50	9	10	1	0.000E+00	3.000E-08	7.000E-10	4.000E-09	3.728E+00	2.847E+02	2.866E+02	1.055E-07	1.426E-07	2.900E-09	6.900E-09	2.700E-09	3.400E-09	3.729E+00	
51	8	10	1	0.000E+00	2.000E-08	2.800E-09	6.200E-09	3.675E+00	2.846E+02	2.863E+02	1.038E-07	1.432E-07	1.800E-09	1.600E-09	3.900E-09	7.300E-09	3.675E+00	
52	7	10	1	1.000E-03	2.000E-08	1.000E-09	2.000E-10	3.613E+00	2.855E+02	2.871E+02	1.021E-07	1.396E-07	5.400E-09	2.800E-09	2.700E-09	5.700E-09	3.613E+00	
53	6	10	1	0.000E+00	0.000E+00	2.000E-10	1.900E-09	3.598E+00	2.869E+02	2.885E+02	9.860E-08	1.306E-07	2.500E-09	1.100E-09	1.600E-09	3.300E-09	3.597E+00	
54	6	11	1	1.000E-03	3.000E-08	0.000E+00	2.900E-09	3.613E+00	2.861E+02	2.877E+02	9.820E-08	1.341E-07	5.400E-09	3.200E-09	1.500E-09	3.400E-09	3.612E+00	
55	7	11	1	0.000E+00	2.000E-08	4.400E-09	2.500E-09	3.655E+00	2.850E+02	2.867E+02	1.040E-07	1.412E-07	2.500E-09	0.000E+00	4.500E-09	2.800E-09	3.655E+00	
56	8	11	1	1.000E-03	1.000E-08	1.400E-09	1.400E-09	3.700E+00	2.845E+02	2.864E+02	1.061E-07	1.420E-07	2.300E-09	3.900E-09	4.000E-10	5.700E-09	3.700E+00	
57	9	11	1	0.000E+00	1.000E-08	2.900E-09	3.400E-09	3.762E+00	2.856E+02	2.875E+02	1.065E-07	1.422E-07	3.700E-09	9.000E-09	8.000E-10	5.200E-09	3.762E+00	
58	10	11	1	0.000E+00	0.000E+00	3.000E-09	1.000E-09	3.740E+00	2.862E+02	2.880E+02	1.071E-07	1.433E-07	3.600E-09	1.000E-10	2.800E-09	3.000E-10	3.740E+00	
59	11	11	1	0.000E+00	0.000E+00	1.200E-09	8.100E-09	3.750E+00	2.861E+02	2.878E+02	1.046E-07	1.415E-07	8.400E-09	1.100E-09	4.700E-09	6.600E-09	3.750E+00	
60	12	11	1	0.000E+00	0.000E+00	3.300E-09	2.400E-09	3.788E+00	2.860E+02	2.877E+02	1.062E-07	1.422E-07	2.400E-09	4.800E-09	4.700E-09	2.000E-10	3.788E+00	
61	13	11	1	0.000E+00	0.000E+00	4.000E-09	1.000E-09	3.746E+00	2.859E+02	2.876E+02	1.049E-07	1.414E-07	3.100E-09	1.500E-09	2.500E-09	3.500E-09	3.746E+00	
62	14	11	1	0.000E+00	2.000E-08	4.000E-10	8.000E-10	3.748E+00	2.857E+02	2.872E+02	1.045E-07	1.382E-07	3.500E-09	4.000E-09	2.100E-09	1.800E-09	3.747E+00	
63	15	11	1	1.000E-03	2.000E-08	4.500E-09	4.700E-09	3.799E+00	2.844E+02	2.859E+02	1.025E-07	1.403E-07	4.200E-09	4.000E-10	5.100E-09	4.800E-09	3.800E+00	
64	16	11	1	0.000E+00	1.000E-08	2.100E-09	3.100E-09	3.722E+00	2.839E+02	2.858E+02	1.003E-07	1.390E-07	3.400E-09	3.800E-09	3.000E-10	4.100E-09	3.721E+00	
65	17	11	1	0.000E+00	1.000E-08	3.900E-09	2.900E-09	3.737E+00	2.840E+02	2.861E+02	9.560E-08	1.334E-07	5.500E-09	3.600E-09	1.300E-09	2.700E-09	3.737E+00	
66	17	12	1	0.000E+00	0.000E+00	9.000E-10	4.000E-10	3.702E+00	2.838E+02	2.856E+02	1.002E-07	1.374E-07	3.100E-09	2.200E-09	2.600E-09	9.000E-10	3.701E+00	
67	16	12	1	0.000E+00	2.000E-08	2.000E-09	8.000E-10	3.714E+00	2.837E+02	2.854E+02	1.039E-07	1.397E-07	3.500E-09	3.000E-10	3.100E-09	2.200E-09	3.716E+00	
68	15	12	1	0.000E+00	1.000E-08	1.900E-09	5.100E-09	3.760E+00	2.846E+02	2.860E+02	1.026E-07	1.409E-07	7.800E-09	5.700E-09	2.100E-09	3.300E-09	3.760E+00	
69	14	12	1	0.000E+00	0.000E+00	5.000E-10	5.800E-09	3.748E+00	2.859E+02	2.877E+02	1.040E-07	1.382E-07	1.400E-09	7.400E-09	2.300E-09	2.800E-09	3.748E+00	
70	13	12	1	0.000E+00	2.000E-08	2.200E-09	5.800E-09	3.750E+00	2.860E+02	2.877E+02	1.045E-07	1.409E-07	5.000E-10	2.900E-09	2.100E-09	8.200E-09	3.751E+00	
71	12	12	1	0.000E+00	1.000E-08	6.500E-09	2.900E-09	3.766E+00	2.858E+02	2.877E+02	1.045E-07	1.399E-07	2.900E-09	9.000E-10	4.400E-09	4.500E-09	3.766E+00	
72	11	12	1	0.000E+00	1.000E-08	4.000E-10	2.300E-09	3.753E+00	2.860E+02	2.876E+02	1.061E-07	1.420E-07	1.400E-09	2.800E-09	1.800E-09	1.000E-09	3.753E+00	
73	10	12	1	0.000E+00	1.000E-08	1.800E-09	1.200E-09	3.744E+00	2.861E+02	2.880E+02	1.070E-07	1.432E-07	2.100E-09	8.000E-10	2.000E-09	1.100E-09	3.743E+00	
74	9	12	1	0.000E+00	0.000E+00	2.900E-09	2.900E-09	3.738E+00	2.860E+02	2.878E+02	1.079E-07	1.417E-07	3.700E-09	1.500E-09	1.000E-09	6.000E-10	3.738E+00	
75	8	12	1	0.000E+00	1.000E-08	0.000E+00	1.900E-09	3.692E+00	2.845E+02	2.864E+02	1.074E-07	1.432E-07	5.100E-09	3.200E-09	1.400E-09	3.500E-09	3.693E+00	
76	7	12	1	0.000E+00	1.000E-08	7.000E-10	8.200E-09	3.665E+00	2.848E+02	2.865E+02	1.033E-07	1.423E-07	7.000E-09	1.800E-09	3.200E-09	4.800E-09	3.666E+00	
77	6	12	1	0.000E+00	0.000E+00	5.000E-10	6.300E-09	3.618E+00	2.860E+02	2.873E+02	1.007E-07	1.354E-07	4.000E-09	8.300E-09	2.500E-09	3.900E-09	3.618E+00	
78	5	12	1	0.000E+00	1.000E-08	2.600E-09	5.000E-09	3.582E+00	2.840E+02	2.861E+02	9.310E-08	1.267E-07	9.000E-10	1.000E-09	4.300E-09	7.000E-09	3.581E+00	
79	5	13	1	0.000E+00	0.000E+00	4.800E-09	3.000E-10	3.574E+00	2.841E+02	2.864E+02	9.460E-08	1.287E-07	7.000E-10	2.800E-09	2.300E-09	0.000E+00	3.575E+00	
80	6	13	1	0.000E+00	2.000E-08	3.000E-10	6.000E-10	3.622E+00	2.859E+02	2.873E+02	1.020E-07	1.365E-07	4.000E-10	3.800E-09	3.000E-10	3.600E-09	3.622E+00	
81	7	13	1	0.000E+00	0.000E+00	2.800E-09	1.800E-09	3.684E+00	2.846E+02	2.862E+02	1.050E-07	1.426E-07	2.500E-09	4.000E-10	2.500E-09	2.100E-09	3.684E+00	
82	8	13	1	0.000E+00	1.000E-08	7.000E-10	3.000E-09	3.713E+00	2.843E+02	2.862E+02	1.086E-07	1.440E-07	3.000E-09	2.100E-09	1.000E-09	9.000E-10	3.713E+00	
83	9	13	1	0.000E+00	0.000E+00	1.000E-09	1.600E-09	3.752E+00	2.857E+02	2.876E+02	1.090E-07	1.431E-07	5.400E-09	4.200E-09	7.000E-10	1.500E-09	3.752E+00	
84	10	13	1	0.000E+00	3.000E-08	1.300E-09	1.900E-09	3.758E+00	2.861E+02	2.878E+02	1.061E-07	1.437E-07	4.500E-09	2.700E-09	5.900E-09	1.000E-09	3.758E+00	
85	11	13	1	0.000E+00	0.000E+00	1.000E-09	4.500E-09	3.771E+00	2.859E+02	2.876E+02	1.064E-07	1.419E-07	2.600E-09	7.100E-09	2.800E-09	3.200E-09	3.771E+00	
86	12	13	1	1.000E-03	1.000E-08	4.100E-09	1.900E-09	3.788E+00	2.857E+02	2.875E+02	1.061E-07	1.424E-07	1.000E-10	3.000E-09	6.000E-10	3.300E-09	3.788E+00	
87	13	13	1	0.000E+00	0.000E+00	2.800E-09	2.400E-09	3.759E+00	2.860E+02	2.877E+02	1.048E-07	1.412E-07	3.500E-09	6.000E-10	3.000E-09	6.000E-10	3.760E+00	
88	14	13	1	0.000E+00	0.000E+00	2.600E-09	0.000E+00	3.755E+00	2.861E+02	2.879E+02	1.036E-07	1.380E-07	3.600E-09	4.400E-09	0.000E+00	1.800E-09	3.755E+00	
89	15	13	1	0.000E+00	2.000E-08	1.000E-09	2.100E-09	3.782E+00	2.848E+02	2.862E+02	1.031E-07	1.406E-07	1.800E-09	2.000E-10	2.500E-09	2.400E-09	3.782E+00	
90	16	13	1	0.000E+00	3.000E-08	0.000E+00	3.400E-09	3.723E+00	2.836E+02	2.853E+02	1.026E-07	1.407E-07	5.700E-09	6.900E-09	3.000E-10	3.600E-09	3.723E+00	
91	17	13	1	0.000E+00	5.000E-08	7.000E-10	8.000E-10	3.715E+00	2.839E+02	2.857E+02	1.002E-07	1.359E-07	2.600E-09	5.400E-09	2.100E-09	4.400E-09	3.716E+00	
92	17	14	1	0.000E+00	2.000E-08	4.000E-09	4.200E-09	3.728E+00	2.839E+02	2.856E+02	9.890E-08	1.362E-07	2.000E-09	1.700E-09	3.900E-09	1.700E-09	3.728E+00	
93	16	14	1	0.000E+00	0.000E+00	3.000E-10	7.400E-09	3.721E+00	2.837E+02	2.854E+02	1.022E-07	1.418E-07	6.100E-09	1.000E-10	4.400E-09	4.700E-09	3.721E+00	
94	15	14	1	0.000E+00	1.000E-08	3.500E-09	5.000E-10	3.766E+00	2.849E+02	2.864E+02	1.043E-07	1.403E-07	2.700E-09	3.700E-09	9.000E-10	2.100E-09	3.766E+00	
95	14	14	1	0.000E+00	2.000E-08	2.800E-09	1.000E-10	3.745E+00	2.864E+02	2.880E+02	1.042E-07	1.396E-07	1.100E-09	1.100E-09	2.500E-09	3.000E-10	3.745E+00	
96	13	14	1	0.000E+00	1.000E-08	2.200E-09	5.700E-09	3.753E+00	2.859E+02	2.878E+02	1.060E-07	1.405E-07	2.000E-10	0.000E+00	1.900E-09	6.800E-09	3.754E+00	
97	12	14	1	0.000E+00	0.000E+00	0.000E+00	3.800E-09	3.776E+00	2.857E+02	2.876E+02	1.053E-07	1.386E-07	2.200E-09	1.000E-09	1.000E-10	2.300E-09	3.776E+00	
98	11	14	1	0.000E+00	0.000E+00	2.000E-09	7.200E-09	3.763E+00	2.860E+02	2.877E+02	1.051E-07	1.415E-07	5.100E-09	2.500E-09	1.800E-09	7.500E-09	3.762E+00	
99	10	14	1	1.000E-03	1.000E-08	3.000E-10	5.200E-09	3.758E+00	2.860E+02	2.878E+02	1.063E-07	1.434E-07	6.200E-09	3.000E-09	4.400E-09	2.500E-09	3.759E+00	
100	9	14	1	0.000E+00	0.000E+00	3.600E-09	1.300E-09	3.756E+00	2.856E+02	2.875E+02	1.071E-07	1.436E-07	1.600E-09	2.000E-09	4.000E-09	2.300E-09	3.756E+00	
101	8	14	1	0.000E+00	1.000E-08	1.300E-09	9.000E-09	3.717E+00	2.843E+02	2.861E+02	1.063E-07	1.453E-07	9.000E-10	2.000E-10	3.800E-09	5.200E-09	3.718E+00	
102	7	14	1	1.000E-03	2.000E-08	7.000E-10	1.500E-09	3.677E+00	2.847E+02	2.864E+02	1.060E-07	1.418E-07	2.200E-09	4.200E-09	6.000E-10	3.200E-09	3.677E+00	
103	6	14	1	0.000E+00	0.000E+00	2.000E-10	8.000E-10	3.603E+00	2.858E+02	2.873E+02	1.017E-07	1.371E-07	5.700E-09	7.400E-09	2.200E-09	3.500E-09	3.602E+00	
104	5	14	1	0.000E+00	0.000E+00	4.700E-09	1.200E-09	3.586E+00	2.843E+02	2.865E+02	9.480E-08	1.287E-07	5.000E-10	1.800E-09	4.300E-09	1.900E-09	3.586E+00	
105	5	15	1	1.000E-03	4.000E-08	2.100E-09	7.000E-10	3.642E+00	2.836E+02	2.857E+02	9.400E-08	1.268E-07	2.000E-10	2.200E-09	1.700E-09	2.000E-09	3.643E+00	
106	6	15	1	0.000E+00	0.000E+00	3.000E-10	1.300E-09	3.643E+00	2.860E+02	2.874E+02	1.004E-07	1.372E-07	1.600E-09	9.000E-10	2.100E-09	1.200E-09	3.642E+00	
107	7	15	1	0.000E+00	0.000E+00	5.200E-09	1.400E-09	3.682E+00	2.847E+02	2.864E+02	1.049E-07	1.423E-07	2.700E-09	3.100E-09	2.500E-09	7.000E-10	3.683E+00	
108	8	15	1	0.000E+00	1.000E-08	3.500E-09	2.000E-09	3.717E+00	2.841E+02	2.860E+02	1.057E-07	1.456E-07	3.400E-09	2.000E-09	9.000E-10	2.000E-10	3.716E+00	
109	9	15	1	0.000E+00	2.000E-08	1.100E-09	3.600E-09	3.755E+00	2.854E+02	2.873E+02	1.077E-07	1.436E-07	4.000E-09	7.200E-09	1.800E-09	6.600E-09	3.755E+00	
110	10	15	7	1.000E-03	2.000E-08	4.300E-09	5.000E-09	3.716E+00	2.215E+02									
111	11	15	1	0.000E+00	0.000E+00	1.200E-09	3.000E-10	3.777E+00	2.860E+02	2.878E+02	1.062E-07	1.413E-07	1.200E-09	2.300E-09	1.000E-10	2.100E-09	3.776E+00	
112	12	15	1	1.000E-03	0.000E+00	4.900E-09	1.400E-09	3.802E+00	2.860E+02	2.879E+02	1.044E-07	1.401E-07	1.600E-09	7.100E-09	1.500E-09	1.000E-09	3.802E+00	
113	13	15	1	1.000E-03	2.000E-08	2.600E-09	2.500E-09	3.769E+00	2.862E+02	2.880E+02	1.072E-07	1.419E-07	4.000E-09	7.800E-09	1.900E-09	4.700E-09	3.770E+00	
114	14	15	1	0.000E+00	0.000E+00	1.400E-09	1.000E-10	3.749E+00	2.861E+02	2.878E+02	1.055E-07	1.387E-07	3.500E-09	3.000E-10	1.700E-09	1.100E-09	3.749E+00	
115	15	15	1	0.000E+00	2.000E-08	1.700E-09	3.800E-09	3.793E+00	2.846E+02	2.860E+02	1.034E-07	1.433E-07	5.800E-09	3.700E-09	4.400E-09	3.600E-09	3.793E+00	
116	16	15	1	1.000E-03	3.000E-08	1.700E-09	1.800E-09	3.731E+00	2.837E+02	2.853E+02	1.017E-07	1.425E-07	5.900E-09	1.400E-09	5.200E-09	1.700E-09	3.730E+00	
117	17	15	1	0.000E+00	2.000E-08	3.300E-09	3.000E-10	3.759E+00	2.834E+02	2.853E+02	9.980E-08	1.386E-07	3.000E-10	2.500E-09	2.000E-10	1.400E-09	3.759E+00	
118	16	16	1	0.000E+00	0.000E+00	5.000E-10	6.400E-09	3.713E+00	2.839E+02	2.857E+02	1.034E-07	1.401E-07	4.000E-10	4.500E-09	4.000E-10	5.600E-09	3.714E+00	
119	15	16	1	1.000E-03	1.000E-08	4.000E-10	4.200E-09	3.752E+00	2.844E+02	2.859E+02	1.029E-07	1.429E-07	4.900E-09	2.400E-09	2.300E-09	5.300E-09	3.752E+00	
120	14	16	1	0.000E+00	1.000E-08	1.000E-09	3.300E-09	3.745E+00	2.857E+02	2.873E+02	1.040E-07	1.416E-07	5.900E-09	3.300E-09	3.900E-09	2.100E-09	3.746E+00	
121	13	16	1	0.000E+00	3.000E-08	3.700E-09	1.000E-10	3.753E+00	2.862E+02	2.879E+02	1.062E-07	1.425E-07	6.000E-10	6.000E-10	4.700E-09	3.300E-09	3.754E+00	
122	12	16	1	0.000E+00	1.000E-08	3.300E-09	3.000E-10	3.767E+00	2.861E+02	2.880E+02	1.065E-07	1.433E-07	1.000E-09	4.000E-10	3.500E-09	1.000E-10	3.767E+00	
123	11	16	1	1.000E-03	1.000E-08	3.000E-09	1.500E-09	3.747E+00	2.860E+02	2.879E+02	1.072E-07	1.426E-07	2.500E-09	4.900E-09	2.100E-09	1.300E-09	3.747E+00	
124	10	16	1	1.000E-03	0.000E+00	2.600E-09	8.200E-09	3.739E+00	2.861E+02	2.879E+02	1.073E-07	1.442E-07	3.000E-09	8.000E-10	5.700E-09	6.600E-09	3.738E+00	
125	9	16	1	0.000E+00	1.000E-08	1.800E-09	0.000E+00	3.719E+00	2.849E+02	2.868E+02	1.073E-07	1.443E-07	1.900E-09	1.600E-09	1.100E-09	3.000E-10	3.719E+00	
126	8	16	1	0.000E+00	0.000E+00	1.000E-09	2.200E-09	3.703E+00	2.840E+02	2.858E+02	1.058E-07	1.457E-07	4.500E-09	2.500E-09	6.000E-10	3.900E-09	3.703E+00	
127	7	16	1	0.000E+00	1.000E-08	2.200E-09	6.000E-10	3.666E+00	2.848E+02	2.864E+02	1.043E-07	1.432E-07	9.000E-10	6.000E-10	3.200E-09	1.800E-09	3.666E+00	
128	6	16	1	0.000E+00	0.000E+00	4.300E-09	4.000E-09	3.636E+00	2.862E+02	2.876E+02	9.920E-08	1.347E-07	1.600E-09	2.100E-09	5.000E-09	4.000E-09	3.636E+00	
129	6	17	1	0.000E+00	0.000E+00	6.000E-10	3.700E-09	3.673E+00	2.864E+02	2.878E+02	9.910E-08	1.314E-07	2.800E-09	4.000E-10	2.000E-10	2.100E-09	3.673E+00	
130	7	17	1	1.000E-03	3.000E-08	1.000E-09	5.000E-09	3.660E+00	2.848E+02	2.863E+02	1.032E-07	1.421E-07	1.100E-09	1.600E-09	4.000E-09	6.700E-09	3.660E+00	
131	8	17	1	0.000E+00	2.000E-08	3.900E-09	3.000E-10	3.699E+00	2.839E+02	2.857E+02	1.073E-07	1.461E-07	3.000E-09	4.700E-09	2.800E-09	7.000E-10	3.700E+00	
132	9	17	1	0.000E+00	1.000E-08	8.000E-10	4.300E-09	3.727E+00	2.843E+02	2.862E+02	1.083E-07	1.457E-07	2.700E-09	5.100E-09	2.500E-09	6.400E-09	3.728E+00	
133	10	17	1	0.000E+00	0.000E+00	2.300E-09	1.400E-09	3.725E+00	2.855E+02	2.874E+02	1.072E-07	1.444E-07	2.500E-09	8.000E-10	4.100E-09	1.400E-09	3.725E+00	
134	11	17	1	1.000E-03	0.000E+00	4.300E-09	5.300E-09	3.738E+00	2.860E+02	2.878E+02	1.068E-07	1.429E-07	4.400E-09	1.400E-09	5.100E-09	5.800E-09	3.738E+00	
135	12	17	1	0.000E+00	1.000E-08	2.400E-09	1.000E-09	3.766E+00	2.861E+02	2.878E+02	1.066E-07	1.428E-07	1.000E-09	8.000E-10	2.000E-10	1.500E-09	3.766E+00	
136	13	17	1	1.000E-03	3.000E-08	3.400E-09	1.400E-09	3.759E+00	2.858E+02	2.875E+02	1.052E-07	1.427E-07	2.200E-09	7.000E-10	2.300E-09	1.700E-09	3.759E+00	
137	14	17	1	0.000E+00	0.000E+00	8.000E-10	5.400E-09	3.759E+00	2.848E+02	2.865E+02	1.053E-07	1.416E-07	1.800E-09	5.900E-09	7.000E-10	4.900E-09	3.758E+00	
138	15	17	1	0.000E+00	1.000E-08	1.700E-09	2.300E-09	3.767E+00	2.844E+02	2.861E+02	1.047E-07	1.406E-07	3.500E-09	9.000E-10	4.000E-10	3.000E-10	3.767E+00	
139	16	17	1	1.000E-03	0.000E+00	1.300E-09	4.900E-09	3.724E+00	2.848E+02	2.864E+02	9.960E-08	1.374E-07	5.700E-09	5.200E-09	1.900E-09	8.000E-10	3.726E+00	
140	16	18	1	1.000E-03	0.000E+00	3.000E-10	3.500E-09	3.747E+00	2.856E+02	2.872E+02	9.590E-08	1.329E-07	4.100E-09	2.200E-09	5.500E-09	1.300E-09	3.747E+00	
141	15	18	1	0.000E+00	0.000E+00	3.200E-09	2.500E-09	3.731E+00	2.851E+02	2.869E+02	1.022E-07	1.390E-07	4.200E-09	7.000E-10	2.800E-09	9.000E-10	3.731E+00	
142	14	18	1	0.000E+00	2.000E-08	5.700E-09	0.000E+00	3.746E+00	2.847E+02	2.865E+02	1.038E-07	1.424E-07	3.000E-10	1.600E-09	2.300E-09	1.400E-09	3.748E+00	
143	13	18	1	0.000E+00	1.000E-08	8.000E-10	2.300E-09	3.757E+00	2.850E+02	2.867E+02	1.048E-07	1.410E-07	1.700E-09	4.200E-09	0.000E+00	1.700E-09	3.756E+00	
144	12	18	1	0.000E+00	0.000E+00	4.000E-09	7.000E-10	3.770E+00	2.852E+02	2.870E+02	1.045E-07	1.418E-07	2.900E-09	1.500E-09	2.100E-09	5.000E-10	3.770E+00	
145	11	18	1	1.000E-03	0.000E+00	2.300E-09	3.200E-09	3.741E+00	2.852E+02	2.870E+02	1.043E-07	1.429E-07	5.600E-09	2.000E-09	1.200E-09	3.500E-09	3.741E+00	
146	10	18	1	1.000E-03	2.000E-08	2.800E-09	6.000E-10	3.721E+00	2.846E+02	2.864E+02	1.070E-07	1.450E-07	6.700E-09	4.200E-09	4.000E-10	6.000E-10	3.722E+00	
147	9	18	1	0.000E+00	0.000E+00	3.500E-09	3.100E-09	3.734E+00	2.842E+02	2.859E+02	1.072E-07	1.462E-07	3.000E-10	3.000E-10	6.500E-09	1.700E-09	3.734E+00	
148	8	18	1	0.000E+00	3.000E-08	1.800E-09	5.000E-09	3.688E+00	2.840E+02	2.857E+02	1.078E-07	1.446E-07	2.400E-09	2.500E-09	1.200E-09	2.500E-09	3.689E+00	
149	7	18	1	1.000E-03	2.000E-08	8.000E-10	4.800E-09	3.653E+00	2.851E+02	2.865E+02	1.029E-07	1.402E-07	4.800E-09	7.200E-09	3.300E-09	4.100E-09	3.653E+00	
150	6	18	1	0.000E+00	1.000E-08	2.900E-09	1.400E-09	3.691E+00	2.859E+02	2.877E+02	9.600E-08	1.301E-07	3.600E-09	4.600E-09	9.000E-10	4.900E-09	3.691E+00	
151	7	19	1	0.000E+00	0.000E+00	2.000E-10	9.000E-10	3.687E+00	2.854E+02	2.867E+02	1.018E-07	1.389E-07	1.400E-09	0.000E+00	2.100E-09	2.000E-10	3.687E+00	
152	8	19	1	0.000E+00	0.000E+00	1.000E-09	5.000E-10	3.685E+00	2.841E+02	2.859E+02	1.052E-07	1.449E-07	1.000E-10	0.000E+00	4.500E-09	1.300E-09	3.686E+00	
153	9	19	1	0.000E+00	0.000E+00	2.600E-09	2.500E-09	3.747E+00	2.844E+02	2.862E+02	1.060E-07	1.437E-07	3.200E-09	4.000E-09	1.000E-10	5.000E-10	3.746E+00	
154	10	19	1	1.000E-03	0.000E+00	2.300E-09	3.100E-09	3.733E+00	2.844E+02	2.861E+02	1.070E-07	1.439E-07	4.900E-09	2.200E-09	1.000E-10	2.000E-09	3.734E+00	
155	11	19	1	0.000E+00	2.000E-08	1.300E-09	3.900E-09	3.762E+00	2.846E+02	2.863E+02	1.049E-07	1.431E-07	6.200E-09	5.300E-09	3.300E-09	2.400E-09	3.762E+00	
156	12	19	1	1.000E-03	0.000E+00	2.400E-09	3.100E-09	3.821E+00	2.849E+02	2.865E+02	1.050E-07	1.413E-07	1.200E-09	2.200E-09	1.000E-10	3.900E-09	3.821E+00	
157	13	19	1	0.000E+00	0.000E+00	2.800E-09	8.000E-10	3.770E+00	2.850E+02	2.868E+02	1.018E-07	1.407E-07	4.500E-09	1.300E-09	3.000E-10	1.400E-09	3.770E+00	
158	14	19	1	0.000E+00	1.000E-08	1.600E-09	6.100E-09	3.734E+00	2.855E+02	2.871E+02	1.007E-07	1.386E-07	4.600E-09	2.200E-09	3.000E-09	4.900E-09	3.734E+00	
159	15	19	1	1.000E-03	0.000E+00	1.100E-09	7.000E-10	3.783E+00	2.858E+02	2.874E+02	9.890E-08	1.359E-07	1.900E-09	2.000E-09	6.400E-09	1.200E-09	3.784E+00	
160	15	20	1	0.000E+00	0.000E+00	1.000E-10	3.000E-10	3.821E+00	2.864E+02	2.881E+02	9.420E-08	1.281E-07	1.900E-09	1.000E-10	4.000E-10	2.000E-09	3.821E+00	
161	14	20	1	1.000E-03	3.000E-08	0.000E+00	2.900E-09	3.745E+00	2.861E+02	2.877E+02	9.750E-08	1.328E-07	5.300E-09	7.300E-09	3.400E-09	3.500E-09	3.747E+00	
162	13	20	1	0.000E+00	1.000E-08	3.000E-10	4.700E-09	3.742E+00	2.856E+02	2.873E+02	1.013E-07	1.362E-07	1.100E-09	2.500E-09	2.200E-09	8.700E-09	3.742E+00	
163	12	20	1	0.000E+00	0.000E+00	2.700E-09	1.400E-09	3.764E+00	2.854E+02	2.871E+02	9.980E-08	1.383E-07	4.800E-09	2.300E-09	1.500E-09	6.500E-09	3.764E+00	
164	11	20	1	0.000E+00	0.000E+00	1.900E-09	2.100E-09	3.725E+00	2.849E+02	2.867E+02	1.030E-07	1.405E-07	5.300E-09	6.000E-09	3.000E-09	2.000E-10	3.726E+00	
165	10	20	1	0.000E+00	0.000E+00	3.200E-09	1.000E-09	3.705E+00	2.846E+02	2.863E+02	1.043E-07	1.433E-07	2.200E-09	8.000E-10	5.300E-09	8.000E-10	3.705E+00	
166	9	20	1	0.000E+00	2.000E-08	2.900E-09	6.000E-10	3.700E+00	2.849E+02	2.865E+02	1.028E-07	1.408E-07	3.000E-10	1.000E-09	5.300E-09	3.700E-09	3.699E+00	
167	8	20	1	0.000E+00	2.000E-08	4.300E-09	4.000E-10	3.711E+00	2.847E+02	2.866E+02	1.007E-07	1.380E-07	1.900E-09	5.700E-09	7.000E-10	3.000E-10	3.712E+00	
168	7	20	1	0.000E+00	3.000E-08	5.300E-09	1.900E-09	3.761E+00	2.843E+02	2.863E+02	9.830E-08	1.351E-07	7.000E-10	3.700E-09	5.000E-10	2.200E-09	3.761E+00	
169	8	21	1	0.000E+00	0.000E+00	4.000E-09	6.000E-10	3.803E+00	2.824E+02	2.849E+02	9.720E-08	1.362E-07	5.400E-09	9.000E-10	1.900E-09	3.600E-09	3.803E+00	
170	9	21	1	0.000E+00	0.000E+00	2.900E-09	3.700E-09	3.794E+00	2.851E+02	2.867E+02	9.930E-08	1.359E-07	5.700E-09	4.100E-09	4.000E-09	9.000E-10	3.794E+00	
171	10	21	3	0.000E+00	99.99													
172	11	21	1	0.000E+00	2.000E-08	1.000E-10	6.000E-10	3.760E+00	2.854E+02	2.872E+02	9.960E-08	1.332E-07	3.400E-09	5.900E-09	1.700E-09	3.500E-09	3.760E+00	
173	12	21	1	0.000E+00	1.000E-08	1.700E-09	1.300E-09	3.807E+00	2.859E+02	2.875E+02	9.680E-08	1.329E-07	3.300E-09	4.100E-09	8.000E-10	4.800E-09	3.806E+00	
174	13	21	1	0.000E+00	1.000E-08	5.000E-10	2.200E-09	3.787E+00	2.863E+02	2.880E+02	9.670E-08	1.318E-07	3.000E-09	5.200E-09	1.500E-09	1.700E-09	3.787E+00	
175	14	21	1	0.000E+00	0.000E+00	3.700E-09	1.000E-10	3.822E+00	2.868E+02	2.885E+02	9.340E-08	1.273E-07	2.000E-10	0.000E+00	3.500E-09	2.000E-09	3.822E+00	
176	12	22	1	0.000E+00	2.000E-08	2.800E-09	3.000E-09	3.915E+00	2.867E+02	2.885E+02	9.170E-08	1.250E-07	6.600E-09	1.100E-09	3.000E-09	8.000E-09	3.915E+00	
177	11	22	1	0.000E+00	1.000E-08	5.000E-10	4.900E-09	3.859E+00	2.864E+02	2.881E+02	9.170E-08	1.266E-07	4.500E-09	4.200E-09	3.500E-09	9.000E-10	3.861E+00	
178	10	22	1	0.000E+00	1.000E-08	2.600E-09	2.900E-09	3.831E+00	2.855E+02	2.873E+02	9.420E-08	1.296E-07	1.500E-09	2.000E-10	1.600E-09	1.100E-09	3.831E+00	
