Program name	ME58P82_G0A89BA.jtf
Lot number	FA55-5183-323A-250509@203
Wafer number	24
Date	2025/05/09
Time	23:59:32

No.U	X	Y	Bin	CONT	IGSS0	IGSS10	ISGS10	VTH0.25	BVDSS0.25	BVDSS10	IDSS240	IDSS250	IGSS16	ISGS16	IGSS18	ISGS18	VTH0.25_2
LimitU				0.500V	99.00uA	100.0nA	100.0nA	4.500V	300.0V	300.0V	800.0nA	800.0nA	200.0nA	200.0nA	200.0nA	200.0nA	4.500V	
LimitL				0V	0A	0A	0A	2.500V	250.0V	250.0V	0A	0A	0A	0A	0A	0A	2.500V	
Bias 1				1.00mA	1.00V	10.0V	10.0V	250uA	250uA	10.0mA	240V	250V	16.0V	16.0V	18.0V	18.0V	250uA
Bias 2				
Bias 3									350V	350V
Bias 4				2.50ms	10.0ms	40.0ms	40.0ms	2.00ms	20.0ms	10.0ms	20.0ms	20.0ms	40.0ms	40.0ms	40.0ms	40.0ms	2.00ms	
Bias 5				
Bias 6				
1	9	5	1	0.000E+00	0.000E+00	3.900E-09	6.000E-10	3.887E+00	2.854E+02	2.870E+02	1.017E-07	1.408E-07	4.000E-09	1.600E-09	1.400E-09	2.800E-09	3.887E+00	
2	10	5	1	1.000E-03	0.000E+00	3.000E-10	7.400E-09	3.705E+00	2.868E+02	2.878E+02	1.035E-07	1.423E-07	6.300E-09	1.500E-09	5.900E-09	8.000E-10	3.705E+00	
3	11	5	1	0.000E+00	0.000E+00	1.700E-09	4.000E-10	3.706E+00	2.869E+02	2.882E+02	1.028E-07	1.395E-07	3.200E-09	1.700E-09	9.000E-10	1.300E-09	3.705E+00	
4	12	5	1	0.000E+00	0.000E+00	1.700E-09	3.900E-09	3.766E+00	2.876E+02	2.888E+02	1.018E-07	1.355E-07	3.000E-10	3.200E-09	2.000E-09	4.000E-09	3.766E+00	
5	13	5	1	1.000E-03	1.000E-08	4.000E-09	6.800E-09	3.708E+00	2.882E+02	2.894E+02	9.960E-08	1.335E-07	2.300E-09	2.800E-09	5.900E-09	5.800E-09	3.708E+00	
6	14	6	1	1.000E-03	2.000E-08	1.700E-09	8.000E-10	3.628E+00	2.880E+02	2.892E+02	1.047E-07	1.371E-07	2.800E-09	7.000E-10	1.200E-09	2.400E-09	3.628E+00	
7	13	6	1	1.000E-03	1.000E-08	3.000E-10	2.700E-09	3.615E+00	2.873E+02	2.885E+02	1.083E-07	1.433E-07	3.600E-09	1.600E-09	1.700E-09	2.400E-09	3.615E+00	
8	12	6	1	0.000E+00	2.000E-08	2.600E-09	1.300E-09	3.702E+00	2.868E+02	2.879E+02	1.075E-07	1.480E-07	4.100E-09	8.000E-10	4.600E-09	3.500E-09	3.702E+00	
9	11	6	1	1.000E-03	0.000E+00	7.000E-10	2.800E-09	3.684E+00	2.860E+02	2.873E+02	1.091E-07	1.502E-07	6.900E-09	1.000E-10	5.000E-10	3.200E-09	3.683E+00	
10	10	6	1	0.000E+00	3.000E-08	5.700E-09	7.000E-10	3.682E+00	2.865E+02	2.875E+02	1.105E-07	1.502E-07	2.200E-09	6.300E-09	1.400E-09	1.000E-09	3.681E+00	
11	9	6	1	0.000E+00	0.000E+00	3.900E-09	9.000E-10	3.714E+00	2.871E+02	2.882E+02	1.066E-07	1.444E-07	3.000E-09	1.600E-09	2.700E-09	1.800E-09	3.714E+00	
12	8	6	1	0.000E+00	0.000E+00	0.000E+00	4.900E-09	3.674E+00	2.867E+02	2.882E+02	1.042E-07	1.403E-07	2.800E-09	4.400E-09	4.000E-10	4.500E-09	3.674E+00	
13	7	7	1	0.000E+00	0.000E+00	2.600E-09	3.200E-09	3.673E+00	2.880E+02	2.891E+02	1.025E-07	1.376E-07	7.300E-09	4.700E-09	1.400E-09	7.000E-10	3.674E+00	
14	8	7	1	0.000E+00	2.000E-08	3.800E-09	1.000E-09	3.655E+00	2.872E+02	2.881E+02	1.088E-07	1.470E-07	1.900E-09	5.000E-10	2.400E-09	1.000E-10	3.656E+00	
15	9	7	1	0.000E+00	1.000E-08	3.700E-09	2.500E-09	3.767E+00	2.866E+02	2.877E+02	1.118E-07	1.539E-07	1.400E-09	4.100E-09	1.600E-09	1.000E-10	3.768E+00	
16	10	7	1	0.000E+00	0.000E+00	9.000E-10	2.900E-09	3.709E+00	2.862E+02	2.871E+02	1.156E-07	1.546E-07	4.900E-09	5.800E-09	2.300E-09	3.600E-09	3.709E+00	
17	11	7	1	0.000E+00	3.000E-08	2.000E-09	2.800E-09	3.720E+00	2.857E+02	2.870E+02	1.137E-07	1.564E-07	7.000E-10	2.100E-09	1.300E-09	5.800E-09	3.720E+00	
18	12	7	1	0.000E+00	2.000E-08	1.200E-09	9.000E-10	3.807E+00	2.860E+02	2.872E+02	1.137E-07	1.548E-07	4.000E-10	1.500E-09	2.500E-09	2.200E-09	3.806E+00	
19	13	7	1	1.000E-03	4.000E-08	4.700E-09	8.000E-10	3.667E+00	2.864E+02	2.878E+02	1.122E-07	1.527E-07	7.000E-10	1.100E-09	1.700E-09	0.000E+00	3.667E+00	
20	14	7	1	0.000E+00	1.000E-08	9.000E-10	2.000E-09	3.635E+00	2.870E+02	2.883E+02	1.084E-07	1.459E-07	5.000E-09	6.000E-09	3.100E-09	4.100E-09	3.636E+00	
21	15	7	1	0.000E+00	2.000E-08	1.100E-09	1.000E-09	3.687E+00	2.879E+02	2.891E+02	1.049E-07	1.404E-07	2.200E-09	2.200E-09	1.200E-09	5.000E-10	3.687E+00	
22	16	8	1	0.000E+00	0.000E+00	9.000E-10	1.700E-09	3.674E+00	2.881E+02	2.895E+02	1.016E-07	1.368E-07	5.600E-09	5.100E-09	2.700E-09	3.700E-09	3.675E+00	
23	15	8	1	1.000E-03	2.000E-08	4.300E-09	1.500E-09	3.651E+00	2.874E+02	2.884E+02	1.087E-07	1.463E-07	2.500E-09	5.500E-09	3.100E-09	1.000E-09	3.652E+00	
24	14	8	1	0.000E+00	0.000E+00	5.000E-10	4.500E-09	3.651E+00	2.865E+02	2.878E+02	1.117E-07	1.508E-07	6.900E-09	8.800E-09	2.300E-09	3.500E-09	3.651E+00	
25	13	8	1	1.000E-03	1.000E-08	9.000E-10	5.600E-09	3.673E+00	2.860E+02	2.874E+02	1.134E-07	1.541E-07	6.100E-09	6.300E-09	3.100E-09	3.700E-09	3.673E+00	
26	12	8	1	1.000E-03	0.000E+00	2.400E-09	2.600E-09	3.704E+00	2.858E+02	2.871E+02	1.184E-07	1.618E-07	2.400E-09	9.000E-10	3.700E-09	1.200E-09	3.704E+00	
27	11	8	1	0.000E+00	0.000E+00	5.700E-09	3.500E-09	3.694E+00	2.859E+02	2.871E+02	1.163E-07	1.583E-07	2.000E-09	3.000E-10	2.100E-09	7.000E-10	3.695E+00	
28	10	8	1	1.000E-03	2.000E-08	8.000E-10	2.900E-09	3.685E+00	2.858E+02	2.873E+02	1.166E-07	1.581E-07	3.900E-09	6.700E-09	1.600E-09	4.200E-09	3.685E+00	
29	9	8	1	0.000E+00	0.000E+00	3.100E-09	7.000E-10	3.684E+00	2.863E+02	2.873E+02	1.150E-07	1.571E-07	1.400E-09	1.800E-09	4.500E-09	2.800E-09	3.684E+00	
30	8	8	1	1.000E-03	1.000E-08	5.000E-10	2.000E-09	3.642E+00	2.867E+02	2.878E+02	1.132E-07	1.518E-07	1.600E-09	2.100E-09	1.700E-09	3.200E-09	3.641E+00	
31	7	8	1	1.000E-03	0.000E+00	3.200E-09	4.100E-09	3.626E+00	2.882E+02	2.891E+02	1.057E-07	1.405E-07	3.800E-09	4.700E-09	7.000E-10	0.000E+00	3.625E+00	
32	6	9	1	1.000E-03	1.000E-08	4.500E-09	2.700E-09	3.663E+00	2.886E+02	2.897E+02	1.014E-07	1.366E-07	2.700E-09	6.000E-10	4.900E-09	0.000E+00	3.662E+00	
33	7	9	1	0.000E+00	0.000E+00	1.700E-09	2.200E-09	3.637E+00	2.875E+02	2.886E+02	1.085E-07	1.470E-07	5.000E-10	4.000E-10	5.100E-09	1.200E-09	3.637E+00	
34	8	9	1	1.000E-03	2.000E-08	1.400E-09	2.800E-09	3.655E+00	2.864E+02	2.876E+02	1.148E-07	1.535E-07	2.700E-09	1.600E-09	5.000E-10	4.600E-09	3.654E+00	
35	9	9	1	0.000E+00	2.000E-08	5.000E-10	3.600E-09	3.688E+00	2.859E+02	2.873E+02	1.171E-07	1.571E-07	2.900E-09	3.500E-09	1.000E-09	3.600E-09	3.688E+00	
36	10	9	1	0.000E+00	2.000E-08	1.200E-09	4.000E-09	3.706E+00	2.862E+02	2.876E+02	1.160E-07	1.589E-07	4.900E-09	2.700E-09	3.000E-10	2.700E-09	3.705E+00	
37	11	9	1	0.000E+00	0.000E+00	8.000E-10	1.400E-09	3.689E+00	2.864E+02	2.878E+02	1.184E-07	1.613E-07	5.000E-10	6.000E-10	4.800E-09	1.000E-09	3.690E+00	
38	12	9	1	0.000E+00	0.000E+00	3.000E-10	5.300E-09	3.730E+00	2.863E+02	2.877E+02	1.181E-07	1.590E-07	1.300E-09	3.200E-09	1.300E-09	6.900E-09	3.731E+00	
39	13	9	1	0.000E+00	3.000E-08	5.000E-10	4.000E-10	3.690E+00	2.860E+02	2.873E+02	1.174E-07	1.599E-07	1.700E-09	1.000E-10	6.800E-09	0.000E+00	3.689E+00	
40	14	9	1	0.000E+00	0.000E+00	2.500E-09	3.000E-10	3.694E+00	2.860E+02	2.874E+02	1.142E-07	1.556E-07	1.200E-09	1.500E-09	2.600E-09	4.000E-10	3.694E+00	
41	15	9	1	0.000E+00	0.000E+00	4.800E-09	2.500E-09	3.720E+00	2.866E+02	2.879E+02	1.112E-07	1.504E-07	6.000E-10	1.800E-09	2.300E-09	1.900E-09	3.721E+00	
42	16	9	1	0.000E+00	2.000E-08	6.000E-10	0.000E+00	3.661E+00	2.874E+02	2.886E+02	1.083E-07	1.421E-07	1.500E-09	2.000E-10	1.000E-10	1.900E-09	3.661E+00	
43	16	10	1	0.000E+00	0.000E+00	2.800E-09	5.400E-09	3.656E+00	2.868E+02	2.880E+02	1.100E-07	1.473E-07	4.600E-09	7.700E-09	1.700E-09	5.600E-09	3.656E+00	
44	15	10	1	0.000E+00	2.000E-08	1.800E-09	1.900E-09	3.767E+00	2.863E+02	2.875E+02	1.135E-07	1.538E-07	1.800E-09	1.800E-09	1.000E-09	0.000E+00	3.768E+00	
45	14	10	1	0.000E+00	1.000E-08	2.800E-09	1.000E-09	3.692E+00	2.860E+02	2.874E+02	1.164E-07	1.589E-07	1.000E-10	1.300E-09	2.000E-10	1.600E-09	3.693E+00	
46	13	10	1	0.000E+00	4.000E-08	7.000E-10	6.000E-10	3.706E+00	2.863E+02	2.878E+02	1.192E-07	1.594E-07	2.600E-09	4.400E-09	8.000E-10	4.300E-09	3.706E+00	
47	12	10	1	0.000E+00	1.000E-08	4.100E-09	2.600E-09	3.745E+00	2.865E+02	2.879E+02	1.200E-07	1.606E-07	3.500E-09	3.800E-09	3.900E-09	0.000E+00	3.745E+00	
48	11	10	1	0.000E+00	0.000E+00	1.000E-09	4.300E-09	3.708E+00	2.869E+02	2.882E+02	1.181E-07	1.605E-07	5.300E-09	3.100E-09	3.400E-09	2.700E-09	3.708E+00	
49	10	10	1	0.000E+00	2.000E-08	8.000E-10	4.000E-10	3.690E+00	2.867E+02	2.883E+02	1.189E-07	1.593E-07	5.300E-09	6.100E-09	2.100E-09	2.300E-09	3.689E+00	
50	9	10	1	0.000E+00	1.000E-08	3.500E-09	3.600E-09	3.665E+00	2.863E+02	2.878E+02	1.172E-07	1.591E-07	2.800E-09	3.000E-10	4.900E-09	1.700E-09	3.666E+00	
51	8	10	1	0.000E+00	0.000E+00	1.100E-09	5.500E-09	3.654E+00	2.862E+02	2.875E+02	1.140E-07	1.568E-07	4.600E-09	1.100E-09	4.300E-09	2.900E-09	3.654E+00	
52	7	10	1	0.000E+00	2.000E-08	4.100E-09	2.600E-09	3.653E+00	2.869E+02	2.882E+02	1.114E-07	1.504E-07	3.000E-09	5.200E-09	6.000E-10	1.500E-09	3.652E+00	
53	6	10	1	1.000E-03	0.000E+00	3.000E-10	3.500E-09	3.670E+00	2.880E+02	2.892E+02	1.036E-07	1.397E-07	2.900E-09	4.000E-10	3.000E-10	1.100E-09	3.671E+00	
54	6	11	1	1.000E-03	0.000E+00	4.000E-10	7.200E-09	3.702E+00	2.878E+02	2.890E+02	1.055E-07	1.421E-07	4.100E-09	6.600E-09	3.300E-09	5.000E-09	3.703E+00	
55	7	11	1	0.000E+00	0.000E+00	7.000E-10	1.400E-09	3.663E+00	2.868E+02	2.881E+02	1.137E-07	1.507E-07	3.500E-09	1.900E-09	4.000E-10	6.000E-10	3.663E+00	
56	8	11	1	1.000E-03	1.000E-08	4.100E-09	4.600E-09	3.662E+00	2.862E+02	2.876E+02	1.149E-07	1.559E-07	1.200E-09	2.500E-09	4.400E-09	2.900E-09	3.664E+00	
57	9	11	1	0.000E+00	2.000E-08	2.700E-09	1.000E-10	3.742E+00	2.868E+02	2.884E+02	1.167E-07	1.580E-07	3.000E-09	3.000E-10	2.800E-09	2.200E-09	3.742E+00	
58	10	11	1	0.000E+00	1.000E-08	1.100E-09	4.500E-09	3.714E+00	2.873E+02	2.886E+02	1.196E-07	1.613E-07	6.100E-09	3.600E-09	2.500E-09	7.000E-10	3.714E+00	
59	11	11	1	0.000E+00	0.000E+00	0.000E+00	4.800E-09	3.714E+00	2.869E+02	2.883E+02	1.190E-07	1.594E-07	3.000E-10	7.600E-09	2.500E-09	5.900E-09	3.714E+00	
60	12	11	1	0.000E+00	0.000E+00	3.300E-09	6.500E-09	3.776E+00	2.866E+02	2.881E+02	1.180E-07	1.594E-07	4.000E-10	1.000E-09	4.800E-09	7.500E-09	3.776E+00	
61	13	11	1	0.000E+00	1.000E-08	2.000E-09	1.200E-09	3.731E+00	2.864E+02	2.878E+02	1.200E-07	1.619E-07	1.100E-09	1.100E-09	1.300E-09	2.000E-10	3.731E+00	
62	14	11	1	1.000E-03	0.000E+00	3.000E-10	4.100E-09	3.725E+00	2.865E+02	2.879E+02	1.191E-07	1.572E-07	4.500E-09	2.000E-09	3.000E-10	0.000E+00	3.725E+00	
63	15	11	1	1.000E-03	1.000E-08	3.900E-09	2.700E-09	3.776E+00	2.860E+02	2.873E+02	1.154E-07	1.569E-07	6.000E-10	4.000E-10	4.400E-09	2.700E-09	3.776E+00	
64	16	11	1	0.000E+00	1.000E-08	8.000E-10	6.500E-09	3.704E+00	2.860E+02	2.874E+02	1.107E-07	1.516E-07	9.000E-10	1.900E-09	3.900E-09	4.900E-09	3.705E+00	
65	17	11	1	0.000E+00	0.000E+00	2.200E-09	1.400E-09	3.740E+00	2.865E+02	2.879E+02	1.036E-07	1.400E-07	1.900E-09	2.600E-09	1.800E-09	6.000E-10	3.739E+00	
66	17	12	1	0.000E+00	1.000E-08	4.500E-09	6.000E-10	3.728E+00	2.858E+02	2.872E+02	1.065E-07	1.438E-07	3.300E-09	2.600E-09	3.900E-09	3.000E-09	3.727E+00	
67	16	12	1	0.000E+00	0.000E+00	7.000E-10	6.900E-09	3.709E+00	2.857E+02	2.869E+02	1.125E-07	1.524E-07	5.100E-09	7.700E-09	4.200E-09	3.900E-09	3.708E+00	
68	15	12	1	0.000E+00	0.000E+00	4.400E-09	2.100E-09	3.746E+00	2.862E+02	2.874E+02	1.159E-07	1.575E-07	2.500E-09	3.000E-10	3.500E-09	1.700E-09	3.746E+00	
69	14	12	1	0.000E+00	0.000E+00	4.000E-10	4.300E-09	3.718E+00	2.867E+02	2.881E+02	1.198E-07	1.590E-07	6.100E-09	4.000E-10	2.800E-09	5.400E-09	3.718E+00	
70	13	12	6	1.000E-03	2.000E-08	1.400E-09	1.100E-09	2.447E+00	6.100E+00									
71	12	12	1	1.000E-03	1.000E-08	2.200E-09	2.100E-09	3.752E+00	2.870E+02	2.884E+02	1.144E-07	1.556E-07	5.100E-09	1.700E-09	4.100E-09	5.200E-09	3.752E+00	
72	11	12	1	0.000E+00	3.000E-08	1.000E-10	2.000E-10	3.713E+00	2.871E+02	2.886E+02	1.159E-07	1.554E-07	0.000E+00	1.200E-09	1.700E-09	2.000E-10	3.713E+00	
73	10	12	1	0.000E+00	2.000E-08	1.200E-09	4.700E-09	3.698E+00	2.875E+02	2.889E+02	1.163E-07	1.575E-07	3.700E-09	1.800E-09	0.000E+00	2.100E-09	3.698E+00	
74	9	12	1	0.000E+00	0.000E+00	3.900E-09	6.000E-10	3.687E+00	2.874E+02	2.888E+02	1.177E-07	1.585E-07	3.700E-09	1.900E-09	2.500E-09	1.100E-09	3.688E+00	
75	8	12	1	0.000E+00	1.000E-08	2.000E-09	1.000E-09	3.618E+00	2.865E+02	2.879E+02	1.160E-07	1.581E-07	4.200E-09	3.000E-09	7.000E-10	3.200E-09	3.617E+00	
76	7	12	1	0.000E+00	0.000E+00	2.100E-09	4.000E-10	3.639E+00	2.868E+02	2.881E+02	1.135E-07	1.541E-07	2.400E-09	3.600E-09	1.000E-09	1.700E-09	3.639E+00	
77	6	12	1	0.000E+00	0.000E+00	1.700E-09	1.000E-09	3.639E+00	2.877E+02	2.888E+02	1.076E-07	1.446E-07	3.000E-09	7.000E-09	3.000E-10	3.600E-09	3.639E+00	
78	5	12	1	1.000E-03	0.000E+00	5.000E-10	5.300E-09	3.591E+00	2.856E+02	2.876E+02	9.970E-08	1.363E-07	5.800E-09	3.800E-09	4.000E-09	2.800E-09	3.591E+00	
79	5	13	1	1.000E-03	2.000E-08	2.200E-09	3.000E-10	3.588E+00	2.863E+02	2.881E+02	1.011E-07	1.356E-07	5.000E-10	3.300E-09	1.600E-09	4.300E-09	3.587E+00	
80	6	13	1	0.000E+00	0.000E+00	1.700E-09	4.900E-09	3.666E+00	2.875E+02	2.887E+02	1.066E-07	1.456E-07	4.600E-09	2.700E-09	3.100E-09	2.000E-09	3.667E+00	
81	7	13	1	1.000E-03	2.000E-08	1.700E-09	4.700E-09	3.638E+00	2.867E+02	2.879E+02	1.119E-07	1.539E-07	4.900E-09	2.500E-09	7.000E-10	2.000E-09	3.639E+00	
82	8	13	1	0.000E+00	1.000E-08	1.500E-09	1.400E-09	3.620E+00	2.865E+02	2.879E+02	1.176E-07	1.590E-07	2.500E-09	3.400E-09	1.100E-09	1.000E-09	3.620E+00	
83	9	13	1	0.000E+00	3.000E-08	1.000E-09	1.700E-09	3.712E+00	2.873E+02	2.889E+02	1.186E-07	1.564E-07	2.200E-09	1.400E-09	5.000E-10	5.000E-10	3.711E+00	
84	10	13	1	1.000E-03	0.000E+00	9.000E-10	8.200E-09	3.704E+00	2.875E+02	2.889E+02	1.154E-07	1.556E-07	3.100E-09	0.000E+00	5.500E-09	3.100E-09	3.705E+00	
85	11	13	1	0.000E+00	1.000E-08	3.000E-09	2.100E-09	3.736E+00	2.871E+02	2.885E+02	1.136E-07	1.531E-07	2.000E-10	8.000E-10	4.400E-09	2.300E-09	3.736E+00	
86	12	13	1	1.000E-03	2.000E-08	3.000E-10	1.400E-09	3.789E+00	2.868E+02	2.883E+02	1.167E-07	1.536E-07	3.400E-09	9.000E-10	2.200E-09	3.000E-10	3.789E+00	
87	13	13	1	0.000E+00	0.000E+00	0.000E+00	5.100E-09	3.745E+00	2.866E+02	2.881E+02	1.176E-07	1.581E-07	3.400E-09	6.400E-09	3.200E-09	4.000E-10	3.745E+00	
88	14	13	1	0.000E+00	0.000E+00	3.400E-09	3.000E-10	3.741E+00	2.867E+02	2.882E+02	1.192E-07	1.590E-07	3.600E-09	2.200E-09	1.300E-09	1.100E-09	3.740E+00	
89	15	13	1	0.000E+00	2.000E-08	2.200E-09	2.700E-09	3.783E+00	2.863E+02	2.874E+02	1.162E-07	1.560E-07	1.300E-09	4.600E-09	0.000E+00	3.800E-09	3.783E+00	
90	16	13	1	1.000E-03	0.000E+00	1.500E-09	3.200E-09	3.727E+00	2.853E+02	2.867E+02	1.127E-07	1.548E-07	1.800E-09	2.100E-09	4.300E-09	2.000E-09	3.727E+00	
91	17	13	1	0.000E+00	1.000E-08	0.000E+00	1.700E-09	3.766E+00	2.857E+02	2.871E+02	1.072E-07	1.458E-07	3.100E-09	5.000E-10	4.200E-09	0.000E+00	3.766E+00	
92	17	14	1	0.000E+00	0.000E+00	3.900E-09	1.100E-09	3.763E+00	2.857E+02	2.872E+02	1.044E-07	1.443E-07	4.700E-09	1.700E-09	2.200E-09	4.600E-09	3.762E+00	
93	16	14	1	1.000E-03	0.000E+00	1.000E-09	8.300E-09	3.741E+00	2.853E+02	2.867E+02	1.123E-07	1.534E-07	7.000E-10	3.000E-09	4.900E-09	2.500E-09	3.741E+00	
94	15	14	1	1.000E-03	2.000E-08	1.600E-09	6.100E-09	3.781E+00	2.861E+02	2.873E+02	1.164E-07	1.568E-07	2.800E-09	8.200E-09	2.900E-09	2.200E-09	3.781E+00	
95	14	14	1	0.000E+00	3.000E-08	7.000E-10	2.800E-09	3.726E+00	2.868E+02	2.882E+02	1.187E-07	1.582E-07	4.100E-09	6.700E-09	1.400E-09	4.800E-09	3.727E+00	
96	13	14	1	0.000E+00	0.000E+00	2.600E-09	2.300E-09	3.733E+00	2.867E+02	2.882E+02	1.169E-07	1.574E-07	2.100E-09	2.600E-09	2.500E-09	2.200E-09	3.732E+00	
97	12	14	1	0.000E+00	1.000E-08	2.900E-09	1.500E-09	3.752E+00	2.869E+02	2.883E+02	1.133E-07	1.532E-07	2.500E-09	2.000E-10	4.100E-09	3.000E-10	3.751E+00	
98	11	14	1	0.000E+00	0.000E+00	4.200E-09	3.200E-09	3.737E+00	2.872E+02	2.885E+02	1.134E-07	1.526E-07	1.300E-09	8.000E-10	3.400E-09	2.900E-09	3.737E+00	
99	10	14	1	1.000E-03	0.000E+00	3.100E-09	3.400E-09	3.713E+00	2.875E+02	2.889E+02	1.146E-07	1.544E-07	3.500E-09	3.000E-10	3.600E-09	1.800E-09	3.713E+00	
100	9	14	1	0.000E+00	2.000E-08	2.000E-09	2.400E-09	3.694E+00	2.873E+02	2.889E+02	1.164E-07	1.557E-07	4.700E-09	3.000E-09	1.100E-09	1.800E-09	3.694E+00	
101	8	14	1	1.000E-03	2.000E-08	1.400E-09	6.100E-09	3.652E+00	2.863E+02	2.878E+02	1.144E-07	1.567E-07	1.100E-09	3.000E-10	3.700E-09	5.200E-09	3.652E+00	
102	7	14	1	0.000E+00	0.000E+00	3.300E-09	1.000E-10	3.650E+00	2.865E+02	2.878E+02	1.125E-07	1.528E-07	3.300E-09	3.000E-10	2.600E-09	1.300E-09	3.651E+00	
103	6	14	1	1.000E-03	0.000E+00	1.600E-09	2.000E-10	3.662E+00	2.874E+02	2.885E+02	1.069E-07	1.459E-07	2.300E-09	7.000E-10	3.800E-09	1.000E-09	3.661E+00	
104	5	14	1	0.000E+00	2.000E-08	3.700E-09	1.000E-09	3.626E+00	2.856E+02	2.876E+02	1.002E-07	1.352E-07	4.700E-09	4.700E-09	1.800E-09	2.000E-10	3.626E+00	
105	5	15	1	0.000E+00	0.000E+00	2.200E-09	1.700E-09	3.673E+00	2.844E+02	2.867E+02	9.890E-08	1.335E-07	4.400E-09	3.700E-09	2.000E-10	1.500E-09	3.672E+00	
106	6	15	1	0.000E+00	0.000E+00	1.300E-09	7.500E-09	3.717E+00	2.871E+02	2.884E+02	1.060E-07	1.425E-07	2.500E-09	6.300E-09	1.800E-09	3.100E-09	3.717E+00	
107	7	15	1	0.000E+00	3.000E-08	4.200E-09	7.000E-10	3.675E+00	2.862E+02	2.875E+02	1.110E-07	1.516E-07	1.400E-09	6.000E-10	4.400E-09	2.400E-09	3.676E+00	
108	8	15	1	0.000E+00	0.000E+00	4.400E-09	5.200E-09	3.645E+00	2.857E+02	2.873E+02	1.144E-07	1.559E-07	1.000E-10	2.200E-09	3.500E-09	7.800E-09	3.645E+00	
109	9	15	1	0.000E+00	2.000E-08	2.300E-09	2.900E-09	3.750E+00	2.869E+02	2.885E+02	1.138E-07	1.548E-07	3.200E-09	2.800E-09	2.000E-10	6.000E-09	3.749E+00	
110	10	15	1	0.000E+00	0.000E+00	3.000E-09	3.300E-09	3.739E+00	2.873E+02	2.887E+02	1.151E-07	1.552E-07	1.000E-09	1.200E-09	3.700E-09	1.300E-09	3.738E+00	
111	11	15	1	0.000E+00	0.000E+00	1.600E-09	6.000E-09	3.767E+00	2.871E+02	2.885E+02	1.127E-07	1.527E-07	7.100E-09	1.000E-09	5.400E-09	7.700E-09	3.767E+00	
112	12	15	1	0.000E+00	0.000E+00	3.300E-09	1.300E-09	3.804E+00	2.868E+02	2.883E+02	1.139E-07	1.541E-07	1.800E-09	2.500E-09	4.900E-09	2.500E-09	3.805E+00	
113	13	15	1	0.000E+00	1.000E-08	1.700E-09	2.200E-09	3.750E+00	2.867E+02	2.881E+02	1.173E-07	1.573E-07	2.000E-10	1.300E-09	5.700E-09	9.000E-10	3.750E+00	
114	14	15	1	0.000E+00	0.000E+00	3.700E-09	2.100E-09	3.740E+00	2.866E+02	2.880E+02	1.179E-07	1.578E-07	2.300E-09	1.500E-09	2.200E-09	3.200E-09	3.741E+00	
115	15	15	1	0.000E+00	1.000E-08	3.200E-09	2.700E-09	3.806E+00	2.857E+02	2.869E+02	1.156E-07	1.563E-07	1.600E-09	4.000E-09	3.100E-09	2.100E-09	3.807E+00	
116	16	15	1	1.000E-03	0.000E+00	9.000E-10	2.900E-09	3.761E+00	2.850E+02	2.866E+02	1.133E-07	1.527E-07	8.000E-10	3.100E-09	2.400E-09	7.000E-09	3.761E+00	
117	17	15	1	0.000E+00	0.000E+00	7.000E-10	2.200E-09	3.788E+00	2.853E+02	2.868E+02	1.078E-07	1.430E-07	4.000E-09	1.000E-10	2.000E-10	3.000E-10	3.789E+00	
118	16	16	1	1.000E-03	0.000E+00	3.600E-09	5.800E-09	3.746E+00	2.853E+02	2.866E+02	1.105E-07	1.509E-07	5.000E-10	1.700E-09	5.600E-09	6.400E-09	3.746E+00	
119	15	16	1	0.000E+00	2.000E-08	3.900E-09	2.200E-09	3.761E+00	2.855E+02	2.868E+02	1.141E-07	1.550E-07	5.000E-10	4.000E-10	5.900E-09	1.500E-09	3.762E+00	
120	14	16	1	1.000E-03	2.000E-08	4.800E-09	1.000E-10	3.744E+00	2.862E+02	2.875E+02	1.159E-07	1.564E-07	2.500E-09	2.000E-09	3.200E-09	8.000E-10	3.744E+00	
121	13	16	1	1.000E-03	1.000E-08	2.600E-09	2.000E-10	3.742E+00	2.865E+02	2.880E+02	1.167E-07	1.578E-07	6.000E-10	1.000E-10	2.000E-09	1.100E-09	3.741E+00	
122	12	16	1	0.000E+00	1.000E-08	2.400E-09	1.800E-09	3.770E+00	2.867E+02	2.883E+02	1.150E-07	1.536E-07	1.600E-09	3.500E-09	1.500E-09	1.800E-09	3.770E+00	
123	11	16	1	1.000E-03	1.000E-08	0.000E+00	1.500E-09	3.745E+00	2.870E+02	2.885E+02	1.144E-07	1.514E-07	2.900E-09	3.400E-09	0.000E+00	1.200E-09	3.745E+00	
124	10	16	1	0.000E+00	3.000E-08	6.000E-10	1.900E-09	3.729E+00	2.872E+02	2.887E+02	1.148E-07	1.530E-07	4.900E-09	7.900E-09	2.900E-09	4.100E-09	3.728E+00	
125	9	16	1	1.000E-03	1.000E-08	8.000E-10	6.300E-09	3.719E+00	2.862E+02	2.878E+02	1.142E-07	1.530E-07	5.500E-09	1.200E-09	2.100E-09	5.100E-09	3.718E+00	
126	8	16	1	1.000E-03	1.000E-08	8.000E-10	4.200E-09	3.655E+00	2.852E+02	2.867E+02	1.126E-07	1.556E-07	3.300E-09	1.000E-09	2.800E-09	4.700E-09	3.655E+00	
127	7	16	1	0.000E+00	1.000E-08	2.400E-09	6.300E-09	3.676E+00	2.858E+02	2.871E+02	1.097E-07	1.504E-07	7.000E-10	6.000E-10	5.400E-09	6.800E-09	3.676E+00	
128	6	16	1	0.000E+00	2.000E-08	1.000E-09	7.000E-10	3.720E+00	2.871E+02	2.883E+02	1.041E-07	1.411E-07	3.100E-09	2.000E-09	1.000E-10	1.000E-09	3.721E+00	
129	6	17	1	0.000E+00	0.000E+00	1.000E-09	2.100E-09	3.758E+00	2.872E+02	2.883E+02	1.022E-07	1.382E-07	1.400E-09	4.000E-10	4.400E-09	4.000E-10	3.758E+00	
130	7	17	1	0.000E+00	0.000E+00	1.300E-09	4.000E-09	3.685E+00	2.856E+02	2.869E+02	1.089E-07	1.487E-07	7.400E-09	4.500E-09	1.900E-09	5.000E-10	3.684E+00	
131	8	17	1	0.000E+00	2.000E-08	3.000E-10	6.300E-09	3.718E+00	2.849E+02	2.863E+02	1.132E-07	1.532E-07	4.000E-09	4.800E-09	2.000E-09	5.400E-09	3.718E+00	
132	9	17	1	0.000E+00	0.000E+00	2.400E-09	4.600E-09	3.733E+00	2.855E+02	2.870E+02	1.114E-07	1.530E-07	6.000E-10	4.000E-10	2.400E-09	7.000E-09	3.733E+00	
133	10	17	1	0.000E+00	2.000E-08	3.000E-09	8.000E-10	3.742E+00	2.864E+02	2.881E+02	1.116E-07	1.517E-07	5.500E-09	2.000E-09	1.200E-09	4.000E-09	3.741E+00	
134	11	17	1	0.000E+00	0.000E+00	3.900E-09	5.000E-10	3.744E+00	2.868E+02	2.883E+02	1.138E-07	1.527E-07	3.700E-09	5.200E-09	1.000E-09	3.000E-10	3.744E+00	
135	12	17	1	1.000E-03	0.000E+00	1.200E-09	0.000E+00	3.774E+00	2.867E+02	2.881E+02	1.149E-07	1.545E-07	2.600E-09	2.400E-09	3.400E-09	7.000E-10	3.772E+00	
136	13	17	1	0.000E+00	2.000E-08	0.000E+00	1.300E-09	3.751E+00	2.862E+02	2.875E+02	1.160E-07	1.538E-07	3.000E-09	9.000E-10	3.000E-10	9.000E-10	3.751E+00	
137	14	17	1	0.000E+00	1.000E-08	3.100E-09	1.000E-09	3.764E+00	2.856E+02	2.870E+02	1.147E-07	1.548E-07	3.200E-09	5.700E-09	1.400E-09	1.400E-09	3.764E+00	
138	15	17	1	0.000E+00	3.000E-08	5.400E-09	2.500E-09	3.838E+00	2.855E+02	2.869E+02	1.103E-07	1.524E-07	5.400E-09	1.200E-09	0.000E+00	4.300E-09	3.839E+00	
139	16	17	1	0.000E+00	0.000E+00	2.200E-09	3.500E-09	3.755E+00	2.858E+02	2.872E+02	1.085E-07	1.468E-07	6.100E-09	6.300E-09	1.800E-09	3.000E-10	3.755E+00	
140	16	18	1	0.000E+00	0.000E+00	9.000E-10	3.000E-10	3.785E+00	2.867E+02	2.880E+02	1.054E-07	1.411E-07	6.000E-10	4.000E-10	2.200E-09	2.100E-09	3.787E+00	
141	15	18	1	0.000E+00	0.000E+00	4.100E-09	1.500E-09	3.786E+00	2.862E+02	2.876E+02	1.093E-07	1.489E-07	4.000E-10	1.700E-09	3.000E-09	1.500E-09	3.785E+00	
142	14	18	1	1.000E-03	1.000E-08	3.000E-09	5.900E-09	3.771E+00	2.858E+02	2.871E+02	1.127E-07	1.509E-07	1.500E-09	2.100E-09	0.000E+00	4.600E-09	3.771E+00	
143	13	18	1	0.000E+00	2.000E-08	4.000E-10	5.000E-10	3.763E+00	2.859E+02	2.873E+02	1.140E-07	1.514E-07	2.700E-09	3.800E-09	2.400E-09	1.500E-09	3.763E+00	
144	12	18	1	0.000E+00	2.000E-08	2.000E-10	3.500E-09	3.776E+00	2.862E+02	2.877E+02	1.110E-07	1.527E-07	2.900E-09	3.000E-10	9.000E-10	7.200E-09	3.775E+00	
145	11	18	1	0.000E+00	1.000E-08	2.200E-09	1.600E-09	3.748E+00	2.863E+02	2.878E+02	1.106E-07	1.512E-07	5.300E-09	3.800E-09	1.300E-09	5.400E-09	3.748E+00	
146	10	18	1	0.000E+00	2.000E-08	3.200E-09	1.900E-09	3.744E+00	2.859E+02	2.874E+02	1.123E-07	1.524E-07	4.300E-09	1.700E-09	2.800E-09	2.500E-09	3.744E+00	
147	9	18	1	1.000E-03	1.000E-08	3.200E-09	2.600E-09	3.763E+00	2.855E+02	2.869E+02	1.117E-07	1.524E-07	3.100E-09	1.300E-09	2.400E-09	8.000E-10	3.763E+00	
148	8	18	1	0.000E+00	1.000E-08	1.300E-09	4.400E-09	3.738E+00	2.850E+02	2.865E+02	1.112E-07	1.515E-07	5.300E-09	4.100E-09	1.800E-09	5.000E-09	3.738E+00	
149	7	18	1	1.000E-03	1.000E-08	3.900E-09	2.000E-10	3.703E+00	2.860E+02	2.871E+02	1.069E-07	1.457E-07	2.000E-10	2.500E-09	3.200E-09	4.600E-09	3.703E+00	
150	6	18	1	1.000E-03	2.000E-08	3.900E-09	2.200E-09	3.759E+00	2.867E+02	2.883E+02	9.970E-08	1.351E-07	2.000E-10	7.000E-10	2.900E-09	2.600E-09	3.759E+00	
151	7	19	1	0.000E+00	1.000E-08	1.000E-09	4.100E-09	3.738E+00	2.863E+02	2.875E+02	1.048E-07	1.423E-07	4.600E-09	7.400E-09	2.700E-09	1.800E-09	3.738E+00	
152	8	19	1	0.000E+00	0.000E+00	1.800E-09	6.000E-10	3.760E+00	2.856E+02	2.871E+02	1.076E-07	1.471E-07	2.700E-09	2.800E-09	1.700E-09	2.000E-10	3.762E+00	
153	9	19	1	0.000E+00	0.000E+00	2.900E-09	1.500E-09	3.821E+00	2.856E+02	2.870E+02	1.104E-07	1.505E-07	1.700E-09	1.300E-09	3.100E-09	4.000E-10	3.822E+00	
154	10	19	1	1.000E-03	0.000E+00	4.000E-10	4.500E-09	3.781E+00	2.854E+02	2.870E+02	1.115E-07	1.515E-07	8.800E-09	3.400E-09	3.200E-09	3.000E-10	3.782E+00	
155	11	19	1	0.000E+00	1.000E-08	1.900E-09	1.000E-10	3.789E+00	2.856E+02	2.872E+02	1.106E-07	1.516E-07	0.000E+00	1.200E-09	3.300E-09	0.000E+00	3.789E+00	
156	12	19	1	0.000E+00	2.000E-08	0.000E+00	4.100E-09	3.868E+00	2.861E+02	2.874E+02	1.099E-07	1.508E-07	5.700E-09	6.800E-09	4.800E-09	2.300E-09	3.868E+00	
157	13	19	1	1.000E-03	1.000E-08	0.000E+00	1.600E-09	3.801E+00	2.862E+02	2.875E+02	1.105E-07	1.503E-07	3.200E-09	9.000E-10	3.400E-09	2.800E-09	3.801E+00	
158	14	19	1	0.000E+00	1.000E-08	8.000E-10	4.400E-09	3.780E+00	2.863E+02	2.878E+02	1.083E-07	1.463E-07	5.800E-09	3.100E-09	3.900E-09	2.600E-09	3.780E+00	
159	15	19	1	0.000E+00	1.000E-08	2.800E-09	1.100E-09	3.848E+00	2.869E+02	2.882E+02	1.052E-07	1.407E-07	3.700E-09	2.800E-09	1.000E-09	2.000E-10	3.849E+00	
160	15	20	1	0.000E+00	1.000E-08	3.100E-09	7.000E-10	3.836E+00	2.876E+02	2.891E+02	9.950E-08	1.333E-07	1.600E-09	8.000E-10	3.800E-09	4.000E-10	3.836E+00	
161	14	20	1	1.000E-03	0.000E+00	1.000E-10	2.200E-09	3.779E+00	2.870E+02	2.884E+02	1.047E-07	1.386E-07	3.200E-09	4.000E-09	2.000E-10	2.500E-09	3.778E+00	
162	13	20	1	0.000E+00	0.000E+00	6.000E-10	3.300E-09	3.789E+00	2.868E+02	2.881E+02	1.072E-07	1.429E-07	5.100E-09	9.000E-10	2.100E-09	6.500E-09	3.788E+00	
163	12	20	1	0.000E+00	0.000E+00	6.300E-09	5.500E-09	3.851E+00	2.867E+02	2.880E+02	1.074E-07	1.455E-07	1.700E-09	1.800E-09	3.900E-09	2.500E-09	3.851E+00	
164	11	20	1	0.000E+00	2.000E-08	2.800E-09	1.100E-09	3.807E+00	2.861E+02	2.876E+02	1.079E-07	1.470E-07	2.700E-09	1.900E-09	2.400E-09	4.000E-10	3.806E+00	
165	10	20	1	1.000E-03	0.000E+00	5.000E-10	2.400E-09	3.791E+00	2.856E+02	2.871E+02	1.084E-07	1.477E-07	7.300E-09	3.800E-09	3.600E-09	1.100E-09	3.790E+00	
166	9	20	1	0.000E+00	2.000E-08	7.000E-10	3.300E-09	3.797E+00	2.861E+02	2.874E+02	1.049E-07	1.452E-07	5.600E-09	1.200E-09	4.000E-10	2.300E-09	3.797E+00	
167	8	20	1	0.000E+00	0.000E+00	2.000E-10	2.400E-09	3.784E+00	2.864E+02	2.876E+02	1.039E-07	1.409E-07	3.600E-09	1.900E-09	2.200E-09	1.300E-09	3.785E+00	
168	7	20	1	0.000E+00	1.000E-08	2.500E-09	0.000E+00	3.780E+00	2.846E+02	2.868E+02	1.011E-07	1.385E-07	3.400E-09	3.600E-09	3.300E-09	2.700E-09	3.779E+00	
169	8	21	1	0.000E+00	0.000E+00	2.700E-09	4.100E-09	3.867E+00	2.840E+02	2.856E+02	1.003E-07	1.390E-07	3.000E-10	8.000E-10	4.800E-09	6.800E-09	3.866E+00	
170	9	21	1	1.000E-03	0.000E+00	4.000E-10	5.700E-09	3.850E+00	2.864E+02	2.876E+02	1.019E-07	1.397E-07	6.100E-09	3.200E-09	2.900E-09	5.700E-09	3.850E+00	
171	10	21	1	0.000E+00	2.000E-08	5.200E-09	9.000E-10	3.791E+00	2.863E+02	2.877E+02	1.035E-07	1.409E-07	3.800E-09	1.600E-09	1.800E-09	5.000E-10	3.791E+00	
172	11	21	1	0.000E+00	2.000E-08	1.500E-09	3.500E-09	3.803E+00	2.867E+02	2.883E+02	1.041E-07	1.399E-07	3.700E-09	8.600E-09	1.200E-09	3.300E-09	3.802E+00	
173	12	21	1	1.000E-03	0.000E+00	3.100E-09	5.900E-09	3.882E+00	2.872E+02	2.885E+02	1.028E-07	1.397E-07	3.900E-09	2.000E-10	7.600E-09	7.000E-10	3.882E+00	
174	13	21	1	1.000E-03	0.000E+00	3.900E-09	2.500E-09	3.825E+00	2.873E+02	2.888E+02	1.015E-07	1.362E-07	2.900E-09	1.800E-09	3.000E-10	9.000E-10	3.825E+00	
175	14	21	1	0.000E+00	2.000E-08	3.000E-10	1.600E-09	3.841E+00	2.876E+02	2.891E+02	9.960E-08	1.303E-07	3.600E-09	2.600E-09	1.000E-10	1.600E-09	3.841E+00	
176	12	22	1	1.000E-03	2.000E-08	1.800E-09	2.900E-09	3.961E+00	2.881E+02	2.894E+02	9.740E-08	1.302E-07	1.800E-09	3.400E-09	6.000E-10	0.000E+00	3.962E+00	
177	11	22	1	0.000E+00	1.000E-08	1.300E-09	5.400E-09	3.914E+00	2.877E+02	2.892E+02	9.740E-08	1.303E-07	2.000E-10	7.900E-09	3.700E-09	7.100E-09	3.914E+00	
178	10	22	1	0.000E+00	2.000E-08	2.000E-10	3.600E-09	3.853E+00	2.871E+02	2.886E+02	9.690E-08	1.309E-07	4.300E-09	6.800E-09	1.900E-09	5.100E-09	3.853E+00	
