Program name	H0206AD_E4_CP1.dll
Lot number	C127251.00-CPTSTE11-241023-002348@CP
Wafer number	01
Date	2024/10/23
Time	00:23:52

No.U	X	Y	Bin	CONT@D	CONT@G	CONT@S	IGSS1	IGSSR1	IDSS1	VTH1	BVDSS1	BVDSS2	BV2-BV1	RDSON1	VFSDS	IGSS2	IGSSR2	IDSS3
LimitU				0.5V	0.5V	0.5V	1uA	5uA	6uA	4.5V	900V	900V	50V	160mohm	1V	80nA	80nA	2uA
LimitL				-0.5V	-0.5V	-0.5V	0uA	0uA	0uA	2.5V	660V	660V	-10V	0mohm	0V	0nA	0nA	0uA
Bias 1				 	 	 	 	 	 	100uA	250uA	1mA	 	1A	 	 	 	 
Bias 2				 	 	 	 	 	 	 	 	 	 	 	1A	 	 	 
Bias 3				2V	 	 	 	 	650V	 	 	 	 	 	 	 	 	600V
Bias 4				 	2V	 	30V	-30V	 	 	 	 	 	10V	0V	20V	-20V	 
Bias 5				1000uS	8000uS	8000uS	12000uS	12000uS	10000uS	10000uS	10000uS	8000uS	1000uS	50000uS	5000uS	12000uS	12000uS	10000uS
Bias 6				 	 	 	 	 	 	 	 	 	 	 	 	 	 	 
9	23	6	1	1.24000E-002	1.40000E-003	8.00000E-004	1.69000E-008	5.00000E-010	3.44400E-007	3.46740E+000	7.25209E+002	7.26983E+002	1.77380E+000	1.27904E-001	6.89600E-001	3.34800E-010	5.39000E-011	1.64400E-007
12	21	6	1	1.29000E-002	1.40000E-003	8.00000E-004	3.78000E-008	7.00000E-010	3.22600E-007	3.45330E+000	7.30025E+002	7.32344E+002	2.31870E+000	1.25523E-001	6.89600E-001	1.85000E-010	1.70900E-010	1.55800E-007
16	19	6	1	1.28000E-002	1.30000E-003	8.00000E-004	5.93000E-008	6.00000E-010	2.85900E-007	3.42490E+000	7.36213E+002	7.38046E+002	1.83300E+000	1.26023E-001	6.90200E-001	1.63900E-010	1.24100E-010	1.43800E-007
20	17	6	1	1.27000E-002	1.30000E-003	8.00000E-004	5.58000E-008	3.00000E-010	2.76200E-007	3.43880E+000	7.37881E+002	7.39924E+002	2.04260E+000	1.26408E-001	6.90800E-001	4.21500E-010	7.02000E-011	1.38500E-007
24	15	6	1	1.28000E-002	1.30000E-003	8.00000E-004	5.25000E-008	5.00000E-010	2.94500E-007	3.42900E+000	7.36953E+002	7.38890E+002	1.93710E+000	1.26088E-001	6.90400E-001	1.85000E-010	6.56000E-011	1.55200E-007
28	13	6	1	1.28000E-002	1.40000E-003	9.00000E-004	3.90000E-008	5.00000E-010	3.21100E-007	3.42620E+000	7.31221E+002	7.33461E+002	2.24080E+000	1.25299E-001	6.89500E-001	1.87000E-011	1.56900E-010	1.56200E-007
32	11	6	1	1.28000E-002	1.40000E-003	8.00000E-004	1.67000E-008	3.00000E-010	6.21700E-007	3.44560E+000	7.27089E+002	7.29457E+002	2.36830E+000	1.26908E-001	6.89900E-001	3.25500E-010	1.56900E-010	2.24400E-007
42	9	8	1	1.28000E-002	1.30000E-003	8.00000E-004	3.26000E-008	6.00000E-010	3.37300E-007	3.40920E+000	7.31643E+002	7.33908E+002	2.26510E+000	1.25525E-001	6.89700E-001	2.34100E-010	4.07400E-010	1.65200E-007
46	11	8	1	1.27000E-002	1.40000E-003	8.00000E-004	4.96000E-008	4.00000E-010	3.83300E-007	3.38930E+000	7.44210E+002	7.45880E+002	1.67020E+000	1.27929E-001	6.90200E-001	2.41200E-010	1.33500E-010	1.88300E-007
50	13	8	1	1.27000E-002	1.40000E-003	8.00000E-004	6.05000E-008	3.00000E-010	4.32800E-007	3.39260E+000	7.43653E+002	7.46027E+002	2.37390E+000	1.29665E-001	6.90900E-001	3.34800E-010	3.28000E-011	2.05700E-007
54	15	8	1	1.28000E-002	1.30000E-003	8.00000E-004	6.74000E-008	7.00000E-010	4.69200E-007	3.38140E+000	7.44527E+002	7.46878E+002	2.35070E+000	1.30142E-001	6.90600E-001	3.04400E-010	8.66000E-011	2.23300E-007
58	17	8	1	1.28000E-002	1.40000E-003	8.00000E-004	7.48000E-008	5.00000E-010	4.58600E-007	3.38460E+000	7.42409E+002	7.44881E+002	2.47130E+000	1.29680E-001	6.91300E-001	4.70000E-012	8.66000E-011	2.13000E-007
62	19	8	1	1.27000E-002	1.50000E-003	8.00000E-004	7.04000E-008	4.00000E-010	4.78700E-007	3.38700E+000	7.43904E+002	7.46297E+002	2.39260E+000	1.30357E-001	6.90800E-001	1.87300E-010	3.58200E-010	2.25700E-007
66	21	8	1	1.28000E-002	1.50000E-003	8.00000E-004	6.44000E-008	4.00000E-010	4.24300E-007	3.38610E+000	7.44359E+002	7.46754E+002	2.39450E+000	1.29708E-001	6.91000E-001	1.45200E-010	2.22400E-010	2.02200E-007
70	23	8	1	1.28000E-002	1.40000E-003	8.00000E-004	5.27000E-008	5.00000E-010	3.40600E-007	3.39720E+000	7.43562E+002	7.45202E+002	1.63990E+000	1.26807E-001	6.89800E-001	4.02700E-010	2.74000E-010	1.70900E-007
74	25	8	1	1.25000E-002	1.40000E-003	8.00000E-004	2.95000E-008	4.00000E-010	3.51300E-007	3.44070E+000	7.30200E+002	7.32416E+002	2.21570E+000	1.25508E-001	6.89600E-001	3.81700E-010	2.59900E-010	1.59100E-007
77	26	10	1	1.27000E-002	1.40000E-003	9.00000E-004	4.35000E-008	5.00000E-010	3.09500E-007	3.39040E+000	7.35185E+002	7.36869E+002	1.68440E+000	1.25201E-001	6.89800E-001	2.78600E-010	1.40500E-010	1.54300E-007
81	24	10	1	1.27000E-002	1.40000E-003	8.00000E-004	5.48000E-008	4.00000E-010	4.22000E-007	3.37450E+000	7.48859E+002	7.51043E+002	2.18400E+000	1.28528E-001	6.90300E-001	4.35500E-010	2.11000E-011	2.08300E-007
85	22	10	1	1.28000E-002	1.40000E-003	9.00000E-004	6.91000E-008	6.00000E-010	4.29000E-007	3.38000E+000	7.47487E+002	7.49720E+002	2.23300E+000	1.29035E-001	6.90500E-001	2.29500E-010	5.85000E-011	2.08700E-007
89	20	10	1	1.28000E-002	1.40000E-003	8.00000E-004	7.73000E-008	5.00000E-010	3.82400E-007	3.38550E+000	7.44842E+002	7.46972E+002	2.13000E+000	1.28198E-001	6.90500E-001	2.38800E-010	1.17100E-010	1.86600E-007
93	18	10	1	1.28000E-002	1.40000E-003	9.00000E-004	7.96000E-008	6.00000E-010	2.87700E-007	3.39420E+000	7.43720E+002	7.45516E+002	1.79610E+000	1.26327E-001	6.90300E-001	3.98000E-011	1.73300E-010	1.46200E-007
97	16	10	1	1.28000E-002	1.40000E-003	8.00000E-004	8.24000E-008	5.00000E-010	2.82400E-007	3.40910E+000	7.41876E+002	7.43945E+002	2.06920E+000	1.26334E-001	6.90500E-001	2.36500E-010	2.74000E-010	1.43500E-007
101	14	10	1	1.28000E-002	1.40000E-003	9.00000E-004	7.83000E-008	5.00000E-010	3.29400E-007	3.38030E+000	7.44294E+002	7.45889E+002	1.59510E+000	1.27571E-001	6.90100E-001	2.95000E-010	1.99000E-010	1.62500E-007
105	12	10	1	1.28000E-002	1.40000E-003	8.00000E-004	6.41000E-008	5.00000E-010	4.32300E-007	3.37770E+000	7.44997E+002	7.47185E+002	2.18800E+000	1.29005E-001	6.90600E-001	4.49600E-010	4.21000E-011	2.07300E-007
109	10	10	1	1.27000E-002	1.40000E-003	9.00000E-004	5.53000E-008	5.00000E-010	4.35900E-007	3.37100E+000	7.45538E+002	7.47993E+002	2.45520E+000	1.28376E-001	6.90700E-001	2.71600E-010	2.69300E-010	2.09600E-007
113	8	10	1	1.27000E-002	1.40000E-003	8.00000E-004	4.58000E-008	6.00000E-010	4.24000E-007	3.36340E+000	7.38619E+002	7.40056E+002	1.43680E+000	1.25833E-001	6.90200E-001	1.73300E-010	1.03000E-010	2.04900E-007
117	6	10	1	1.28000E-002	1.40000E-003	8.00000E-004	1.19000E-008	3.00000E-010	3.56300E-007	3.45270E+000	7.21092E+002	7.24057E+002	2.96500E+000	1.28107E-001	6.89900E-001	4.12100E-010	2.74000E-010	1.65600E-007
121	5	12	1	1.28000E-002	1.30000E-003	8.00000E-004	9.90000E-009	4.00000E-010	4.25800E-007	3.46440E+000	7.09506E+002	7.14045E+002	4.53900E+000	1.29768E-001	6.90800E-001	2.83300E-010	1.64000E-011	1.86600E-007
125	7	12	1	1.27000E-002	1.40000E-003	9.00000E-004	4.82000E-008	7.00000E-010	3.71600E-007	3.37540E+000	7.39076E+002	7.40589E+002	1.51290E+000	1.26011E-001	6.88700E-001	3.20800E-010	1.35800E-010	1.83700E-007
129	9	12	1	1.28000E-002	1.40000E-003	8.00000E-004	5.80000E-008	6.00000E-010	4.88900E-007	3.36020E+000	7.45821E+002	7.47244E+002	1.42220E+000	1.29212E-001	6.91600E-001	1.12400E-010	1.45200E-010	2.30100E-007
133	11	12	1	1.28000E-002	1.30000E-003	9.00000E-004	7.08000E-008	5.00000E-010	4.54600E-007	3.36310E+000	7.44508E+002	7.46022E+002	1.51470E+000	1.28108E-001	6.91300E-001	1.40500E-010	2.13100E-010	2.15500E-007
137	13	12	1	1.28000E-002	1.40000E-003	9.00000E-004	7.86000E-008	5.00000E-010	3.07900E-007	3.37580E+000	7.40776E+002	7.42326E+002	1.54970E+000	1.25849E-001	6.90000E-001	2.99700E-010	9.13000E-011	1.54600E-007
141	15	12	1	1.28000E-002	1.50000E-003	8.00000E-004	8.49000E-008	6.00000E-010	2.47700E-007	3.35220E+000	7.30423E+002	7.32612E+002	2.18910E+000	1.22958E-001	6.90600E-001	2.95000E-010	1.33500E-010	1.24300E-007
145	17	12	1	1.28000E-002	1.50000E-003	8.00000E-004	8.80000E-008	4.00000E-010	2.55700E-007	3.35940E+000	7.28938E+002	7.30862E+002	1.92400E+000	1.22854E-001	6.90300E-001	2.66900E-010	6.32000E-011	1.26500E-007
149	19	12	1	1.28000E-002	1.60000E-003	8.00000E-004	8.58000E-008	5.00000E-010	2.40900E-007	3.35630E+000	7.32304E+002	7.34760E+002	2.45610E+000	1.22974E-001	6.90500E-001	3.62900E-010	2.41200E-010	1.21700E-007
153	21	12	1	1.28000E-002	1.60000E-003	9.00000E-004	8.11000E-008	4.00000E-010	4.01500E-007	3.34510E+000	7.43189E+002	7.44550E+002	1.36170E+000	1.26167E-001	6.89800E-001	3.11400E-010	9.40000E-012	1.95900E-007
157	23	12	1	1.29000E-002	1.60000E-003	8.00000E-004	7.44000E-008	6.00000E-010	5.11400E-007	3.37550E+000	7.45642E+002	7.47223E+002	1.58030E+000	1.29150E-001	6.91300E-001	2.13100E-010	1.92000E-010	2.41000E-007
161	25	12	1	1.27000E-002	1.50000E-003	8.00000E-004	5.69000E-008	5.00000E-010	4.74500E-007	3.37500E+000	7.46714E+002	7.48141E+002	1.42690E+000	1.29154E-001	6.91700E-001	4.23800E-010	1.87300E-010	2.26700E-007
165	27	12	1	1.27000E-002	1.50000E-003	9.00000E-004	4.78000E-008	4.00000E-010	3.83500E-007	3.38560E+000	7.34039E+002	7.35757E+002	1.71760E+000	1.25610E-001	6.88700E-001	2.85700E-010	2.11000E-011	1.86200E-007
169	27	14	1	1.28000E-002	1.40000E-003	8.00000E-004	4.88000E-008	6.00000E-010	3.78200E-007	3.38890E+000	7.37449E+002	7.39240E+002	1.79120E+000	1.25617E-001	6.88900E-001	2.74000E-010	9.13000E-011	1.87200E-007
173	25	14	1	1.28000E-002	1.50000E-003	8.00000E-004	6.04000E-008	6.00000E-010	4.97300E-007	3.36740E+000	7.47276E+002	7.48750E+002	1.47470E+000	1.29670E-001	6.91700E-001	1.78000E-010	2.41200E-010	2.36300E-007
177	23	14	1	1.28000E-002	1.60000E-003	9.00000E-004	7.47000E-008	5.00000E-010	4.78600E-007	3.39030E+000	7.45876E+002	7.47228E+002	1.35200E+000	1.28571E-001	6.92000E-001	2.55200E-010	6.32000E-011	2.25300E-007
181	21	14	1	1.28000E-002	1.80000E-003	8.00000E-004	8.03000E-008	5.00000E-010	4.21400E-007	3.35410E+000	7.38082E+002	7.39641E+002	1.55870E+000	1.24647E-001	6.90100E-001	1.63900E-010	1.87300E-010	2.01300E-007
185	19	14	1	1.27000E-002	1.80000E-003	9.00000E-004	8.16000E-008	6.00000E-010	2.42000E-007	3.34980E+000	7.26382E+002	7.28326E+002	1.94350E+000	1.23082E-001	6.90900E-001	2.27100E-010	3.51000E-011	1.18400E-007
189	17	14	1	1.28000E-002	1.40000E-003	9.00000E-004	8.68000E-008	6.00000E-010	3.32200E-007	3.35680E+000	7.17325E+002	7.19296E+002	1.97080E+000	1.23398E-001	6.90100E-001	1.10000E-010	2.13100E-010	1.51500E-007
193	15	14	1	1.28000E-002	1.50000E-003	8.00000E-004	8.28000E-008	4.00000E-010	2.53300E-007	3.35990E+000	7.24025E+002	7.25732E+002	1.70730E+000	1.23233E-001	6.91300E-001	3.16100E-010	7.02000E-011	1.21400E-007
197	13	14	1	1.28000E-002	1.50000E-003	8.00000E-004	8.12000E-008	5.00000E-010	2.71800E-007	3.37580E+000	7.35482E+002	7.37133E+002	1.65150E+000	1.23688E-001	6.90100E-001	7.02000E-011	7.73000E-011	1.35400E-007
201	11	14	1	1.28000E-002	1.60000E-003	8.00000E-004	7.41000E-008	6.00000E-010	4.65900E-007	3.35800E+000	7.43289E+002	7.44746E+002	1.45720E+000	1.28135E-001	6.90700E-001	7.00000E-012	2.34100E-010	2.20700E-007
205	9	14	1	1.28000E-002	1.60000E-003	8.00000E-004	6.36000E-008	6.00000E-010	4.80600E-007	3.34160E+000	7.45554E+002	7.47023E+002	1.46890E+000	1.29925E-001	6.90400E-001	4.19100E-010	1.73300E-010	2.27500E-007
209	7	14	1	1.28000E-002	1.60000E-003	8.00000E-004	4.78000E-008	5.00000E-010	3.20300E-007	3.40090E+000	7.43514E+002	7.45194E+002	1.67970E+000	1.26585E-001	6.89300E-001	4.37900E-010	2.20100E-010	1.62500E-007
213	5	14	1	1.28000E-002	1.40000E-003	9.00000E-004	1.47000E-008	7.00000E-010	3.05700E-007	3.47350E+000	7.25699E+002	7.28284E+002	2.58460E+000	1.27345E-001	6.91400E-001	5.85000E-011	3.30100E-010	1.47800E-007
217	6	16	1	1.28000E-002	1.40000E-003	8.00000E-004	2.78000E-008	5.00000E-010	2.87900E-007	3.43110E+000	7.31685E+002	7.33067E+002	1.38210E+000	1.24599E-001	6.90200E-001	1.35800E-010	2.78600E-010	1.42800E-007
221	8	16	1	1.28000E-002	1.50000E-003	9.00000E-004	5.45000E-008	4.00000E-010	3.20700E-007	3.37430E+000	7.46070E+002	7.47526E+002	1.45600E+000	1.28400E-001	6.89400E-001	3.25500E-010	1.68600E-010	1.61800E-007
225	10	16	1	1.27000E-002	1.60000E-003	8.00000E-004	6.67000E-008	5.00000E-010	4.59500E-007	3.35350E+000	7.45417E+002	7.47408E+002	1.99110E+000	1.29114E-001	6.90700E-001	3.32500E-010	1.12400E-010	2.18900E-007
229	12	16	1	1.28000E-002	1.50000E-003	9.00000E-004	7.48000E-008	4.00000E-010	4.27500E-007	3.36600E+000	7.42243E+002	7.43676E+002	1.43320E+000	1.27371E-001	6.90700E-001	3.32500E-010	2.34100E-010	2.02300E-007
233	14	16	1	1.28000E-002	1.60000E-003	8.00000E-004	8.14000E-008	5.00000E-010	2.77700E-007	3.37020E+000	7.35794E+002	7.37720E+002	1.92620E+000	1.23262E-001	6.90400E-001	7.96000E-011	1.26400E-010	1.36400E-007
237	16	16	1	1.28000E-002	1.70000E-003	9.00000E-004	8.44000E-008	6.00000E-010	2.78300E-007	3.35690E+000	7.27894E+002	7.29909E+002	2.01560E+000	1.23796E-001	6.90300E-001	2.69300E-010	3.65300E-010	1.35600E-007
241	18	16	1	1.28000E-002	1.70000E-003	9.00000E-004	8.14000E-008	6.00000E-010	2.56800E-007	3.36270E+000	7.31522E+002	7.33045E+002	1.52390E+000	1.22777E-001	6.90300E-001	5.03400E-010	1.47500E-010	1.28400E-007
245	20	16	1	1.28000E-002	1.70000E-003	8.00000E-004	8.10000E-008	5.00000E-010	3.68200E-007	3.36160E+000	7.34806E+002	7.37113E+002	2.30670E+000	1.24396E-001	6.89900E-001	1.78000E-010	9.37000E-011	1.76800E-007
249	22	16	1	1.28000E-002	1.50000E-003	9.00000E-004	7.44000E-008	7.00000E-010	4.49700E-007	3.38070E+000	7.44990E+002	7.46648E+002	1.65760E+000	1.27711E-001	6.90500E-001	2.92700E-010	2.81000E-011	2.16500E-007
253	24	16	1	1.28000E-002	1.50000E-003	8.00000E-004	6.34000E-008	6.00000E-010	5.02600E-007	3.36580E+000	7.47171E+002	7.48672E+002	1.50130E+000	1.29822E-001	6.91300E-001	2.15400E-010	3.70000E-010	2.39600E-007
257	26	16	1	1.27000E-002	1.50000E-003	8.00000E-004	4.79000E-008	6.00000E-010	4.04100E-007	3.37070E+000	7.47101E+002	7.48742E+002	1.64140E+000	1.27299E-001	6.90300E-001	1.40000E-011	1.63900E-010	2.01400E-007
261	25	18	1	1.28000E-002	1.40000E-003	9.00000E-004	5.06000E-008	6.00000E-010	3.79700E-007	3.36780E+000	7.45031E+002	7.46579E+002	1.54840E+000	1.27017E-001	6.90700E-001	3.55900E-010	2.41200E-010	1.88200E-007
265	23	18	1	1.27000E-002	1.60000E-003	9.00000E-004	6.29000E-008	5.00000E-010	4.64300E-007	3.35670E+000	7.46021E+002	7.48356E+002	2.33550E+000	1.29377E-001	6.91100E-001	3.44200E-010	1.05400E-010	2.22100E-007
269	21	18	1	1.28000E-002	1.60000E-003	8.00000E-004	7.21000E-008	4.00000E-010	4.68400E-007	3.36920E+000	7.43355E+002	7.45469E+002	2.11340E+000	1.28818E-001	6.91000E-001	2.88000E-010	4.68000E-011	2.20600E-007
273	19	18	1	1.28000E-002	1.50000E-003	9.00000E-004	7.98000E-008	5.00000E-010	4.59700E-007	3.35960E+000	7.40358E+002	7.42675E+002	2.31650E+000	1.27181E-001	6.90600E-001	4.23800E-010	3.28000E-011	2.15600E-007
277	17	18	1	1.28000E-002	1.60000E-003	8.00000E-004	8.22000E-008	6.00000E-010	4.22600E-007	3.35250E+000	7.39001E+002	7.41416E+002	2.41460E+000	1.26350E-001	6.90700E-001	3.98000E-011	1.80300E-010	2.00500E-007
281	15	18	1	1.29000E-002	1.60000E-003	9.00000E-004	8.06000E-008	5.00000E-010	4.25300E-007	3.35340E+000	7.40014E+002	7.42095E+002	2.08180E+000	1.27173E-001	6.90700E-001	9.83000E-011	2.34000E-011	2.00500E-007
285	13	18	1	1.27000E-002	1.60000E-003	8.00000E-004	7.66000E-008	7.00000E-010	4.04200E-007	3.35570E+000	7.42403E+002	7.44547E+002	2.14410E+000	1.28325E-001	6.90400E-001	1.40000E-011	1.07700E-010	1.92400E-007
289	11	18	1	1.27000E-002	1.60000E-003	8.00000E-004	6.63000E-008	5.00000E-010	3.81600E-007	3.35040E+000	7.45000E+002	7.47153E+002	2.15280E+000	1.29031E-001	6.90000E-001	2.66900E-010	1.54500E-010	1.85100E-007
293	9	18	1	1.28000E-002	1.50000E-003	8.00000E-004	5.55000E-008	5.00000E-010	2.44500E-007	3.38790E+000	7.46786E+002	7.48633E+002	1.84770E+000	1.27525E-001	6.90600E-001	4.47200E-010	2.13100E-010	1.28600E-007
297	7	18	1	1.28000E-002	1.60000E-003	8.00000E-004	3.40000E-008	5.00000E-010	2.53200E-007	3.42820E+000	7.31321E+002	7.33110E+002	1.78870E+000	1.24482E-001	6.90600E-001	2.27100E-010	1.78000E-010	1.28200E-007
301	8	20	1	1.30000E-002	1.50000E-003	7.00000E-004	2.00000E-008	6.00000E-010	2.36400E-007	3.45740E+000	7.29020E+002	7.31342E+002	2.32170E+000	1.24207E-001	6.91800E-001	1.12400E-010	2.48200E-010	1.24300E-007
303	10	20	1	1.28000E-002	1.60000E-003	9.00000E-004	5.14000E-008	5.00000E-010	2.04700E-007	3.41910E+000	7.40443E+002	7.41948E+002	1.50560E+000	1.24674E-001	6.91600E-001	4.21500E-010	1.00700E-010	1.10000E-007
307	12	20	1	1.29000E-002	1.60000E-003	9.00000E-004	6.02000E-008	8.00000E-010	2.82400E-007	3.38290E+000	7.46599E+002	7.49119E+002	2.51950E+000	1.28092E-001	6.90100E-001	2.38800E-010	2.11000E-011	1.45800E-007
311	14	20	1	1.27000E-002	1.60000E-003	8.00000E-004	6.60000E-008	7.00000E-010	4.13600E-007	3.34060E+000	7.44793E+002	7.47352E+002	2.55950E+000	1.29106E-001	6.90000E-001	1.56900E-010	1.28800E-010	2.00200E-007
315	16	20	1	1.28000E-002	1.50000E-003	8.00000E-004	6.76000E-008	5.00000E-010	4.36300E-007	3.34410E+000	7.46345E+002	7.48823E+002	2.47840E+000	1.27881E-001	6.90300E-001	1.19400E-010	1.82600E-010	2.12200E-007
319	18	20	1	1.27000E-002	1.60000E-003	8.00000E-004	6.78000E-008	5.00000E-010	4.68500E-007	3.35120E+000	7.44649E+002	7.47065E+002	2.41640E+000	1.28684E-001	6.90500E-001	2.27100E-010	1.54500E-010	2.22700E-007
323	20	20	1	1.29000E-002	1.60000E-003	8.00000E-004	6.22000E-008	5.00000E-010	4.41700E-007	3.34790E+000	7.44946E+002	7.47353E+002	2.40640E+000	1.29202E-001	6.90500E-001	4.49600E-010	2.15400E-010	2.12200E-007
327	22	20	1	1.27000E-002	1.60000E-003	9.00000E-004	5.14000E-008	8.00000E-010	3.44200E-007	3.38360E+000	7.46769E+002	7.49046E+002	2.27670E+000	1.27843E-001	6.90100E-001	1.52200E-010	1.64000E-011	1.72600E-007
331	24	20	7	1.30000E-002	1.50000E-003	8.00000E-004	4.73000E-008	7.00000E-010	2.80300E-007	3.42230E+000	8.29720E+001
333	20	22	1	1.30000E-002	1.60000E-003	7.00000E-004	4.82000E-008	5.00000E-010	2.68300E-007	3.42670E+000	7.33919E+002	7.35482E+002	1.56260E+000	1.24322E-001	6.91000E-001	2.88000E-010	5.39000E-011	1.39300E-007
335	18	22	1	1.30000E-002	1.50000E-003	9.00000E-004	5.30000E-008	6.00000E-010	2.50300E-007	3.42300E+000	7.39735E+002	7.41133E+002	1.39780E+000	1.24862E-001	6.90900E-001	3.77000E-010	1.19400E-010	1.30000E-007
338	16	22	1	1.27000E-002	1.60000E-003	9.00000E-004	5.12000E-008	6.00000E-010	2.48100E-007	3.42280E+000	7.40201E+002	7.41575E+002	1.37390E+000	1.24872E-001	6.91100E-001	4.68300E-010	7.96000E-011	1.26400E-007
342	14	22	1	1.27000E-002	1.50000E-003	8.00000E-004	5.41000E-008	8.00000E-010	2.92600E-007	3.43660E+000	7.35459E+002	7.37028E+002	1.56860E+000	1.24268E-001	6.91200E-001	3.11400E-010	2.24800E-010	1.41400E-007
345	12	22	1	1.30000E-002	1.50000E-003	8.00000E-004	3.30000E-008	7.00000E-010	2.68400E-007	3.46260E+000	7.28141E+002	7.30521E+002	2.38020E+000	1.23719E-001	6.90700E-001	1.05400E-010	1.92000E-010	1.38900E-007

13	22	6	1	1.29000E-002	2.40000E-003	1.90000E-003	2.58000E-008	9.00000E-010	3.18200E-007	3.46120E+000	7.27938E+002	7.30305E+002	2.36680E+000	1.25983E-001	6.88700E-001	6.46400E-010	1.10100E-010	1.56300E-007
17	20	6	1	1.28000E-002	2.30000E-003	1.90000E-003	4.98000E-008	9.00000E-010	2.90900E-007	3.44350E+000	7.33478E+002	7.35582E+002	2.10340E+000	1.25339E-001	6.89300E-001	5.71400E-010	1.35800E-010	1.44900E-007
21	18	6	1	1.27000E-002	2.40000E-003	1.90000E-003	5.43000E-008	0.00000E+000	1.09530E-006	3.43320E+000	7.38700E+002	7.40451E+002	1.75110E+000	1.26323E-001	6.89500E-001	9.71900E-010	2.34000E-011	3.87100E-007
25	16	6	1	1.28000E-002	2.40000E-003	1.90000E-003	5.53000E-008	7.00000E-010	2.73400E-007	3.44080E+000	7.38118E+002	7.40150E+002	2.03190E+000	1.26159E-001	6.89800E-001	7.07200E-010	2.34000E-011	1.39500E-007
29	14	6	1	1.28000E-002	2.40000E-003	1.90000E-003	4.79000E-008	8.00000E-010	2.86700E-007	3.43850E+000	7.34616E+002	7.36612E+002	1.99550E+000	1.25489E-001	6.89600E-001	4.82400E-010	1.31100E-010	1.44400E-007
33	12	6	1	1.28000E-002	2.40000E-003	1.90000E-003	2.75000E-008	5.00000E-010	3.22000E-007	3.44550E+000	7.29322E+002	7.31649E+002	2.32670E+000	1.25607E-001	6.88300E-001	7.63400E-010	1.75600E-010	1.58900E-007
36	10	6	1	1.33000E-002	2.30000E-003	1.90000E-003	9.40000E-009	5.00000E-010	4.63400E-007	3.44300E+000	6.99421E+002	7.05622E+002	6.20050E+000	1.30167E-001	6.88600E-001	7.89200E-010	3.32500E-010	1.98700E-007
39	8	8	1	1.32000E-002	2.40000E-003	1.90000E-003	1.66000E-008	7.00000E-010	3.05600E-007	3.45010E+000	7.28874E+002	7.31198E+002	2.32400E+000	1.26603E-001	6.88900E-001	6.76800E-010	1.68600E-010	1.52000E-007
43	10	8	1	1.28000E-002	2.40000E-003	1.90000E-003	4.63000E-008	7.00000E-010	3.37500E-007	3.41090E+000	7.38681E+002	7.40316E+002	1.63510E+000	1.25863E-001	6.89000E-001	6.69800E-010	3.13800E-010	1.69200E-007
47	12	8	1	1.27000E-002	2.40000E-003	1.90000E-003	5.57000E-008	1.00000E-010	4.00700E-007	3.39540E+000	7.44697E+002	7.47001E+002	2.30350E+000	1.29177E-001	6.89400E-001	6.39300E-010	1.12400E-010	1.96500E-007
51	14	8	1	1.27000E-002	2.40000E-003	1.90000E-003	6.39000E-008	1.00000E-010	4.46600E-007	3.38560E+000	7.45788E+002	7.48073E+002	2.28530E+000	1.29908E-001	6.89900E-001	8.61800E-010	7.00000E-012	2.14400E-007
55	16	8	1	1.28000E-002	2.40000E-003	1.90000E-003	6.86000E-008	8.00000E-010	4.43400E-007	3.38990E+000	7.44198E+002	7.46627E+002	2.42870E+000	1.29822E-001	6.90300E-001	8.03300E-010	9.13000E-011	2.10800E-007
59	18	8	1	1.28000E-002	2.40000E-003	1.90000E-003	7.21000E-008	7.00000E-010	4.69200E-007	3.38640E+000	7.45171E+002	7.47633E+002	2.46140E+000	1.30398E-001	6.89900E-001	4.52000E-010	5.85000E-011	2.24500E-007
63	20	8	1	1.27000E-002	2.50000E-003	1.90000E-003	6.58000E-008	7.00000E-010	4.35300E-007	3.39660E+000	7.44894E+002	7.47049E+002	2.15530E+000	1.30045E-001	6.90100E-001	6.20600E-010	3.32500E-010	2.08100E-007
67	22	8	1	1.28000E-002	2.40000E-003	1.90000E-003	5.65000E-008	7.00000E-010	3.82600E-007	3.39970E+000	7.47788E+002	7.49854E+002	2.06680E+000	1.28738E-001	6.89000E-001	5.71400E-010	2.67000E-010	1.91600E-007
71	24	8	1	1.28000E-002	2.40000E-003	1.90000E-003	4.59000E-008	7.00000E-010	2.92100E-007	3.42700E+000	7.36302E+002	7.37997E+002	1.69490E+000	1.25104E-001	6.89000E-001	9.04000E-010	2.78700E-010	1.47500E-007
78	27	10	1	1.27000E-002	2.40000E-003	1.90000E-003	2.38000E-008	6.00000E-010	3.61800E-007	3.41660E+000	7.28970E+002	7.30712E+002	1.74120E+000	1.26990E-001	6.88800E-001	6.30000E-010	4.22000E-011	1.73800E-007
82	25	10	1	1.27000E-002	2.40000E-003	1.90000E-003	4.96000E-008	5.00000E-010	3.84400E-007	3.37860E+000	7.45152E+002	7.46616E+002	1.46350E+000	1.27281E-001	6.89000E-001	9.41400E-010	4.45000E-011	1.92000E-007
86	23	10	1	1.28000E-002	2.40000E-003	2.00000E-003	6.34000E-008	7.00000E-010	4.52400E-007	3.38070E+000	7.47400E+002	7.49761E+002	2.36110E+000	1.29337E-001	6.89700E-001	7.00200E-010	2.30000E-012	2.19900E-007
90	21	10	1	1.28000E-002	2.40000E-003	1.90000E-003	7.37000E-008	7.00000E-010	4.55600E-007	3.37620E+000	7.45217E+002	7.46994E+002	1.77700E+000	1.29248E-001	6.89800E-001	6.46400E-010	8.66000E-011	2.18300E-007
94	19	10	1	1.28000E-002	2.40000E-003	1.90000E-003	8.22000E-008	5.00000E-010	3.37800E-007	3.37670E+000	7.42540E+002	7.44632E+002	2.09180E+000	1.27252E-001	6.89200E-001	5.15200E-010	1.54600E-010	1.66800E-007
98	17	10	1	1.28000E-002	2.40000E-003	1.90000E-003	8.60000E-008	1.00000E-010	3.02900E-007	3.39080E+000	7.40710E+002	7.42749E+002	2.03960E+000	1.26608E-001	6.89500E-001	6.48700E-010	3.25500E-010	1.51900E-007
102	15	10	1	1.28000E-002	2.40000E-003	1.90000E-003	8.01000E-008	7.00000E-010	3.05200E-007	3.39150E+000	7.41587E+002	7.43643E+002	2.05550E+000	1.27703E-001	6.89500E-001	7.63400E-010	2.10800E-010	1.53500E-007
106	13	10	1	1.28000E-002	2.40000E-003	1.90000E-003	7.14000E-008	7.00000E-010	4.15600E-007	3.36850E+000	7.43640E+002	7.45892E+002	2.25220E+000	1.28949E-001	6.89600E-001	9.69500E-010	1.00700E-010	1.99200E-007
110	11	10	1	1.27000E-002	2.40000E-003	1.90000E-003	6.13000E-008	6.00000E-010	4.47600E-007	3.35660E+000	7.45735E+002	7.47959E+002	2.22420E+000	1.29370E-001	6.89800E-001	7.70500E-010	2.38900E-010	2.15200E-007
114	9	10	1	1.27000E-002	2.40000E-003	1.90000E-003	5.00000E-008	7.00000E-010	4.46100E-007	3.36790E+000	7.43382E+002	7.45571E+002	2.18840E+000	1.28336E-001	6.89600E-001	6.34600E-010	3.04000E-011	2.16600E-007
118	7	10	1	1.28000E-002	2.40000E-003	1.90000E-003	2.84000E-008	6.00000E-010	3.91700E-007	3.37750E+000	7.31648E+002	7.33180E+002	1.53190E+000	1.26095E-001	6.88300E-001	7.82200E-010	3.63000E-010	1.88600E-007
122	6	12	1	1.28000E-002	2.50000E-003	1.90000E-003	2.59000E-008	5.00000E-010	3.79900E-007	3.40530E+000	7.32501E+002	7.33853E+002	1.35140E+000	1.25622E-001	6.88300E-001	7.72800E-010	3.75000E-011	1.83800E-007
126	8	12	1	1.27000E-002	2.40000E-003	1.90000E-003	5.12000E-008	8.00000E-010	4.21400E-007	3.36810E+000	7.46161E+002	7.47571E+002	1.41000E+000	1.28720E-001	6.89400E-001	7.91500E-010	5.62000E-011	2.07500E-007
130	10	12	1	1.28000E-002	2.40000E-003	1.90000E-003	6.34000E-008	8.00000E-010	4.82600E-007	3.34070E+000	7.47114E+002	7.49069E+002	1.95500E+000	1.28811E-001	6.90100E-001	5.57400E-010	1.92000E-010	2.32500E-007
134	12	12	1	1.28000E-002	2.30000E-003	1.90000E-003	7.35000E-008	7.00000E-010	4.03600E-007	3.35520E+000	7.42535E+002	7.44494E+002	1.95930E+000	1.27909E-001	6.89500E-001	5.38600E-010	3.02100E-010	1.96300E-007
138	14	12	1	1.28000E-002	2.30000E-003	1.90000E-003	7.72000E-008	5.00000E-010	2.22700E-007	3.37510E+000	7.36697E+002	7.38632E+002	1.93460E+000	1.23541E-001	6.90400E-001	8.19700E-010	5.39000E-011	1.15900E-007
142	16	12	1	1.28000E-002	2.40000E-003	1.90000E-003	8.66000E-008	7.00000E-010	2.55400E-007	3.35450E+000	7.30479E+002	7.32291E+002	1.81200E+000	1.23449E-001	6.89700E-001	7.82200E-010	5.85000E-011	1.29200E-007
146	18	12	1	1.28000E-002	2.40000E-003	1.90000E-003	8.21000E-008	6.00000E-010	2.34200E-007	3.36590E+000	7.33095E+002	7.34798E+002	1.70330E+000	1.22400E-001	6.89500E-001	6.20600E-010	3.98000E-011	1.20200E-007
150	20	12	1	1.28000E-002	2.50000E-003	1.90000E-003	8.17000E-008	6.00000E-010	2.76000E-007	3.38170E+000	7.38171E+002	7.39783E+002	1.61230E+000	1.24599E-001	6.89700E-001	7.56400E-010	2.67000E-010	1.39700E-007
154	22	12	1	1.28000E-002	2.50000E-003	1.90000E-003	7.61000E-008	0.00000E+000	4.20100E-007	3.36630E+000	7.45990E+002	7.47539E+002	1.54860E+000	1.28234E-001	6.89900E-001	8.22000E-010	2.11000E-011	2.04400E-007
158	24	12	1	1.29000E-002	2.40000E-003	1.90000E-003	6.51000E-008	8.00000E-010	4.97200E-007	3.36850E+000	7.47264E+002	7.48818E+002	1.55410E+000	1.29545E-001	6.90000E-001	7.02600E-010	1.56900E-010	2.38000E-007
162	26	12	1	1.27000E-002	2.40000E-003	1.90000E-003	4.90000E-008	2.00000E-010	3.99000E-007	3.38230E+000	7.46183E+002	7.47886E+002	1.70290E+000	1.27563E-001	6.89300E-001	7.70500E-010	2.64600E-010	1.99400E-007
166	28	12	1	1.27000E-002	2.30000E-003	1.90000E-003	2.16000E-008	5.00000E-010	3.53600E-007	3.43870E+000	7.28899E+002	7.30325E+002	1.42600E+000	1.26561E-001	6.88500E-001	8.00900E-010	3.98000E-011	1.70500E-007
170	28	14	1	1.28000E-002	2.30000E-003	1.90000E-003	2.72000E-008	7.00000E-010	3.75900E-007	3.42100E+000	7.30264E+002	7.31595E+002	1.33090E+000	1.25363E-001	6.87900E-001	7.63400E-010	4.92000E-011	1.81900E-007
174	26	14	1	1.28000E-002	2.30000E-003	1.90000E-003	5.15000E-008	8.00000E-010	4.30000E-007	3.37530E+000	7.48252E+002	7.49946E+002	1.69460E+000	1.28462E-001	6.89900E-001	6.41700E-010	2.59900E-010	2.13100E-007
178	24	14	1	1.28000E-002	2.30000E-003	1.90000E-003	6.72000E-008	2.00000E-010	4.87100E-007	3.37830E+000	7.46967E+002	7.48938E+002	1.97030E+000	1.29858E-001	6.90900E-001	7.86900E-010	2.30000E-012	2.32800E-007
182	22	14	1	1.28000E-002	2.40000E-003	1.90000E-003	7.79000E-008	6.00000E-010	4.46100E-007	3.37590E+000	7.43452E+002	7.44889E+002	1.43670E+000	1.27012E-001	6.90000E-001	6.83800E-010	1.00700E-010	2.14400E-007
186	20	14	1	1.27000E-002	2.50000E-003	1.90000E-003	8.10000E-008	4.00000E-010	2.40100E-007	3.35260E+000	7.33511E+002	7.34928E+002	1.41690E+000	1.22799E-001	6.89700E-001	6.76800E-010	1.64000E-011	1.22200E-007
190	18	14	1	1.28000E-002	2.40000E-003	1.90000E-003	8.40000E-008	8.00000E-010	2.72400E-007	3.36360E+000	7.20074E+002	7.21665E+002	1.59080E+000	1.23430E-001	6.90100E-001	5.19900E-010	2.97400E-010	1.28600E-007
194	16	14	1	1.28000E-002	2.40000E-003	1.90000E-003	7.97000E-008	6.00000E-010	2.64700E-007	3.35460E+000	7.23145E+002	7.25562E+002	2.41730E+000	1.22452E-001	6.89500E-001	7.98600E-010	5.62000E-011	1.28600E-007
198	14	14	1	1.28000E-002	2.40000E-003	1.90000E-003	8.25000E-008	7.00000E-010	2.53000E-007	3.35820E+000	7.29790E+002	7.31233E+002	1.44250E+000	1.23185E-001	6.89900E-001	5.87800E-010	3.04000E-011	1.26700E-007
202	12	14	1	1.28000E-002	2.50000E-003	1.90000E-003	7.92000E-008	3.00000E-010	3.89300E-007	3.36740E+000	7.40709E+002	7.42246E+002	1.53680E+000	1.26196E-001	6.89100E-001	5.03500E-010	2.15500E-010	1.89300E-007
206	10	14	1	1.28000E-002	2.40000E-003	1.90000E-003	6.91000E-008	8.00000E-010	4.78600E-007	3.35960E+000	7.44762E+002	7.46249E+002	1.48650E+000	1.29271E-001	6.90100E-001	8.61800E-010	2.90400E-010	2.26300E-007
210	8	14	1	1.28000E-002	2.50000E-003	1.90000E-003	5.61000E-008	6.00000E-010	4.09300E-007	3.35790E+000	7.46148E+002	7.47773E+002	1.62520E+000	1.29444E-001	6.89100E-001	9.41400E-010	2.43600E-010	2.00800E-007
214	6	14	1	1.28000E-002	2.50000E-003	1.90000E-003	3.20000E-008	4.00000E-010	2.93800E-007	3.42420E+000	7.33358E+002	7.34705E+002	1.34700E+000	1.24929E-001	6.89400E-001	4.70700E-010	3.06800E-010	1.47300E-007
218	7	16	1	1.28000E-002	2.50000E-003	1.90000E-003	4.73000E-008	6.00000E-010	2.71200E-007	3.40350E+000	7.38961E+002	7.40502E+002	1.54070E+000	1.25776E-001	6.89500E-001	5.26900E-010	3.23200E-010	1.37100E-007
222	9	16	1	1.28000E-002	2.50000E-003	1.90000E-003	6.06000E-008	5.00000E-010	4.38300E-007	3.34800E+000	7.44963E+002	7.46415E+002	1.45270E+000	1.29557E-001	6.89700E-001	8.47800E-010	1.42900E-010	2.09100E-007
226	11	16	1	1.27000E-002	2.40000E-003	1.90000E-003	7.09000E-008	6.00000E-010	4.56900E-007	3.36310E+000	7.44218E+002	7.45780E+002	1.56260E+000	1.28724E-001	6.90100E-001	9.04000E-010	3.28000E-011	2.17100E-007
230	13	16	1	1.28000E-002	2.50000E-003	1.90000E-003	8.03000E-008	2.00000E-010	4.12000E-007	3.35480E+000	7.39489E+002	7.41151E+002	1.66170E+000	1.26096E-001	6.88900E-001	8.57100E-010	1.75600E-010	1.99000E-007
234	15	16	1	1.28000E-002	2.50000E-003	1.90000E-003	8.36000E-008	8.00000E-010	2.85900E-007	3.35290E+000	7.30191E+002	7.31664E+002	1.47290E+000	1.23203E-001	6.89700E-001	5.92500E-010	1.54600E-010	1.34700E-007
238	17	16	1	1.28000E-002	2.60000E-003	1.90000E-003	8.31000E-008	7.00000E-010	2.62300E-007	3.35840E+000	7.26788E+002	7.28824E+002	2.03530E+000	1.24004E-001	6.90100E-001	7.58800E-010	4.05100E-010	1.28800E-007
242	19	16	1	1.28000E-002	2.50000E-003	1.90000E-003	8.30000E-008	7.00000E-010	3.01000E-007	3.34410E+000	7.30044E+002	7.32187E+002	2.14340E+000	1.23375E-001	6.89000E-001	9.18000E-010	1.26500E-010	1.46100E-007
246	21	16	1	1.28000E-002	2.50000E-003	1.90000E-003	7.80000E-008	7.00000E-010	4.80700E-007	3.37140E+000	7.41357E+002	7.42816E+002	1.45880E+000	1.26199E-001	6.89700E-001	7.40000E-010	1.00700E-010	2.30300E-007
250	23	16	1	1.28000E-002	2.50000E-003	1.90000E-003	6.93000E-008	4.00000E-010	5.04400E-007	3.37640E+000	7.45842E+002	7.47315E+002	1.47230E+000	1.29249E-001	6.90500E-001	8.24300E-010	1.64000E-011	2.39700E-007
254	25	16	1	1.28000E-002	2.50000E-003	1.90000E-003	5.64000E-008	8.00000E-010	4.69800E-007	3.37150E+000	7.47230E+002	7.48661E+002	1.43100E+000	1.29537E-001	6.91100E-001	6.95500E-010	2.92700E-010	2.25300E-007
258	27	16	1	1.27000E-002	2.50000E-003	1.90000E-003	5.11000E-008	3.00000E-010	4.12500E-007	3.36560E+000	7.34162E+002	7.36012E+002	1.85000E+000	1.25451E-001	6.88100E-001	4.37900E-010	5.15000E-011	2.00100E-007
262	26	18	1	1.28000E-002	2.40000E-003	1.90000E-003	4.53000E-008	3.00000E-010	3.19800E-007	3.39470E+000	7.34548E+002	7.36178E+002	1.63020E+000	1.24373E-001	6.88700E-001	7.65800E-010	2.48200E-010	1.60100E-007
266	24	18	1	1.27000E-002	2.40000E-003	1.90000E-003	5.36000E-008	7.00000E-010	4.13900E-007	3.36540E+000	7.48102E+002	7.49717E+002	1.61460E+000	1.28869E-001	6.89600E-001	7.93900E-010	1.49900E-010	2.04200E-007
270	22	18	1	1.28000E-002	2.40000E-003	1.90000E-003	6.56000E-008	5.00000E-010	4.54200E-007	3.35770E+000	7.45948E+002	7.48235E+002	2.28660E+000	1.29187E-001	6.90000E-001	7.54100E-010	1.03000E-010	2.18400E-007
274	20	18	1	1.28000E-002	2.40000E-003	1.90000E-003	7.59000E-008	6.00000E-010	4.58800E-007	3.36160E+000	7.42540E+002	7.44830E+002	2.29010E+000	1.28267E-001	6.89500E-001	8.75900E-010	5.62000E-011	2.19200E-007
278	18	18	1	1.28000E-002	2.40000E-003	1.90000E-003	7.99000E-008	4.00000E-010	4.30000E-007	3.35520E+000	7.41672E+002	7.43857E+002	2.18470E+000	1.26381E-001	6.89300E-001	5.41000E-010	1.31100E-010	2.07300E-007
282	16	18	1	1.29000E-002	2.40000E-003	1.90000E-003	8.08000E-008	7.00000E-010	4.02100E-007	3.35420E+000	7.39138E+002	7.41509E+002	2.37070E+000	1.26722E-001	6.89200E-001	5.87800E-010	7.96000E-011	1.93800E-007
286	14	18	1	1.27000E-002	2.40000E-003	1.90000E-003	7.82000E-008	5.00000E-010	4.09900E-007	3.34650E+000	7.42968E+002	7.45110E+002	2.14190E+000	1.28014E-001	6.89000E-001	4.56700E-010	6.09000E-011	1.99300E-007
290	12	18	1	1.27000E-002	2.40000E-003	1.90000E-003	7.05000E-008	7.00000E-010	3.95200E-007	3.35400E+000	7.44805E+002	7.46774E+002	1.96880E+000	1.29077E-001	6.89100E-001	6.76800E-010	1.94400E-010	1.92200E-007
294	10	18	1	1.28000E-002	2.40000E-003	1.90000E-003	6.08000E-008	2.00000E-010	3.00900E-007	3.38250E+000	7.46331E+002	7.48643E+002	2.31180E+000	1.28868E-001	6.89200E-001	9.18000E-010	1.94400E-010	1.53000E-007
298	8	18	1	1.28000E-002	2.40000E-003	1.90000E-003	4.89000E-008	7.00000E-010	2.06900E-007	3.41790E+000	7.40310E+002	7.42112E+002	1.80200E+000	1.25485E-001	6.90700E-001	8.05600E-010	1.21800E-010	1.12400E-007
302	9	20	7	1.30000E-002	2.40000E-003	1.80000E-003	4.00000E-008	7.00000E-010	2.60600E-007	3.42930E+000	8.64520E+001
304	11	20	1	1.28000E-002	2.40000E-003	1.90000E-003	5.77000E-008	5.00000E-010	2.38900E-007	3.39500E+000	7.46354E+002	7.48261E+002	1.90640E+000	1.27001E-001	6.90000E-001	9.50800E-010	7.96000E-011	1.27200E-007
308	13	20	1	1.29000E-002	2.50000E-003	2.00000E-003	6.36000E-008	9.00000E-010	3.47300E-007	3.35890E+000	7.44129E+002	7.46531E+002	2.40230E+000	1.28864E-001	6.89500E-001	7.44700E-010	4.22000E-011	1.70800E-007
312	15	20	1	1.27000E-002	2.40000E-003	1.90000E-003	6.66000E-008	9.00000E-010	4.53500E-007	3.34160E+000	7.44702E+002	7.47105E+002	2.40330E+000	1.29118E-001	6.89400E-001	6.53400E-010	3.75000E-011	2.18200E-007
316	17	20	1	1.28000E-002	2.40000E-003	1.90000E-003	6.96000E-008	7.00000E-010	4.72600E-007	3.33790E+000	7.43991E+002	7.46259E+002	2.26870E+000	1.28658E-001	6.89900E-001	5.38600E-010	1.71000E-010	2.23700E-007
320	19	20	1	1.27000E-002	2.40000E-003	1.90000E-003	6.52000E-008	7.00000E-010	4.80400E-007	3.34000E+000	7.43490E+002	7.45881E+002	2.39070E+000	1.29496E-001	6.89600E-001	6.11200E-010	1.31100E-010	2.28000E-007
324	21	20	1	1.29000E-002	2.40000E-003	1.90000E-003	5.89000E-008	6.00000E-010	4.07400E-007	3.35860E+000	7.45241E+002	7.47398E+002	2.15760E+000	1.29149E-001	6.90000E-001	9.20400E-010	2.20100E-010	1.96300E-007
328	23	20	1	1.27000E-002	2.50000E-003	1.90000E-003	4.99000E-008	8.00000E-010	2.89900E-007	3.40080E+000	7.43555E+002	7.45265E+002	1.71050E+000	1.26693E-001	6.89500E-001	6.62700E-010	7.00000E-012	1.50100E-007
332	25	20	1	1.30000E-002	2.40000E-003	1.80000E-003	3.18000E-008	8.00000E-010	2.88900E-007	3.44880E+000	7.29113E+002	7.31208E+002	2.09460E+000	1.24735E-001	6.89200E-001	5.83100E-010	2.64600E-010	1.50900E-007
334	21	22	1	1.30000E-002	2.40000E-003	1.80000E-003	4.21000E-008	6.00000E-010	2.83600E-007	3.43860E+000	7.29918E+002	7.32182E+002	2.26400E+000	1.24457E-001	6.90200E-001	7.93900E-010	1.07700E-010	1.41100E-007
336	19	22	1	1.30000E-002	2.40000E-003	1.90000E-003	5.14000E-008	8.00000E-010	2.57200E-007	3.42640E+000	7.37069E+002	7.38605E+002	1.53570E+000	1.24958E-001	6.90100E-001	8.75900E-010	5.85000E-011	1.37000E-007
339	17	22	1	1.27000E-002	2.40000E-003	1.90000E-003	5.36000E-008	6.00000E-010	2.48700E-007	3.41570E+000	7.40122E+002	7.41509E+002	1.38690E+000	1.26666E-001	6.91100E-001	9.36700E-010	1.42900E-010	1.29200E-007
343	15	22	1	1.27000E-002	2.40000E-003	1.80000E-003	5.33000E-008	9.00000E-010	2.42100E-007	3.42830E+000	7.38076E+002	7.39626E+002	1.55010E+000	1.25044E-001	6.90200E-001	8.36000E-010	1.56900E-010	1.27500E-007
346	13	22	7	1.30000E-002	2.30000E-003	1.80000E-003	4.57000E-008	1.00000E-009	2.75900E-006	3.46160E+000	4.19635E+002

1	13	5	1	1.03000E-002	-4.00000E-004	-8.00000E-004	1.59000E-008	3.00000E-010	3.79100E-007	3.45140E+000	7.19614E+002	7.22568E+002	2.95450E+000	1.28847E-001	6.91500E-001	1.85000E-010	6.64900E-010	1.72700E-007
3	15	5	1	1.02000E-002	-4.00000E-004	-8.00000E-004	2.51000E-008	1.00000E-010	3.30600E-007	3.44570E+000	7.27283E+002	7.29582E+002	2.29830E+000	1.26527E-001	6.91200E-001	7.73000E-011	2.64600E-010	1.64800E-007
5	17	5	1	1.02000E-002	-4.00000E-004	-8.00000E-004	3.00000E-008	1.00000E-010	3.34400E-007	3.44910E+000	7.27250E+002	7.29563E+002	2.31390E+000	1.26411E-001	6.90800E-001	3.27800E-010	4.77600E-010	1.66300E-007
7	19	5	1	1.01000E-002	-4.00000E-004	-8.00000E-004	2.51000E-008	2.00000E-010	1.40070E-006	3.46070E+000	7.26548E+002	7.28911E+002	2.36230E+000	1.26878E-001	6.89700E-001	3.60600E-010	5.59600E-010	6.55800E-007
10	23	7	1	1.24000E-002	-4.00000E-004	-8.00000E-004	4.24000E-008	4.00000E-010	3.29200E-007	3.44310E+000	7.31513E+002	7.33723E+002	2.20970E+000	1.24763E-001	6.91000E-001	5.85000E-011	2.81000E-011	1.62500E-007
14	21	7	1	1.29000E-002	-2.00000E-004	-8.00000E-004	5.35000E-008	6.00000E-010	1.10690E-006	3.40720E+000	7.44164E+002	7.45697E+002	1.53360E+000	1.27083E-001	6.91500E-001	1.21700E-010	2.27100E-010	4.47200E-007
18	19	7	1	1.28000E-002	-3.00000E-004	-7.00000E-004	6.40000E-008	5.00000E-010	3.83300E-007	3.39380E+000	7.43207E+002	7.45761E+002	2.55340E+000	1.29791E-001	6.91600E-001	1.70900E-010	2.08400E-010	1.88700E-007
22	17	7	1	1.27000E-002	-4.00000E-004	-7.00000E-004	6.78000E-008	1.00000E-010	3.82000E-007	3.40240E+000	7.40679E+002	7.43102E+002	2.42300E+000	1.29040E-001	6.92700E-001	1.35800E-010	1.82600E-010	1.81900E-007
26	15	7	1	1.28000E-002	-3.00000E-004	-7.00000E-004	6.06000E-008	3.00000E-010	3.82900E-007	3.39840E+000	7.42835E+002	7.45258E+002	2.42380E+000	1.29117E-001	6.91500E-001	1.12400E-010	2.34000E-011	1.87100E-007
30	13	7	1	1.28000E-002	-3.00000E-004	-7.00000E-004	5.52000E-008	5.00000E-010	3.38800E-007	3.41180E+000	7.41799E+002	7.44116E+002	2.31720E+000	1.27576E-001	6.91600E-001	2.66900E-010	1.17100E-010	1.69600E-007
34	11	7	1	1.28000E-002	-3.00000E-004	-7.00000E-004	4.44000E-008	2.00000E-010	3.00800E-007	3.42600E+000	7.33160E+002	7.35422E+002	2.26220E+000	1.25831E-001	6.91800E-001	3.75000E-011	2.64600E-010	1.51500E-007
37	9	7	1	1.33000E-002	-3.00000E-004	-8.00000E-004	1.57000E-008	3.00000E-010	3.59500E-007	3.45940E+000	7.25306E+002	7.27194E+002	1.88810E+000	1.27063E-001	6.91300E-001	6.79000E-011	4.02700E-010	1.91700E-007
40	7	9	1	1.32000E-002	-3.00000E-004	-8.00000E-004	1.73000E-008	4.00000E-010	3.45400E-007	3.42860E+000	7.26222E+002	7.28086E+002	1.86310E+000	1.27103E-001	6.91800E-001	1.61500E-010	2.92700E-010	1.66100E-007
44	9	9	1	1.28000E-002	-3.00000E-004	-7.00000E-004	4.63000E-008	5.00000E-010	3.81800E-007	3.38050E+000	7.39215E+002	7.40769E+002	1.55370E+000	1.25901E-001	6.91600E-001	1.24100E-010	4.54200E-010	1.87400E-007
48	11	9	1	1.27000E-002	-3.00000E-004	-7.00000E-004	5.67000E-008	3.00000E-010	4.22500E-007	3.37800E+000	7.45755E+002	7.47759E+002	2.00440E+000	1.29354E-001	6.91800E-001	5.85000E-011	2.48200E-010	2.05000E-007
52	13	9	1	1.27000E-002	-3.00000E-004	-7.00000E-004	6.79000E-008	1.00000E-010	4.29200E-007	3.36560E+000	7.43587E+002	7.45923E+002	2.33550E+000	1.29477E-001	6.92500E-001	5.38000E-011	1.10000E-010	2.05200E-007
56	15	9	1	1.28000E-002	-3.00000E-004	-7.00000E-004	7.47000E-008	6.00000E-010	4.15400E-007	3.37900E+000	7.44433E+002	7.46525E+002	2.09190E+000	1.28927E-001	6.92100E-001	5.15000E-011	4.92000E-011	1.99800E-007
60	17	9	1	1.28000E-002	-3.00000E-004	-8.00000E-004	8.08000E-008	5.00000E-010	4.04700E-007	3.38360E+000	7.42136E+002	7.44507E+002	2.37040E+000	1.28575E-001	6.92000E-001	2.69200E-010	1.59200E-010	1.94000E-007
64	19	9	1	1.27000E-002	-2.00000E-004	-7.00000E-004	7.61000E-008	5.00000E-010	4.43500E-007	3.38730E+000	7.43920E+002	7.46128E+002	2.20820E+000	1.28961E-001	6.92200E-001	1.63900E-010	4.87000E-010	2.10700E-007
68	21	9	1	1.28000E-002	-2.00000E-004	-8.00000E-004	7.10000E-008	4.00000E-010	4.53700E-007	3.38640E+000	7.44328E+002	7.46791E+002	2.46300E+000	1.29657E-001	6.92200E-001	1.33500E-010	3.76900E-010	2.16400E-007
72	23	9	1	1.28000E-002	-3.00000E-004	-7.00000E-004	5.88000E-008	4.00000E-010	4.17400E-007	3.37020E+000	7.46572E+002	7.48910E+002	2.33770E+000	1.28489E-001	6.91800E-001	1.52200E-010	3.84000E-010	2.05900E-007
75	25	9	1	1.25000E-002	-4.00000E-004	-8.00000E-004	5.10000E-008	2.00000E-010	3.23200E-007	3.40010E+000	7.36619E+002	7.38370E+002	1.75190E+000	1.25420E-001	6.90900E-001	1.17000E-011	4.82300E-010	1.63300E-007
79	26	11	1	1.27000E-002	-3.00000E-004	-7.00000E-004	4.71000E-008	4.00000E-010	3.84800E-007	3.37310E+000	7.41051E+002	7.43048E+002	1.99700E+000	1.25727E-001	6.90800E-001	4.21000E-011	3.98000E-011	1.91200E-007
83	24	11	1	1.27000E-002	-3.00000E-004	-7.00000E-004	6.17000E-008	3.00000E-010	4.66300E-007	3.37780E+000	7.47914E+002	7.49697E+002	1.78270E+000	1.28422E-001	6.92400E-001	2.24800E-010	5.15000E-011	2.24000E-007
87	22	11	1	1.28000E-002	-3.00000E-004	-7.00000E-004	7.42000E-008	5.00000E-010	4.30000E-007	3.38960E+000	7.46799E+002	7.48964E+002	2.16560E+000	1.27791E-001	6.91800E-001	4.45000E-011	9.60000E-011	2.09800E-007
91	20	11	1	1.28000E-002	-2.00000E-004	-8.00000E-004	8.11000E-008	4.00000E-010	3.21100E-007	3.37370E+000	7.42378E+002	7.44614E+002	2.23650E+000	1.24841E-001	6.91600E-001	7.49000E-011	1.52200E-010	1.61500E-007
95	18	11	1	1.28000E-002	-2.00000E-004	-7.00000E-004	8.26000E-008	5.00000E-010	2.34100E-007	3.38210E+000	7.37821E+002	7.39909E+002	2.08820E+000	1.24098E-001	6.92700E-001	1.96700E-010	3.09000E-010	1.23100E-007
99	16	11	1	1.28000E-002	-3.00000E-004	-7.00000E-004	8.14000E-008	4.00000E-010	2.38400E-007	3.39060E+000	7.36602E+002	7.39022E+002	2.42040E+000	1.23653E-001	6.92400E-001	1.10000E-010	4.54200E-010	1.22500E-007
103	14	11	1	1.28000E-002	-2.00000E-004	-7.00000E-004	7.71000E-008	4.00000E-010	2.80300E-007	3.39400E+000	7.39131E+002	7.41168E+002	2.03730E+000	1.25961E-001	6.92300E-001	2.34000E-011	2.52900E-010	1.43100E-007
107	12	11	1	1.28000E-002	-2.00000E-004	-8.00000E-004	6.98000E-008	4.00000E-010	4.15300E-007	3.36850E+000	7.43125E+002	7.45422E+002	2.29730E+000	1.28008E-001	6.92400E-001	2.29400E-010	1.68600E-010	1.97800E-007
111	10	11	1	1.27000E-002	-3.00000E-004	-7.00000E-004	6.23000E-008	4.00000E-010	4.80700E-007	3.36050E+000	7.45595E+002	7.47766E+002	2.17170E+000	1.28188E-001	6.92700E-001	2.81000E-011	2.97300E-010	2.27200E-007
115	8	11	1	1.27000E-002	-3.00000E-004	-7.00000E-004	4.61000E-008	5.00000E-010	4.37400E-007	3.37070E+000	7.43498E+002	7.45088E+002	1.58980E+000	1.28734E-001	6.93300E-001	1.47500E-010	9.83000E-011	2.13500E-007
119	6	11	1	1.28000E-002	-3.00000E-004	-8.00000E-004	2.01000E-008	4.00000E-010	3.83800E-007	3.40370E+000	7.30576E+002	7.32027E+002	1.45050E+000	1.26194E-001	6.90900E-001	7.00000E-012	3.81600E-010	1.83700E-007
123	5	13	1	1.28000E-002	-3.00000E-004	-7.00000E-004	1.37000E-008	3.00000E-010	3.44400E-007	3.46280E+000	7.25429E+002	7.28045E+002	2.61580E+000	1.27715E-001	6.92400E-001	1.64000E-011	1.05400E-010	1.64200E-007
127	7	13	1	1.27000E-002	-3.00000E-004	-7.00000E-004	4.89000E-008	5.00000E-010	3.55900E-007	3.39040E+000	7.41170E+002	7.42783E+002	1.61290E+000	1.26217E-001	6.90800E-001	5.15000E-011	1.80300E-010	1.74200E-007
131	9	13	1	1.28000E-002	-2.00000E-004	-7.00000E-004	6.22000E-008	5.00000E-010	5.08500E-007	3.34720E+000	7.46171E+002	7.47629E+002	1.45820E+000	1.29591E-001	6.92500E-001	1.94300E-010	2.41200E-010	2.42400E-007
135	11	13	1	1.28000E-002	-2.00000E-004	-7.00000E-004	7.36000E-008	4.00000E-010	4.63900E-007	3.35980E+000	7.43830E+002	7.45193E+002	1.36240E+000	1.27654E-001	6.92400E-001	1.80300E-010	3.25400E-010	2.20500E-007
139	13	13	1	1.28000E-002	-3.00000E-004	-7.00000E-004	8.04000E-008	3.00000E-010	2.70700E-007	3.36880E+000	7.36500E+002	7.38467E+002	1.96690E+000	1.24626E-001	6.91900E-001	3.75000E-011	1.03000E-010	1.38500E-007
143	15	13	1	1.28000E-002	-2.00000E-004	-6.00000E-004	8.33000E-008	5.00000E-010	2.66800E-007	3.33540E+000	7.27292E+002	7.29200E+002	1.90860E+000	1.23524E-001	6.91800E-001	1.17000E-011	1.33500E-010	1.32800E-007
147	17	13	1	1.28000E-002	-1.00000E-004	-8.00000E-004	8.62000E-008	4.00000E-010	2.86600E-007	3.36500E+000	7.19172E+002	7.20628E+002	1.45660E+000	1.22920E-001	6.92500E-001	5.38000E-011	1.19400E-010	1.32100E-007
151	19	13	1	1.28000E-002	-1.00000E-004	-7.00000E-004	8.40000E-008	4.00000E-010	2.59700E-007	3.34310E+000	7.29622E+002	7.31191E+002	1.56850E+000	1.23410E-001	6.91700E-001	1.64000E-011	3.98000E-010	1.30500E-007
155	21	13	1	1.28000E-002	-2.00000E-004	-8.00000E-004	8.20000E-008	3.00000E-010	3.96400E-007	3.34690E+000	7.39221E+002	7.40842E+002	1.62040E+000	1.25386E-001	6.91400E-001	5.38000E-011	9.37000E-011	1.93000E-007
159	23	13	1	1.29000E-002	-2.00000E-004	-8.00000E-004	7.47000E-008	5.00000E-010	4.99100E-007	3.38730E+000	7.45513E+002	7.46952E+002	1.43850E+000	1.28463E-001	6.93200E-001	9.60000E-011	2.83300E-010	2.35300E-007
163	25	13	1	1.27000E-002	-2.00000E-004	-7.00000E-004	6.05000E-008	4.00000E-010	4.98100E-007	3.37660E+000	7.46286E+002	7.47616E+002	1.33040E+000	1.29150E-001	6.93500E-001	6.32000E-011	4.07400E-010	2.35600E-007
167	27	13	1	1.27000E-002	-1.00000E-004	-7.00000E-004	5.14000E-008	3.00000E-010	3.77300E-007	3.38650E+000	7.36681E+002	7.38378E+002	1.69730E+000	1.25438E-001	6.90200E-001	3.75000E-011	1.26400E-010	1.86200E-007
171	27	15	1	1.28000E-002	-3.00000E-004	-7.00000E-004	4.98000E-008	5.00000E-010	3.90700E-007	3.37770E+000	7.36725E+002	7.38533E+002	1.80770E+000	1.25054E-001	6.90100E-001	2.34000E-011	1.70900E-010	1.92000E-007
175	25	15	1	1.28000E-002	-2.00000E-004	-7.00000E-004	6.03000E-008	5.00000E-010	5.04200E-007	3.35810E+000	7.47102E+002	7.48574E+002	1.47190E+000	1.30111E-001	6.93400E-001	1.63900E-010	2.73900E-010	2.41100E-007
179	23	15	1	1.28000E-002	-2.00000E-004	-7.00000E-004	7.42000E-008	4.00000E-010	4.87000E-007	3.38230E+000	7.45678E+002	7.47106E+002	1.42820E+000	1.28565E-001	6.93200E-001	0.00000E+000	2.58000E-011	2.32600E-007
183	21	15	1	1.28000E-002	-2.00000E-004	-8.00000E-004	7.98000E-008	3.00000E-010	4.52200E-007	3.35820E+000	7.39314E+002	7.40724E+002	1.40920E+000	1.24818E-001	6.92200E-001	7.26000E-011	2.43500E-010	2.15200E-007
187	19	15	1	1.27000E-002	-1.00000E-004	-7.00000E-004	8.36000E-008	6.00000E-010	2.70900E-007	3.34330E+000	7.28199E+002	7.29799E+002	1.60090E+000	1.23337E-001	6.91700E-001	9.60000E-011	1.19400E-010	1.34700E-007
191	17	15	1	1.28000E-002	-2.00000E-004	-8.00000E-004	8.52000E-008	5.00000E-010	3.07600E-007	3.34860E+000	7.21188E+002	7.22608E+002	1.42030E+000	1.23641E-001	6.91600E-001	2.85600E-010	3.95700E-010	1.44500E-007
195	15	15	1	1.28000E-002	-1.00000E-004	-8.00000E-004	8.43000E-008	3.00000E-010	2.80300E-007	3.34260E+000	7.26214E+002	7.27830E+002	1.61660E+000	1.23510E-001	6.91700E-001	7.26000E-011	1.94300E-010	1.36100E-007
199	13	15	1	1.28000E-002	-1.00000E-004	-7.00000E-004	8.18000E-008	5.00000E-010	3.09100E-007	3.35870E+000	7.36580E+002	7.38194E+002	1.61370E+000	1.23059E-001	6.91300E-001	1.68600E-010	1.05400E-010	1.53800E-007
203	11	15	1	1.28000E-002	-3.00000E-004	-7.00000E-004	7.48000E-008	4.00000E-010	4.70900E-007	3.36480E+000	7.43025E+002	7.44527E+002	1.50160E+000	1.28751E-001	6.92500E-001	2.41200E-010	3.16100E-010	2.22500E-007
207	9	15	1	1.28000E-002	-2.00000E-004	-7.00000E-004	6.44000E-008	6.00000E-010	4.87700E-007	3.34490E+000	7.44767E+002	7.46208E+002	1.44100E+000	1.29854E-001	6.92000E-001	1.38100E-010	2.76300E-010	2.29200E-007
211	7	15	1	1.28000E-002	-2.00000E-004	-8.00000E-004	4.91000E-008	4.00000E-010	3.29700E-007	3.38720E+000	7.41654E+002	7.43222E+002	1.56770E+000	1.26524E-001	6.91200E-001	1.63900E-010	2.52900E-010	1.62500E-007
215	5	15	1	1.28000E-002	-2.00000E-004	-7.00000E-004	1.47000E-008	3.20000E-009	3.17700E-007	3.48100E+000	7.21588E+002	7.24574E+002	2.98540E+000	1.27831E-001	6.92900E-001	2.71600E-010	3.84000E-010	1.52500E-007
219	6	17	1	1.28000E-002	-3.00000E-004	-8.00000E-004	2.24000E-008	4.00000E-010	2.84100E-007	3.43830E+000	7.30410E+002	7.32147E+002	1.73660E+000	1.25024E-001	6.92000E-001	2.52900E-010	3.74600E-010	1.42500E-007
223	8	17	1	1.28000E-002	-2.00000E-004	-7.00000E-004	5.35000E-008	3.00000E-010	2.69600E-007	3.40070E+000	7.45059E+002	7.46447E+002	1.38850E+000	1.26963E-001	6.92400E-001	4.21000E-011	2.78600E-010	1.32800E-007
227	10	17	1	1.27000E-002	-2.00000E-004	-7.00000E-004	6.59000E-008	4.00000E-010	3.95000E-007	3.34490E+000	7.47330E+002	7.48977E+002	1.64640E+000	1.29107E-001	6.91300E-001	2.03700E-010	1.10000E-010	1.96000E-007
231	12	17	1	1.28000E-002	-2.00000E-004	-7.00000E-004	7.53000E-008	4.00000E-010	4.17300E-007	3.36400E+000	7.43899E+002	7.45449E+002	1.55030E+000	1.28112E-001	6.91700E-001	4.68000E-011	1.54500E-010	1.98600E-007
235	14	17	1	1.28000E-002	-2.00000E-004	-8.00000E-004	8.22000E-008	5.00000E-010	3.73200E-007	3.36620E+000	7.40031E+002	7.41753E+002	1.72110E+000	1.25419E-001	6.91200E-001	2.55200E-010	1.07700E-010	1.81900E-007
239	16	17	1	1.28000E-002	-2.00000E-004	-8.00000E-004	8.41000E-008	5.00000E-010	2.98100E-007	3.36510E+000	7.34407E+002	7.36421E+002	2.01450E+000	1.24164E-001	6.91400E-001	6.56000E-011	4.82300E-010	1.48100E-007
243	18	17	1	1.28000E-002	-2.00000E-004	-7.00000E-004	8.28000E-008	4.00000E-010	3.27500E-007	3.35340E+000	7.35901E+002	7.37825E+002	1.92400E+000	1.23714E-001	6.91300E-001	1.52200E-010	2.66900E-010	1.61400E-007
247	20	17	1	1.28000E-002	-1.00000E-004	-8.00000E-004	8.01000E-008	4.00000E-010	4.36600E-007	3.36250E+000	7.40071E+002	7.42228E+002	2.15640E+000	1.26008E-001	6.91700E-001	4.21000E-011	1.17000E-011	2.08600E-007
251	22	17	1	1.28000E-002	-2.00000E-004	-7.00000E-004	7.12000E-008	5.00000E-010	4.31700E-007	3.37230E+000	7.46349E+002	7.48118E+002	1.76930E+000	1.28005E-001	6.92600E-001	1.10000E-010	1.64000E-011	2.08700E-007
255	24	17	1	1.28000E-002	-2.00000E-004	-7.00000E-004	5.96000E-008	6.00000E-010	4.66600E-007	3.37580E+000	7.46593E+002	7.47985E+002	1.39240E+000	1.29155E-001	6.92900E-001	1.64000E-011	3.98000E-010	2.23900E-007
259	26	17	1	1.27000E-002	-2.00000E-004	-7.00000E-004	4.49000E-008	5.00000E-010	3.91200E-007	3.36660E+000	7.41456E+002	7.43452E+002	1.99620E+000	1.25730E-001	6.91600E-001	2.92700E-010	1.59200E-010	1.93500E-007
263	25	19	1	1.28000E-002	-2.00000E-004	-8.00000E-004	5.02000E-008	5.00000E-010	2.91800E-007	3.39930E+000	7.36163E+002	7.37870E+002	1.70710E+000	1.24513E-001	6.91600E-001	2.30000E-012	2.95000E-010	1.46600E-007
267	23	19	1	1.27000E-002	-2.00000E-004	-7.00000E-004	5.72000E-008	4.00000E-010	4.06400E-007	3.35770E+000	7.45337E+002	7.47674E+002	2.33700E+000	1.29348E-001	6.91900E-001	7.00000E-012	3.37100E-010	1.99300E-007
271	21	19	1	1.28000E-002	-2.00000E-004	-7.00000E-004	6.64000E-008	3.00000E-010	4.85300E-007	3.34120E+000	7.44702E+002	7.46685E+002	1.98330E+000	1.29267E-001	6.92200E-001	1.64000E-011	1.85000E-010	2.28800E-007
275	19	19	1	1.28000E-002	-2.00000E-004	-7.00000E-004	7.55000E-008	4.00000E-010	4.87500E-007	3.35780E+000	7.41980E+002	7.44248E+002	2.26760E+000	1.28533E-001	6.92500E-001	8.19000E-011	1.35800E-010	2.30100E-007
279	17	19	1	1.28000E-002	-2.00000E-004	-8.00000E-004	7.82000E-008	3.00000E-010	4.49600E-007	3.36110E+000	7.42767E+002	7.44895E+002	2.12800E+000	1.27300E-001	6.93000E-001	1.68600E-010	2.34100E-010	2.12200E-007
283	15	19	1	1.29000E-002	-2.00000E-004	-8.00000E-004	7.57000E-008	5.00000E-010	4.72500E-007	3.35590E+000	7.42363E+002	7.44680E+002	2.31730E+000	1.28533E-001	6.92600E-001	1.92000E-010	3.28000E-011	2.22600E-007
287	13	19	1	1.27000E-002	-2.00000E-004	-7.00000E-004	7.08000E-008	8.00000E-010	4.23200E-007	3.33130E+000	7.42430E+002	7.44851E+002	2.42070E+000	1.29053E-001	6.91400E-001	3.18400E-010	1.19400E-010	2.04200E-007
291	11	19	1	1.27000E-002	-2.00000E-004	-7.00000E-004	6.36000E-008	4.00000E-010	3.00400E-007	3.36170E+000	7.45924E+002	7.48318E+002	2.39320E+000	1.28604E-001	6.91700E-001	5.85000E-011	2.97300E-010	1.52600E-007
295	9	19	1	1.28000E-002	-2.00000E-004	-7.00000E-004	5.37000E-008	4.00000E-010	2.04500E-007	3.41880E+000	7.41492E+002	7.43102E+002	1.60960E+000	1.25423E-001	6.92800E-001	9.60000E-011	2.95000E-010	1.09900E-007
299	7	19	1	1.28000E-002	-3.00000E-004	-7.00000E-004	2.06000E-008	4.00000E-010	2.66600E-007	3.45090E+000	7.29148E+002	7.31290E+002	2.14260E+000	1.25022E-001	6.92100E-001	2.30000E-012	1.94300E-010	1.33700E-007
305	10	21	1	1.28000E-002	-2.00000E-004	-7.00000E-004	3.25000E-008	4.00000E-010	3.77700E-007	3.44570E+000	7.04173E+002	7.28099E+002	2.39266E+001	1.23762E-001	6.92700E-001	1.56900E-010	5.85000E-011	1.38100E-007
309	12	21	1	1.29000E-002	-2.00000E-004	-7.00000E-004	5.50000E-008	7.00000E-010	2.25100E-007	3.41270E+000	7.41446E+002	7.42962E+002	1.51680E+000	1.23406E-001	6.92800E-001	1.17000E-011	5.62000E-011	1.20500E-007
313	14	21	1	1.27000E-002	-2.00000E-004	-7.00000E-004	5.91000E-008	6.00000E-010	2.84300E-007	3.39330E+000	7.45618E+002	7.47968E+002	2.35000E+000	1.27914E-001	6.91800E-001	1.26400E-010	1.42800E-010	1.46800E-007
317	16	21	1	1.28000E-002	-2.00000E-004	-7.00000E-004	5.65000E-008	6.00000E-010	3.22600E-007	3.37700E+000	7.46665E+002	7.49172E+002	2.50640E+000	1.26387E-001	6.91600E-001	1.75600E-010	3.04400E-010	1.63700E-007
321	18	21	1	1.27000E-002	-3.00000E-004	-7.00000E-004	5.92000E-008	4.00000E-010	3.55800E-007	3.37750E+000	7.43716E+002	7.46146E+002	2.43060E+000	1.27000E-001	6.91700E-001	7.49000E-011	2.95000E-010	1.75500E-007
325	20	21	1	1.29000E-002	-2.00000E-004	-7.00000E-004	5.56000E-008	4.00000E-010	3.16400E-007	3.39320E+000	7.45298E+002	7.47361E+002	2.06310E+000	1.27465E-001	6.91600E-001	2.10700E-010	2.90300E-010	1.61600E-007
329	22	21	1	1.27000E-002	-3.00000E-004	-7.00000E-004	4.88000E-008	6.00000E-010	2.75600E-007	3.40600E+000	7.38702E+002	7.40337E+002	1.63410E+000	1.24506E-001	6.91900E-001	4.68000E-011	1.40000E-011	1.42700E-007
337	18	23	1	1.30000E-002	-2.00000E-004	-8.00000E-004	2.87000E-008	5.00000E-010	2.88400E-007	3.45880E+000	7.26660E+002	7.29035E+002	2.37450E+000	1.24161E-001	6.92200E-001	8.19000E-011	2.13100E-010	1.42600E-007
340	16	23	1	1.27000E-002	-2.00000E-004	-7.00000E-004	2.86000E-008	5.00000E-010	2.78400E-007	3.45920E+000	7.26178E+002	7.28594E+002	2.41580E+000	1.24438E-001	6.92300E-001	1.05400E-010	1.21700E-010	1.39000E-007

2	14	5	1	1.03000E-002	-2.80000E-003	-3.20000E-003	1.99000E-008	1.00000E-010	3.21900E-007	3.46280E+000	7.26880E+002	7.29189E+002	2.30890E+000	1.26707E-001	6.93800E-001	2.43500E-010	5.03400E-010	1.57900E-007
4	16	5	1	1.02000E-002	-2.80000E-003	-3.30000E-003	2.85000E-008	1.00000E-010	3.27600E-007	3.44750E+000	7.27854E+002	7.30155E+002	2.30160E+000	1.25954E-001	6.93500E-001	1.54500E-010	2.99700E-010	1.64300E-007
6	18	5	1	1.02000E-002	-2.80000E-003	-3.20000E-003	2.85000E-008	1.00000E-010	3.27500E-007	3.46310E+000	7.27485E+002	7.29813E+002	2.32830E+000	1.26371E-001	6.93700E-001	4.12100E-010	5.69000E-010	1.64300E-007
8	20	5	1	1.01000E-002	-2.80000E-003	-3.20000E-003	1.99000E-008	1.00000E-010	3.37300E-007	3.46950E+000	7.25289E+002	7.27494E+002	2.20480E+000	1.27206E-001	6.93400E-001	3.60600E-010	4.98800E-010	1.63500E-007
11	24	7	1	1.24000E-002	-2.80000E-003	-3.20000E-003	2.40000E-008	4.00000E-010	3.06600E-007	3.45950E+000	7.28318E+002	7.30688E+002	2.37030E+000	1.25533E-001	6.93800E-001	2.34000E-011	1.40000E-011	1.55700E-007
15	22	7	1	1.29000E-002	-2.70000E-003	-3.10000E-003	5.04000E-008	6.00000E-010	3.28400E-007	3.40720E+000	7.37999E+002	7.39755E+002	1.75600E+000	1.25073E-001	6.93500E-001	1.47500E-010	2.22500E-010	1.65500E-007
19	20	7	1	1.28000E-002	-2.70000E-003	-3.10000E-003	5.81000E-008	5.00000E-010	3.54300E-007	3.41280E+000	7.43884E+002	7.46291E+002	2.40640E+000	1.27848E-001	6.93800E-001	1.99000E-010	1.28800E-010	1.76700E-007
23	18	7	1	1.27000E-002	-2.70000E-003	-3.20000E-003	6.52000E-008	1.00000E-010	3.84700E-007	3.41110E+000	7.44221E+002	7.46564E+002	2.34280E+000	1.29133E-001	6.93900E-001	2.81000E-011	1.49900E-010	1.90000E-007
27	16	7	1	1.28000E-002	-2.70000E-003	-3.10000E-003	6.31000E-008	4.00000E-010	3.64300E-007	3.41300E+000	7.41384E+002	7.43887E+002	2.50280E+000	1.28976E-001	6.94800E-001	2.17800E-010	4.68000E-011	1.77000E-007
31	14	7	1	1.28000E-002	-2.60000E-003	-3.10000E-003	5.59000E-008	4.00000E-010	3.54900E-007	3.40850E+000	7.43964E+002	7.46399E+002	2.43480E+000	1.28481E-001	6.94300E-001	3.55900E-010	1.05400E-010	1.78100E-007
35	12	7	1	1.28000E-002	-2.70000E-003	-3.20000E-003	5.05000E-008	2.00000E-010	3.07200E-007	3.42480E+000	7.39391E+002	7.41194E+002	1.80300E+000	1.25739E-001	6.94100E-001	1.38200E-010	1.66300E-010	1.55300E-007
38	10	7	1	1.33000E-002	-2.70000E-003	-3.20000E-003	2.59000E-008	3.00000E-010	3.11500E-007	3.44400E+000	7.29576E+002	7.31913E+002	2.33760E+000	1.24943E-001	6.93800E-001	8.20000E-011	3.41900E-010	1.53900E-007
41	8	9	1	1.32000E-002	-2.70000E-003	-3.20000E-003	3.24000E-008	4.00000E-010	3.79600E-007	3.39680E+000	7.32361E+002	7.34340E+002	1.97860E+000	1.25259E-001	6.93300E-001	2.24800E-010	4.37900E-010	1.85300E-007
45	10	9	1	1.28000E-002	-2.70000E-003	-3.10000E-003	4.99000E-008	4.00000E-010	3.89700E-007	3.38880E+000	7.45371E+002	7.47478E+002	2.10650E+000	1.27645E-001	6.94000E-001	1.00700E-010	3.77000E-010	1.93200E-007
49	12	9	1	1.27000E-002	-2.70000E-003	-3.20000E-003	6.04000E-008	2.00000E-010	4.26700E-007	3.38110E+000	7.45899E+002	7.47914E+002	2.01430E+000	1.29374E-001	6.94400E-001	1.35800E-010	1.59200E-010	2.05700E-007
53	14	9	1	1.27000E-002	-2.70000E-003	-3.10000E-003	7.07000E-008	2.00000E-010	4.26200E-007	3.37600E+000	7.44870E+002	7.47534E+002	2.66380E+000	1.28653E-001	6.94500E-001	6.32000E-011	1.38200E-010	2.04300E-007
57	16	9	1	1.28000E-002	-2.70000E-003	-3.10000E-003	7.59000E-008	5.00000E-010	3.82200E-007	3.38080E+000	7.43376E+002	7.45871E+002	2.49500E+000	1.28148E-001	6.94200E-001	1.12400E-010	7.73000E-011	1.88100E-007
61	18	9	1	1.28000E-002	-2.70000E-003	-3.20000E-003	7.73000E-008	3.00000E-010	4.00600E-007	3.38240E+000	7.44181E+002	7.46628E+002	2.44700E+000	1.28178E-001	6.94400E-001	3.30200E-010	1.40500E-010	1.94800E-007
65	20	9	1	1.27000E-002	-2.70000E-003	-3.10000E-003	7.35000E-008	4.00000E-010	4.25800E-007	3.38380E+000	7.43091E+002	7.45607E+002	2.51550E+000	1.29040E-001	6.95000E-001	1.92000E-010	4.16800E-010	2.03900E-007
69	22	9	1	1.28000E-002	-2.70000E-003	-3.20000E-003	6.38000E-008	4.00000E-010	4.26000E-007	3.38800E+000	7.47206E+002	7.49371E+002	2.16480E+000	1.29268E-001	6.94400E-001	2.38800E-010	1.85000E-010	2.06500E-007
73	24	9	1	1.28000E-002	-2.60000E-003	-3.10000E-003	5.11000E-008	5.00000E-010	3.28700E-007	3.40020E+000	7.45933E+002	7.47757E+002	1.82390E+000	1.26873E-001	6.93700E-001	6.09000E-011	3.18500E-010	1.67100E-007
76	26	9	1	1.25000E-002	-2.80000E-003	-3.20000E-003	2.76000E-008	4.00000E-010	3.00300E-007	3.43820E+000	7.30379E+002	7.32318E+002	1.93890E+000	1.25417E-001	6.93700E-001	2.34000E-011	3.51200E-010	1.53200E-007
80	27	11	1	1.27000E-002	-2.60000E-003	-3.20000E-003	3.78000E-008	4.00000E-010	3.82400E-007	3.39870E+000	7.31254E+002	7.32741E+002	1.48740E+000	1.25112E-001	6.92700E-001	1.47500E-010	5.62000E-011	1.84700E-007
84	25	11	1	1.27000E-002	-2.70000E-003	-3.10000E-003	5.65000E-008	3.00000E-010	4.54400E-007	3.36850E+000	7.46900E+002	7.48463E+002	1.56230E+000	1.28091E-001	6.94500E-001	1.10100E-010	7.02000E-011	2.23000E-007
88	23	11	1	1.28000E-002	-2.70000E-003	-3.10000E-003	7.10000E-008	4.00000E-010	4.90500E-007	3.37300E+000	7.45008E+002	7.47453E+002	2.44420E+000	1.28604E-001	6.95300E-001	1.68600E-010	9.83000E-011	2.33200E-007
92	21	11	1	1.28000E-002	-2.60000E-003	-3.20000E-003	8.04000E-008	4.00000E-010	4.14900E-007	3.35160E+000	7.44151E+002	7.45887E+002	1.73510E+000	1.27109E-001	6.93900E-001	1.89700E-010	1.19400E-010	2.03000E-007
96	19	11	1	1.28000E-002	-2.60000E-003	-3.10000E-003	8.24000E-008	4.00000E-010	2.82400E-007	3.38740E+000	7.39205E+002	7.41440E+002	2.23510E+000	1.24633E-001	6.94100E-001	2.78700E-010	2.27100E-010	1.44300E-007
100	17	11	1	1.28000E-002	-2.70000E-003	-3.20000E-003	8.50000E-008	4.00000E-010	2.39800E-007	3.37950E+000	7.35367E+002	7.37415E+002	2.04760E+000	1.23183E-001	6.94600E-001	1.49900E-010	3.34900E-010	1.23800E-007
104	15	11	1	1.28000E-002	-2.60000E-003	-3.10000E-003	8.18000E-008	3.00000E-010	2.68900E-007	3.38050E+000	7.36304E+002	7.38487E+002	2.18310E+000	1.24631E-001	6.94400E-001	9.83000E-011	1.63900E-010	1.36700E-007
108	13	11	1	1.28000E-002	-2.60000E-003	-3.10000E-003	7.72000E-008	5.00000E-010	3.63800E-007	3.36290E+000	7.40835E+002	7.43223E+002	2.38810E+000	1.26822E-001	6.93700E-001	7.73000E-011	1.31100E-010	1.78900E-007
112	11	11	1	1.27000E-002	-2.70000E-003	-3.10000E-003	6.87000E-008	2.00000E-010	4.82100E-007	3.35340E+000	7.44021E+002	7.45974E+002	1.95330E+000	1.28562E-001	6.94800E-001	4.21000E-011	2.74000E-010	2.29800E-007
116	9	11	1	1.27000E-002	-2.60000E-003	-3.10000E-003	5.64000E-008	3.00000E-010	4.89600E-007	3.35380E+000	7.43298E+002	7.45426E+002	2.12840E+000	1.28476E-001	6.94600E-001	2.06100E-010	9.83000E-011	2.32700E-007
120	7	11	1	1.28000E-002	-2.70000E-003	-3.20000E-003	4.25000E-008	4.00000E-010	3.83400E-007	3.37610E+000	7.34504E+002	7.35957E+002	1.45360E+000	1.25195E-001	6.93200E-001	3.28000E-011	3.67600E-010	1.85100E-007
124	6	13	1	1.28000E-002	-2.70000E-003	-3.10000E-003	3.19000E-008	2.00000E-010	3.46500E-007	3.41400E+000	7.33038E+002	7.34347E+002	1.30820E+000	1.24809E-001	6.93300E-001	1.47500E-010	7.00000E-012	1.66700E-007
128	8	13	1	1.27000E-002	-2.70000E-003	-3.10000E-003	5.68000E-008	6.00000E-010	4.38600E-007	3.36320E+000	7.45709E+002	7.47251E+002	1.54190E+000	1.29012E-001	6.94400E-001	9.40000E-012	1.75600E-010	2.12700E-007
132	10	13	1	1.28000E-002	-2.60000E-003	-3.10000E-003	6.74000E-008	4.00000E-010	4.86400E-007	3.36350E+000	7.45546E+002	7.47167E+002	1.62160E+000	1.28697E-001	6.95300E-001	2.64600E-010	1.70900E-010	2.29600E-007
136	12	13	1	1.28000E-002	-2.60000E-003	-3.10000E-003	7.74000E-008	4.00000E-010	3.82400E-007	3.35220E+000	7.40997E+002	7.42494E+002	1.49660E+000	1.25857E-001	6.93900E-001	2.41200E-010	3.37200E-010	1.85600E-007
140	14	13	1	1.28000E-002	-2.60000E-003	-3.10000E-003	8.26000E-008	3.00000E-010	2.45300E-007	3.35690E+000	7.30776E+002	7.32568E+002	1.79180E+000	1.23063E-001	6.94500E-001	9.13000E-011	6.09000E-011	1.23600E-007
144	16	13	1	1.28000E-002	-2.60000E-003	-3.10000E-003	8.12000E-008	5.00000E-010	2.45000E-007	3.37420E+000	7.22635E+002	7.25142E+002	2.50730E+000	1.22723E-001	6.95500E-001	5.85000E-011	9.83000E-011	1.18400E-007
148	18	13	1	1.28000E-002	-2.60000E-003	-3.20000E-003	8.53000E-008	3.00000E-010	2.58900E-007	3.36910E+000	7.21386E+002	7.23950E+002	2.56330E+000	1.23305E-001	6.95000E-001	1.26400E-010	2.17800E-010	1.24600E-007
152	20	13	1	1.28000E-002	-2.60000E-003	-3.10000E-003	8.32000E-008	4.00000E-010	2.55400E-007	3.34830E+000	7.34748E+002	7.36208E+002	1.45940E+000	1.23453E-001	6.94100E-001	9.40000E-012	3.72300E-010	1.29500E-007
156	22	13	1	1.28000E-002	-2.60000E-003	-3.10000E-003	7.90000E-008	2.00000E-010	4.58200E-007	3.36970E+000	7.43519E+002	7.45125E+002	1.60650E+000	1.26968E-001	6.94200E-001	4.21000E-011	3.04000E-011	2.19900E-007
160	24	13	1	1.29000E-002	-2.70000E-003	-3.10000E-003	6.71000E-008	5.00000E-010	4.95200E-007	3.38050E+000	7.47084E+002	7.48542E+002	1.45870E+000	1.29337E-001	6.95100E-001	1.56900E-010	3.11400E-010	2.36700E-007
164	26	13	1	1.27000E-002	-2.70000E-003	-3.10000E-003	5.13000E-008	5.00000E-010	4.28800E-007	3.37030E+000	7.47745E+002	7.49261E+002	1.51590E+000	1.28168E-001	6.94600E-001	1.40000E-011	3.06800E-010	2.13500E-007
168	28	13	1	1.27000E-002	-2.70000E-003	-3.10000E-003	2.69000E-008	2.00000E-010	3.59800E-007	3.42800E+000	7.29740E+002	7.31098E+002	1.35800E+000	1.25368E-001	6.93000E-001	1.12400E-010	1.31100E-010	1.74700E-007
172	28	15	1	1.28000E-002	-2.70000E-003	-3.10000E-003	2.69000E-008	5.00000E-010	3.85600E-007	3.41960E+000	7.30013E+002	7.31371E+002	1.35790E+000	1.24994E-001	6.92800E-001	1.10100E-010	2.01400E-010	1.87600E-007
176	26	15	1	1.28000E-002	-2.60000E-003	-3.10000E-003	5.23000E-008	5.00000E-010	4.38300E-007	3.37160E+000	7.48435E+002	7.49997E+002	1.56190E+000	1.27793E-001	6.94700E-001	1.52200E-010	2.34200E-010	2.17000E-007
180	24	15	1	1.28000E-002	-2.70000E-003	-3.10000E-003	6.68000E-008	4.00000E-010	5.04100E-007	3.37450E+000	7.47473E+002	7.48921E+002	1.44870E+000	1.29227E-001	6.95300E-001	9.60000E-011	2.58000E-011	2.39800E-007
184	22	15	1	1.28000E-002	-2.60000E-003	-3.20000E-003	7.69000E-008	4.00000E-010	4.63700E-007	3.36980E+000	7.44577E+002	7.46050E+002	1.47300E+000	1.26665E-001	6.94300E-001	1.99000E-010	2.31800E-010	2.25800E-007
188	20	15	1	1.27000E-002	-2.60000E-003	-3.10000E-003	8.16000E-008	6.00000E-010	2.67500E-007	3.35580E+000	7.33643E+002	7.35043E+002	1.40050E+000	1.22607E-001	6.93800E-001	1.63900E-010	9.83000E-011	1.35000E-007
192	18	15	1	1.28000E-002	-2.60000E-003	-3.10000E-003	8.38000E-008	4.00000E-010	2.48700E-007	3.37740E+000	7.21997E+002	7.23634E+002	1.63670E+000	1.22673E-001	6.95700E-001	3.20800E-010	3.11400E-010	1.19600E-007
196	16	15	1	1.28000E-002	-2.60000E-003	-3.20000E-003	8.34000E-008	3.00000E-010	2.54500E-007	3.36940E+000	7.21930E+002	7.23809E+002	1.87920E+000	1.22382E-001	6.95500E-001	6.09000E-011	1.92000E-010	1.21100E-007
200	14	15	1	1.28000E-002	-2.60000E-003	-3.10000E-003	8.26000E-008	5.00000E-010	2.48100E-007	3.36210E+000	7.31438E+002	7.33063E+002	1.62490E+000	1.22082E-001	6.94300E-001	2.78700E-010	1.54500E-010	1.24900E-007
204	12	15	1	1.28000E-002	-2.60000E-003	-3.10000E-003	7.99000E-008	3.00000E-010	4.09700E-007	3.36640E+000	7.40841E+002	7.42363E+002	1.52210E+000	1.26245E-001	6.94200E-001	3.44200E-010	2.36500E-010	1.97100E-007
208	10	15	1	1.28000E-002	-2.60000E-003	-3.20000E-003	6.97000E-008	6.00000E-010	4.90700E-007	3.36170E+000	7.44035E+002	7.45556E+002	1.52110E+000	1.28955E-001	6.94900E-001	6.79000E-011	1.89700E-010	2.31800E-007
212	8	15	1	1.28000E-002	-2.60000E-003	-3.20000E-003	5.77000E-008	4.00000E-010	3.81800E-007	3.36310E+000	7.45350E+002	7.46915E+002	1.56570E+000	1.28939E-001	6.93400E-001	1.87000E-011	3.25500E-010	1.88400E-007
216	6	15	1	1.28000E-002	-2.60000E-003	-3.10000E-003	3.34000E-008	6.00000E-010	2.97600E-007	3.42880E+000	7.32629E+002	7.33945E+002	1.31560E+000	1.24367E-001	6.94000E-001	3.25500E-010	3.51200E-010	1.47800E-007
220	7	17	1	1.28000E-002	-2.60000E-003	-3.10000E-003	5.05000E-008	4.00000E-010	2.49900E-007	3.40800E+000	7.34887E+002	7.36470E+002	1.58320E+000	1.24510E-001	6.94500E-001	2.48200E-010	3.91000E-010	1.27200E-007
224	9	17	1	1.28000E-002	-2.70000E-003	-3.20000E-003	6.15000E-008	3.00000E-010	3.43200E-007	3.35750E+000	7.44396E+002	7.46543E+002	2.14760E+000	1.28493E-001	6.93800E-001	8.20000E-011	2.24800E-010	1.73200E-007
228	11	17	1	1.27000E-002	-2.60000E-003	-3.20000E-003	7.04000E-008	3.00000E-010	4.31200E-007	3.34640E+000	7.43178E+002	7.44860E+002	1.68270E+000	1.28585E-001	6.94500E-001	3.28000E-011	7.49000E-011	2.04600E-007
232	13	17	1	1.28000E-002	-2.60000E-003	-3.10000E-003	8.15000E-008	3.00000E-010	4.08000E-007	3.35250E+000	7.40775E+002	7.42754E+002	1.97930E+000	1.26936E-001	6.93900E-001	4.45000E-011	1.70900E-010	1.97100E-007
236	15	17	1	1.28000E-002	-2.60000E-003	-3.20000E-003	8.31000E-008	4.00000E-010	3.44300E-007	3.35540E+000	7.35367E+002	7.37254E+002	1.88750E+000	1.24334E-001	6.93600E-001	3.16100E-010	1.21800E-010	1.65900E-007
240	17	17	1	1.28000E-002	-2.60000E-003	-3.10000E-003	8.48000E-008	5.00000E-010	3.08100E-007	3.36500E+000	7.33281E+002	7.35527E+002	2.24570E+000	1.23657E-001	6.94000E-001	6.56000E-011	4.14500E-010	1.50700E-007
244	19	17	1	1.28000E-002	-2.60000E-003	-3.10000E-003	8.28000E-008	5.00000E-010	4.27000E-007	3.34550E+000	7.36472E+002	7.38857E+002	2.38500E+000	1.24646E-001	6.93400E-001	1.03000E-010	1.92000E-010	2.03400E-007
248	21	17	1	1.28000E-002	-2.60000E-003	-3.20000E-003	7.77000E-008	4.00000E-010	4.68400E-007	3.35280E+000	7.42077E+002	7.43823E+002	1.74570E+000	1.27389E-001	6.94400E-001	1.75600E-010	5.15000E-011	2.24100E-007
252	23	17	1	1.28000E-002	-2.60000E-003	-3.10000E-003	6.77000E-008	3.00000E-010	4.99600E-007	3.36050E+000	7.44845E+002	7.46674E+002	1.82870E+000	1.29158E-001	6.95400E-001	1.07700E-010	1.05400E-010	2.37400E-007
256	25	17	1	1.28000E-002	-2.60000E-003	-3.10000E-003	5.48000E-008	5.00000E-010	4.65100E-007	3.36520E+000	7.46864E+002	7.48282E+002	1.41730E+000	1.28630E-001	6.94800E-001	1.07700E-010	4.12100E-010	2.26000E-007
260	27	17	1	1.27000E-002	-2.70000E-003	-3.10000E-003	3.75000E-008	4.00000E-010	3.96100E-007	3.38660E+000	7.31129E+002	7.32558E+002	1.42900E+000	1.24667E-001	6.93400E-001	3.23100E-010	1.89700E-010	1.91000E-007
264	26	19	1	1.28000E-002	-2.60000E-003	-3.10000E-003	3.00000E-008	5.00000E-010	3.02800E-007	3.45260E+000	7.29765E+002	7.31272E+002	1.50720E+000	1.23875E-001	6.93900E-001	6.56000E-011	2.88000E-010	1.47700E-007
268	24	19	1	1.27000E-002	-2.70000E-003	-3.10000E-003	5.02000E-008	5.00000E-010	3.14100E-007	3.38660E+000	7.46188E+002	7.47794E+002	1.60590E+000	1.26507E-001	6.93600E-001	7.26000E-011	2.83300E-010	1.61700E-007
272	22	19	1	1.28000E-002	-2.60000E-003	-3.20000E-003	6.06000E-008	3.00000E-010	4.40700E-007	3.35780E+000	7.46620E+002	7.48761E+002	2.14140E+000	1.28830E-001	6.94300E-001	9.60000E-011	1.40500E-010	2.13400E-007
276	20	19	1	1.28000E-002	-2.60000E-003	-3.20000E-003	7.00000E-008	4.00000E-010	4.75600E-007	3.35350E+000	7.43464E+002	7.45924E+002	2.46090E+000	1.28713E-001	6.94700E-001	1.17000E-011	7.49000E-011	2.25200E-007
280	18	19	1	1.28000E-002	-2.60000E-003	-3.20000E-003	7.58000E-008	3.00000E-010	4.51900E-007	3.35810E+000	7.43982E+002	7.46132E+002	2.15060E+000	1.27547E-001	6.95000E-001	3.02100E-010	2.06100E-010	2.15300E-007
284	16	19	1	1.29000E-002	-2.60000E-003	-3.10000E-003	7.73000E-008	5.00000E-010	4.42700E-007	3.35910E+000	7.42562E+002	7.44883E+002	2.32130E+000	1.27877E-001	6.95100E-001	2.92700E-010	1.87000E-011	2.11600E-007
288	14	19	1	1.27000E-002	-2.70000E-003	-3.10000E-003	7.31000E-008	5.00000E-010	4.34900E-007	3.35070E+000	7.42808E+002	7.44940E+002	2.13190E+000	1.28428E-001	6.94800E-001	3.98100E-010	1.03000E-010	2.04600E-007
292	12	19	1	1.27000E-002	-2.70000E-003	-3.10000E-003	6.63000E-008	3.00000E-010	3.52000E-007	3.35940E+000	7.45900E+002	7.48431E+002	2.53090E+000	1.28566E-001	6.93900E-001	7.02000E-011	3.67600E-010	1.74800E-007
296	10	19	1	1.28000E-002	-2.60000E-003	-3.10000E-003	5.76000E-008	4.00000E-010	2.36200E-007	3.39660E+000	7.45892E+002	7.48359E+002	2.46640E+000	1.27105E-001	6.94800E-001	6.79000E-011	1.92000E-010	1.26200E-007
300	8	19	1	1.28000E-002	-2.60000E-003	-3.10000E-003	3.82000E-008	5.00000E-010	2.27200E-007	3.43710E+000	7.32439E+002	7.34449E+002	2.01020E+000	1.23390E-001	6.95500E-001	1.07700E-010	1.07700E-010	1.12000E-007
306	11	21	1	1.28000E-002	-2.70000E-003	-3.20000E-003	5.53000E-008	4.00000E-010	2.30200E-007	3.42510E+000	7.34566E+002	7.36234E+002	1.66820E+000	1.23941E-001	6.95100E-001	0.00000E+000	1.40000E-011	1.19200E-007
310	13	21	1	1.29000E-002	-2.60000E-003	-3.10000E-003	5.77000E-008	6.00000E-010	2.54200E-007	3.40010E+000	7.44716E+002	7.46620E+002	1.90360E+000	1.26553E-001	6.94500E-001	1.42800E-010	3.51000E-011	1.33100E-007
314	15	21	1	1.27000E-002	-2.60000E-003	-3.10000E-003	6.08000E-008	5.00000E-010	3.19200E-007	3.37620E+000	7.44496E+002	7.46925E+002	2.42810E+000	1.27501E-001	6.93800E-001	2.15400E-010	2.24800E-010	1.61900E-007
318	17	21	1	1.28000E-002	-2.70000E-003	-3.10000E-003	6.69000E-008	4.00000E-010	3.38300E-007	3.38470E+000	7.41705E+002	7.44218E+002	2.51320E+000	1.27419E-001	6.94600E-001	1.78000E-010	2.45900E-010	1.66200E-007
322	19	21	1	1.27000E-002	-2.70000E-003	-3.10000E-003	5.85000E-008	4.00000E-010	3.45200E-007	3.37480E+000	7.43761E+002	7.46167E+002	2.40670E+000	1.27904E-001	6.94000E-001	6.09000E-011	3.11400E-010	1.73400E-007
326	21	21	1	1.29000E-002	-2.70000E-003	-3.10000E-003	5.41000E-008	3.00000E-010	2.85300E-007	3.39760E+000	7.43628E+002	7.45192E+002	1.56380E+000	1.26259E-001	6.94200E-001	7.96000E-011	2.57600E-010	1.46800E-007
330	23	21	1	1.27000E-002	-2.70000E-003	-3.10000E-003	4.39000E-008	6.00000E-010	2.45600E-007	3.44270E+000	7.31188E+002	7.33209E+002	2.02130E+000	1.23474E-001	6.94700E-001	1.45200E-010	7.49000E-011	1.25700E-007
341	17	23	1	1.27000E-002	-2.70000E-003	-3.10000E-003	3.10000E-008	4.00000E-010	3.11300E-007	3.44970E+000	7.26129E+002	7.28508E+002	2.37970E+000	1.23860E-001	6.94300E-001	2.30000E-012	1.47500E-010	1.43100E-007
344	15	23	1	1.27000E-002	-2.80000E-003	-3.30000E-003	2.69000E-008	6.00000E-010	2.84000E-007	3.46150E+000	7.25856E+002	7.28259E+002	2.40230E+000	1.23868E-001	6.94500E-001	8.66000E-011	2.97400E-010	1.41300E-007

