Program name	H0206AD_E4_CP1.dll
Lot number	C127251.00-CPTSTE11-241023-002743@CP
Wafer number	02
Date	2024/10/23
Time	00:27:46

No.U	X	Y	Bin	CONT@D	CONT@G	CONT@S	IGSS1	IGSSR1	IDSS1	VTH1	BVDSS1	BVDSS2	BV2-BV1	RDSON1	VFSDS	IGSS2	IGSSR2	IDSS3
LimitU				0.5V	0.5V	0.5V	1uA	5uA	6uA	4.5V	900V	900V	50V	160mohm	1V	80nA	80nA	2uA
LimitL				-0.5V	-0.5V	-0.5V	0uA	0uA	0uA	2.5V	660V	660V	-10V	0mohm	0V	0nA	0nA	0uA
Bias 1				 	 	 	 	 	 	100uA	250uA	1mA	 	1A	 	 	 	 
Bias 2				 	 	 	 	 	 	 	 	 	 	 	1A	 	 	 
Bias 3				2V	 	 	 	 	650V	 	 	 	 	 	 	 	 	600V
Bias 4				 	2V	 	30V	-30V	 	 	 	 	 	10V	0V	20V	-20V	 
Bias 5				1000uS	8000uS	8000uS	12000uS	12000uS	10000uS	10000uS	10000uS	8000uS	1000uS	50000uS	5000uS	12000uS	12000uS	10000uS
Bias 6				 	 	 	 	 	 	 	 	 	 	 	 	 	 	 
9	23	6	6	1.25000E-002	1.70000E-003	9.00000E-004	1.64000E-008	6.00000E-010	3.39000E-007	1.88040E+000
12	21	6	1	1.28000E-002	1.40000E-003	8.00000E-004	3.09000E-008	5.00000E-010	3.14600E-007	3.34140E+000	7.27198E+002	7.29551E+002	2.35330E+000	1.24817E-001	6.89300E-001	2.59900E-010	9.40000E-012	1.53300E-007
16	19	6	1	1.28000E-002	1.40000E-003	8.00000E-004	4.18000E-008	8.00000E-010	2.82200E-007	3.32670E+000	7.32397E+002	7.34537E+002	2.14020E+000	1.25391E-001	6.90300E-001	2.06100E-010	1.63900E-010	1.38100E-007
20	17	6	1	1.27000E-002	1.30000E-003	8.00000E-004	4.46000E-008	6.00000E-010	3.96400E-007	3.30850E+000	7.34488E+002	7.36623E+002	2.13530E+000	1.25860E-001	6.90100E-001	1.61600E-010	1.40000E-011	1.70300E-007
24	15	6	1	1.27000E-002	1.40000E-003	8.00000E-004	4.34000E-008	5.00000E-010	2.69500E-007	3.34520E+000	7.34417E+002	7.36609E+002	2.19240E+000	1.25639E-001	6.90400E-001	2.43500E-010	3.11400E-010	1.33200E-007
28	13	6	1	1.27000E-002	1.30000E-003	8.00000E-004	3.15000E-008	4.00000E-010	2.74800E-007	2.63750E+000	7.30072E+002	7.32597E+002	2.52470E+000	1.24104E-001	6.86200E-001	4.51900E-010	1.28800E-010	1.35400E-007
32	11	6	6	1.28000E-002	1.40000E-003	8.00000E-004	1.83000E-008	7.00000E-010	2.81700E-007	1.95320E+000
42	9	8	6	1.28000E-002	1.40000E-003	8.00000E-004	3.35000E-008	4.00000E-010	2.47700E-007	1.84200E+000
46	11	8	1	1.28000E-002	1.30000E-003	8.00000E-004	4.12000E-008	5.00000E-010	5.93000E-007	3.31470E+000	7.40445E+002	7.42676E+002	2.23050E+000	1.27008E-001	6.89800E-001	2.15400E-010	3.91000E-010	1.60600E-007
50	13	8	1	1.27000E-002	1.40000E-003	8.00000E-004	5.01000E-008	4.00000E-010	3.99900E-007	3.31450E+000	7.35978E+002	7.38383E+002	2.40470E+000	1.29028E-001	6.89600E-001	2.10700E-010	7.00000E-012	1.86900E-007
54	15	8	1	1.27000E-002	1.50000E-003	8.00000E-004	5.85000E-008	3.00000E-010	4.91300E-007	3.33300E+000	7.33671E+002	7.36105E+002	2.43380E+000	1.29795E-001	6.89400E-001	2.85700E-010	3.04000E-011	2.22100E-007
58	17	8	1	1.28000E-002	1.50000E-003	9.00000E-004	6.34000E-008	7.00000E-010	5.08500E-007	3.27640E+000	7.31037E+002	7.33470E+002	2.43320E+000	1.29199E-001	6.89700E-001	2.45900E-010	7.49000E-011	2.22900E-007
62	19	8	1	1.28000E-002	1.50000E-003	8.00000E-004	5.99000E-008	5.00000E-010	5.46900E-007	3.26060E+000	7.31867E+002	7.34246E+002	2.37970E+000	1.30212E-001	6.89300E-001	1.63900E-010	4.40200E-010	2.43000E-007
66	21	8	1	1.28000E-002	1.40000E-003	8.00000E-004	5.25000E-008	5.00000E-010	4.74700E-007	3.27150E+000	7.34681E+002	7.37061E+002	2.38010E+000	1.29446E-001	6.89700E-001	1.26400E-010	1.26400E-010	2.17100E-007
70	23	8	6	1.28000E-002	1.50000E-003	8.00000E-004	4.48000E-008	5.00000E-010	4.08000E-007	1.82910E+000
74	25	8	6	1.25000E-002	1.60000E-003	8.00000E-004	2.60000E-008	4.00000E-010	4.10400E-007	1.87710E+000
77	26	10	6	1.29000E-002	1.50000E-003	8.00000E-004	4.02000E-008	4.00000E-010	4.46000E-007	1.88330E+000
81	24	10	1	1.28000E-002	1.60000E-003	8.00000E-004	4.39000E-008	7.00000E-010	4.27100E-007	3.28930E+000	7.40335E+002	7.41975E+002	1.64050E+000	1.28195E-001	6.88900E-001	1.45200E-010	3.20800E-010	2.11700E-007
85	22	10	1	1.28000E-002	1.50000E-003	8.00000E-004	6.23000E-008	6.00000E-010	4.73400E-007	3.01550E+000	7.34049E+002	7.35965E+002	1.91610E+000	1.28814E-001	6.88300E-001	4.68300E-010	1.42800E-010	2.23200E-007
89	20	10	1	1.28000E-002	1.50000E-003	9.00000E-004	7.09000E-008	4.00000E-010	4.35600E-007	3.27460E+000	7.32911E+002	7.34920E+002	2.00850E+000	1.27991E-001	6.89000E-001	1.73300E-010	4.21000E-011	2.00700E-007
93	18	10	1	1.27000E-002	1.60000E-003	9.00000E-004	7.52000E-008	5.00000E-010	3.59200E-007	3.31150E+000	7.32116E+002	7.34017E+002	1.90150E+000	1.26467E-001	6.89300E-001	1.07700E-010	1.05400E-010	1.69000E-007
97	16	10	1	1.28000E-002	1.60000E-003	8.00000E-004	7.57000E-008	6.00000E-010	4.33600E-007	3.29460E+000	7.32365E+002	7.34111E+002	1.74610E+000	1.26361E-001	6.89500E-001	3.30100E-010	4.26100E-010	1.92600E-007
101	14	10	1	1.28000E-002	1.40000E-003	8.00000E-004	7.37000E-008	3.00000E-010	3.76300E-007	3.39070E+000	7.34128E+002	7.35815E+002	1.68760E+000	1.27593E-001	6.89500E-001	2.38800E-010	3.04000E-011	1.76900E-007
105	12	10	1	1.27000E-002	1.40000E-003	8.00000E-004	6.10000E-008	5.00000E-010	3.75500E-007	3.43310E+000	7.37131E+002	7.39152E+002	2.02110E+000	1.28372E-001	6.89900E-001	1.38100E-010	2.74000E-010	1.78800E-007
109	10	10	1	1.27000E-002	1.40000E-003	8.00000E-004	5.00000E-008	5.00000E-010	3.25000E-007	3.31150E+000	7.40768E+002	7.43361E+002	2.59260E+000	1.27498E-001	6.89600E-001	2.92700E-010	2.17800E-010	1.55400E-007
113	8	10	1	1.27000E-002	1.30000E-003	9.00000E-004	3.75000E-008	3.00000E-010	2.13700E-007	3.31880E+000	7.38021E+002	7.39573E+002	1.55150E+000	1.24429E-001	6.90600E-001	4.02700E-010	9.60000E-011	1.14700E-007
117	6	10	6	1.28000E-002	1.40000E-003	8.00000E-004	1.47000E-008	7.00000E-010	2.72900E-007	1.86710E+000
121	5	12	1	1.28000E-002	1.30000E-003	8.00000E-004	1.12000E-008	5.00000E-010	2.94100E-007	3.34600E+000	7.29726E+002	7.32992E+002	3.26540E+000	1.28705E-001	6.91100E-001	3.11400E-010	4.21000E-011	1.46500E-007
125	7	12	1	1.29000E-002	1.40000E-003	9.00000E-004	3.70000E-008	6.00000E-010	2.20000E-007	3.30040E+000	7.38166E+002	7.39790E+002	1.62400E+000	1.24832E-001	6.90700E-001	2.20100E-010	2.24800E-010	1.16200E-007
129	9	12	1	1.28000E-002	1.50000E-003	8.00000E-004	5.31000E-008	6.00000E-010	3.56600E-007	3.38200E+000	7.40313E+002	7.41815E+002	1.50200E+000	1.28261E-001	6.89400E-001	1.07700E-010	2.69300E-010	1.71600E-007
133	11	12	1	1.28000E-002	1.60000E-003	8.00000E-004	6.81000E-008	5.00000E-010	3.85700E-007	3.29320E+000	7.35768E+002	7.37320E+002	1.55160E+000	1.27424E-001	6.88900E-001	1.94300E-010	2.41200E-010	1.81400E-007
137	13	12	1	1.28000E-002	1.60000E-003	8.00000E-004	7.62000E-008	3.00000E-010	3.53400E-007	3.40290E+000	7.31547E+002	7.33150E+002	1.60300E+000	1.26008E-001	6.89900E-001	2.57600E-010	1.49900E-010	1.59200E-007
141	15	12	1	1.27000E-002	1.70000E-003	8.00000E-004	7.93000E-008	7.00000E-010	2.94200E-007	3.36000E+000	7.23149E+002	7.25074E+002	1.92550E+000	1.22879E-001	6.90000E-001	2.81000E-010	4.70000E-012	1.39400E-007
145	17	12	1	1.27000E-002	1.70000E-003	8.00000E-004	8.08000E-008	7.00000E-010	3.01300E-007	3.31110E+000	7.21841E+002	7.23389E+002	1.54780E+000	1.22611E-001	6.89400E-001	1.26400E-010	5.15000E-011	1.41300E-007
149	19	12	1	1.28000E-002	1.60000E-003	8.00000E-004	8.06000E-008	3.00000E-010	2.92500E-007	3.31510E+000	7.24229E+002	7.26491E+002	2.26160E+000	1.23118E-001	6.89900E-001	2.90300E-010	3.09100E-010	1.38900E-007
153	21	12	1	1.28000E-002	1.60000E-003	9.00000E-004	7.82000E-008	5.00000E-010	3.72200E-007	3.08390E+000	7.30469E+002	7.32411E+002	1.94240E+000	1.26299E-001	6.88200E-001	2.10700E-010	1.56900E-010	1.75200E-007
157	23	12	1	1.28000E-002	1.60000E-003	9.00000E-004	6.51000E-008	6.00000E-010	5.30000E-007	3.23410E+000	7.31722E+002	7.33285E+002	1.56300E+000	1.28701E-001	6.89100E-001	1.68600E-010	1.05400E-010	2.39900E-007
161	25	12	1	1.28000E-002	1.60000E-003	9.00000E-004	4.72000E-008	7.00000E-010	4.84900E-007	3.27960E+000	7.35420E+002	7.37012E+002	1.59200E+000	1.28995E-001	6.89700E-001	3.30100E-010	2.13100E-010	2.21300E-007
165	27	12	6	1.27000E-002	1.40000E-003	8.00000E-004	4.13000E-008	6.00000E-010	4.36400E-007	1.96610E+000
169	27	14	1	1.28000E-002	1.40000E-003	9.00000E-004	3.76000E-008	6.00000E-010	3.98200E-007	3.29220E+000	7.33922E+002	7.35674E+002	1.75200E+000	1.25366E-001	6.88400E-001	1.99000E-010	1.56900E-010	1.90400E-007
173	25	14	1	1.28000E-002	1.60000E-003	9.00000E-004	5.17000E-008	6.00000E-010	5.33900E-007	3.26920E+000	7.35131E+002	7.36532E+002	1.40090E+000	1.29623E-001	6.90000E-001	2.64600E-010	2.83300E-010	2.39800E-007
177	23	14	1	1.28000E-002	1.50000E-003	8.00000E-004	6.78000E-008	7.00000E-010	4.88300E-007	3.25920E+000	7.32805E+002	7.34218E+002	1.41280E+000	1.28301E-001	6.89600E-001	1.94300E-010	1.03000E-010	2.16100E-007
181	21	14	1	1.27000E-002	1.70000E-003	8.00000E-004	7.67000E-008	7.00000E-010	3.05400E-007	3.29970E+000	7.30089E+002	7.31559E+002	1.47080E+000	1.24409E-001	6.89400E-001	2.66900E-010	1.68600E-010	1.45800E-007
185	19	14	1	1.28000E-002	1.60000E-003	8.00000E-004	8.02000E-008	5.00000E-010	2.78800E-007	3.30170E+000	7.20381E+002	7.22273E+002	1.89230E+000	1.22869E-001	6.90200E-001	2.64600E-010	1.19400E-010	1.29700E-007
189	17	14	1	1.28000E-002	1.50000E-003	8.00000E-004	8.31000E-008	6.00000E-010	3.90300E-007	3.30960E+000	7.10862E+002	7.12778E+002	1.91580E+000	1.23014E-001	6.88900E-001	3.58200E-010	1.87000E-011	1.68700E-007
193	15	14	1	1.28000E-002	1.50000E-003	9.00000E-004	7.85000E-008	8.00000E-010	2.90800E-007	3.31570E+000	7.18040E+002	7.19674E+002	1.63360E+000	1.22923E-001	6.90200E-001	5.03400E-010	2.11000E-011	1.33900E-007
197	13	14	1	1.28000E-002	1.70000E-003	8.00000E-004	7.82000E-008	6.00000E-010	2.69400E-007	3.32470E+000	7.28766E+002	7.30458E+002	1.69200E+000	1.23416E-001	6.90200E-001	2.55200E-010	1.33500E-010	1.30900E-007
201	11	14	1	1.28000E-002	1.60000E-003	9.00000E-004	7.31000E-008	6.00000E-010	3.67400E-007	3.30380E+000	7.33482E+002	7.34915E+002	1.43230E+000	1.27360E-001	6.89200E-001	2.88000E-010	1.00700E-010	1.74300E-007
205	9	14	1	1.28000E-002	1.80000E-003	9.00000E-004	5.80000E-008	6.00000E-010	3.33100E-007	3.34020E+000	7.37984E+002	7.39887E+002	1.90310E+000	1.28874E-001	6.89500E-001	2.92700E-010	1.64000E-011	1.63400E-007
209	7	14	1	1.27000E-002	1.60000E-003	8.00000E-004	3.96000E-008	7.00000E-010	2.01900E-007	3.43600E+000	7.41816E+002	7.43509E+002	1.69300E+000	1.25436E-001	6.91600E-001	1.73300E-010	1.47500E-010	1.09100E-007
213	5	14	8	1.28000E-002	1.40000E-003	8.00000E-004	1.50000E-008	6.00000E-010	2.41200E-007	3.49970E+000	7.36237E+002	8.43059E+001
217	6	16	7	1.28000E-002	1.40000E-003	9.00000E-004	2.51000E-008	8.00000E-010	2.73700E-007	3.32620E+000	9.23068E+001
221	8	16	6	1.27000E-002	1.50000E-003	9.00000E-004	5.18000E-008	5.00000E-010	2.70700E-007	1.91020E+000
225	10	16	1	1.28000E-002	1.70000E-003	8.00000E-004	6.32000E-008	8.00000E-010	4.04300E-007	3.27570E+000	7.36925E+002	7.39151E+002	2.22610E+000	1.28601E-001	6.89100E-001	2.48200E-010	1.89700E-010	1.92300E-007
229	12	16	1	1.28000E-002	1.60000E-003	8.00000E-004	7.46000E-008	6.00000E-010	3.85200E-007	3.28100E+000	7.33128E+002	7.34607E+002	1.47960E+000	1.26938E-001	6.89300E-001	2.06100E-010	1.59200E-010	1.82500E-007
233	14	16	6	1.28000E-002	1.70000E-003	9.00000E-004	8.61000E-008	6.00000E-010	2.70100E-007	1.92860E+000
237	16	16	1	1.28000E-002	1.60000E-003	8.00000E-004	8.02000E-008	6.00000E-010	3.11400E-007	3.30730E+000	7.22661E+002	7.24252E+002	1.59050E+000	1.23582E-001	6.89600E-001	3.44200E-010	1.40500E-010	1.46200E-007
241	18	16	1	1.28000E-002	1.80000E-003	9.00000E-004	7.81000E-008	6.00000E-010	2.72800E-007	3.30880E+000	7.26427E+002	7.28247E+002	1.81990E+000	1.22550E-001	6.89800E-001	2.13100E-010	2.57600E-010	1.33100E-007
245	20	16	1	1.27000E-002	1.80000E-003	8.00000E-004	7.85000E-008	5.00000E-010	7.07400E-007	3.31210E+000	7.28695E+002	7.30782E+002	2.08640E+000	1.24005E-001	6.90400E-001	3.04400E-010	1.14700E-010	2.26200E-007
249	22	16	1	1.28000E-002	1.70000E-003	8.00000E-004	7.01000E-008	6.00000E-010	3.72100E-007	3.32180E+000	7.35151E+002	7.36705E+002	1.55410E+000	1.27002E-001	6.89400E-001	2.41200E-010	2.58000E-011	1.76700E-007
253	24	16	1	1.28000E-002	1.60000E-003	9.00000E-004	5.64000E-008	6.00000E-010	5.03100E-007	3.33260E+000	7.36263E+002	7.37868E+002	1.60530E+000	1.29306E-001	6.89500E-001	8.20000E-011	7.02000E-011	2.29100E-007
257	26	16	1	1.28000E-002	1.70000E-003	9.00000E-004	3.90000E-008	5.00000E-010	3.86500E-007	3.27130E+000	7.41914E+002	7.43413E+002	1.49830E+000	1.26804E-001	6.88800E-001	2.17800E-010	1.78000E-010	1.89500E-007
261	25	18	1	1.27000E-002	1.50000E-003	9.00000E-004	4.03000E-008	4.00000E-010	4.14000E-007	3.32320E+000	7.39166E+002	7.40669E+002	1.50310E+000	1.26865E-001	6.90400E-001	4.40200E-010	1.00700E-010	2.05200E-007
265	23	18	1	1.28000E-002	1.50000E-003	8.00000E-004	5.51000E-008	4.00000E-010	5.19300E-007	3.29060E+000	7.34662E+002	7.36907E+002	2.24500E+000	1.29332E-001	6.89900E-001	4.37900E-010	1.52200E-010	2.33800E-007
269	21	18	1	1.28000E-002	1.50000E-003	9.00000E-004	6.63000E-008	4.00000E-010	4.73000E-007	3.41300E+000	7.33287E+002	7.34948E+002	1.66070E+000	1.28365E-001	6.90200E-001	3.11400E-010	2.64600E-010	2.13200E-007
273	19	18	1	1.28000E-002	1.50000E-003	8.00000E-004	7.35000E-008	7.00000E-010	4.15200E-007	3.40890E+000	7.32323E+002	7.34582E+002	2.25920E+000	1.26622E-001	6.90000E-001	9.83000E-011	2.55200E-010	1.90600E-007
277	17	18	1	1.28000E-002	1.60000E-003	9.00000E-004	7.55000E-008	4.00000E-010	3.54300E-007	3.42040E+000	7.31360E+002	7.33627E+002	2.26650E+000	1.25938E-001	6.90400E-001	2.36500E-010	1.82600E-010	1.65500E-007
281	15	18	1	1.28000E-002	1.60000E-003	9.00000E-004	7.37000E-008	6.00000E-010	3.84500E-007	3.27930E+000	7.31304E+002	7.33512E+002	2.20790E+000	1.26698E-001	6.89600E-001	1.40500E-010	4.70000E-012	1.77700E-007
285	13	18	6	1.28000E-002	1.70000E-003	8.00000E-004	7.44000E-008	5.00000E-010	3.85400E-007	2.36110E+000
289	11	18	6	1.28000E-002	1.60000E-003	8.00000E-004	6.89000E-008	7.00000E-010	3.84400E-007	1.75430E+000
293	9	18	6	1.28000E-002	1.60000E-003	8.00000E-004	5.00000E-008	6.00000E-010	2.23000E-007	2.10870E+000
297	7	18	6	1.28000E-002	1.70000E-003	8.00000E-004	3.13000E-008	6.00000E-010	2.74500E-007	1.98470E+000
301	8	20	6	1.29000E-002	1.50000E-003	8.00000E-004	2.25000E-008	5.00000E-010	2.81000E-007	1.91320E+000
303	10	20	6	1.28000E-002	1.70000E-003	9.00000E-004	4.49000E-008	5.00000E-010	2.22800E-007	1.80990E+000
307	12	20	6	1.28000E-002	1.60000E-003	8.00000E-004	5.47000E-008	6.00000E-010	3.20200E-007	2.26350E+000
311	14	20	6	1.28000E-002	1.70000E-003	8.00000E-004	6.17000E-008	5.00000E-010	4.87600E-007	1.99450E+000
315	16	20	1	1.29000E-002	1.80000E-003	9.00000E-004	5.85000E-008	7.00000E-010	4.67400E-007	3.39600E+000	7.38987E+002	7.41556E+002	2.56960E+000	1.27563E-001	6.89600E-001	4.00400E-010	2.06100E-010	2.19400E-007
319	18	20	1	1.28000E-002	1.70000E-003	8.00000E-004	5.86000E-008	5.00000E-010	5.05200E-007	3.36950E+000	7.35563E+002	7.38145E+002	2.58140E+000	1.28354E-001	6.89800E-001	1.66200E-010	9.60000E-011	2.29800E-007
323	20	20	1	1.28000E-002	1.80000E-003	8.00000E-004	5.43000E-008	4.00000E-010	4.89000E-007	3.40740E+000	7.34506E+002	7.36936E+002	2.42960E+000	1.29041E-001	6.90000E-001	2.31800E-010	3.62900E-010	2.24500E-007
327	22	20	1	1.28000E-002	1.80000E-003	8.00000E-004	4.51000E-008	6.00000E-010	4.17100E-007	3.31270E+000	7.38619E+002	7.40983E+002	2.36380E+000	1.28007E-001	6.89600E-001	2.03700E-010	1.49900E-010	1.99900E-007
331	24	20	6	1.30000E-002	1.70000E-003	8.00000E-004	4.08000E-008	5.00000E-010	3.84500E-007	1.86450E+000
333	20	22	6	1.29000E-002	1.60000E-003	8.00000E-004	3.95000E-008	7.00000E-010	3.65900E-007	1.85650E+000
335	18	22	1	1.29000E-002	1.90000E-003	9.00000E-004	3.87000E-008	7.00000E-010	2.99300E-007	3.43280E+000	7.35714E+002	7.37140E+002	1.42620E+000	1.24179E-001	6.90400E-001	4.09800E-010	8.66000E-011	1.50000E-007
338	16	22	7	1.28000E-002	1.80000E-003	9.00000E-004	4.01000E-008	6.00000E-010	3.01200E-007	3.41690E+000	1.05807E+002
342	14	22	1	1.28000E-002	1.90000E-003	8.00000E-004	3.90000E-008	6.00000E-010	2.83000E-007	3.44420E+000	7.31939E+002	7.33599E+002	1.66050E+000	1.23591E-001	6.91000E-001	0.00000E+000	2.57600E-010	1.41100E-007
345	12	22	6	1.30000E-002	1.50000E-003	8.00000E-004	2.92000E-008	6.00000E-010	5.47800E-007	2.21650E+000

13	22	6	6	1.28000E-002	2.30000E-003	1.90000E-003	2.22000E-008	8.00000E-010	3.35100E-007	2.40640E+000
17	20	6	1	1.28000E-002	2.40000E-003	1.90000E-003	3.68000E-008	7.00000E-010	3.02300E-007	3.34370E+000	7.29970E+002	7.32195E+002	2.22540E+000	1.24745E-001	6.89300E-001	6.88500E-010	1.80300E-010	1.45700E-007
21	18	6	1	1.27000E-002	2.40000E-003	1.90000E-003	4.63000E-008	2.00000E-010	3.04600E-007	3.31730E+000	7.34583E+002	7.36652E+002	2.06900E+000	1.25873E-001	6.89100E-001	6.46400E-010	4.92000E-011	1.45200E-007
25	16	6	1	1.27000E-002	2.40000E-003	1.80000E-003	4.23000E-008	4.00000E-010	2.71600E-007	3.35200E+000	7.35309E+002	7.37402E+002	2.09300E+000	1.25762E-001	6.89400E-001	7.68100E-010	3.06800E-010	1.36500E-007
29	14	6	1	1.27000E-002	2.40000E-003	1.90000E-003	4.01000E-008	6.00000E-010	2.92100E-007	3.34300E+000	7.32554E+002	7.34829E+002	2.27560E+000	1.25017E-001	6.89700E-001	9.08600E-010	1.33500E-010	1.35900E-007
33	12	6	6	1.28000E-002	2.50000E-003	1.90000E-003	2.53000E-008	7.00000E-010	2.92200E-007	1.91400E+000
36	10	6	6	1.32000E-002	2.30000E-003	1.90000E-003	1.04000E-008	1.50000E-009	5.66800E-007	1.91410E+000
39	8	8	6	1.32000E-002	2.40000E-003	1.80000E-003	2.20000E-008	7.00000E-010	2.81100E-007	1.87880E+000
43	10	8	6	1.28000E-002	2.40000E-003	1.90000E-003	4.34000E-008	1.00000E-010	2.49200E-007	1.83960E+000
47	12	8	1	1.28000E-002	2.40000E-003	1.90000E-003	4.57000E-008	8.00000E-010	3.18900E-007	3.30570E+000	7.39317E+002	7.41814E+002	2.49730E+000	1.28240E-001	6.88800E-001	6.55700E-010	4.14500E-010	1.58200E-007
51	14	8	1	1.27000E-002	2.40000E-003	1.90000E-003	5.55000E-008	5.00000E-010	4.36400E-007	3.30640E+000	7.36447E+002	7.39002E+002	2.55530E+000	1.29528E-001	6.88600E-001	6.86200E-010	1.64000E-011	2.03400E-007
55	16	8	1	1.27000E-002	2.40000E-003	1.90000E-003	6.08000E-008	0.00000E+000	4.83000E-007	3.29090E+000	7.33869E+002	7.36198E+002	2.32930E+000	1.29678E-001	6.88400E-001	7.79800E-010	1.12400E-010	2.20300E-007
59	18	8	1	1.28000E-002	2.50000E-003	2.00000E-003	6.08000E-008	8.00000E-010	5.27200E-007	3.27400E+000	7.33758E+002	7.36220E+002	2.46230E+000	1.30253E-001	6.88400E-001	6.72100E-010	2.81000E-011	2.37600E-007
63	20	8	1	1.28000E-002	2.50000E-003	1.90000E-003	5.62000E-008	6.00000E-010	4.92200E-007	3.26510E+000	7.34189E+002	7.36441E+002	2.25160E+000	1.29759E-001	6.88600E-001	6.41700E-010	2.78700E-010	2.29900E-007
67	22	8	6	1.28000E-002	2.40000E-003	1.90000E-003	5.21000E-008	7.00000E-010	4.71600E-007	1.75720E+000
71	24	8	6	1.28000E-002	2.50000E-003	1.90000E-003	4.21000E-008	7.00000E-010	3.60800E-007	1.84290E+000
78	27	10	1	1.29000E-002	2.40000E-003	1.90000E-003	1.90000E-008	6.00000E-010	5.97800E-007	2.63080E+000	7.30047E+002	7.32164E+002	2.11730E+000	1.26286E-001	6.84400E-001	7.56400E-010	1.63900E-010	2.15900E-007
82	25	10	1	1.28000E-002	2.50000E-003	1.90000E-003	3.89000E-008	4.00000E-010	4.14900E-007	2.91980E+000	7.39175E+002	7.40574E+002	1.39850E+000	1.26931E-001	6.87000E-001	6.30000E-010	2.52900E-010	2.09300E-007
86	23	10	1	1.28000E-002	2.40000E-003	1.90000E-003	5.23000E-008	7.00000E-010	5.00100E-007	3.14250E+000	7.34739E+002	7.37094E+002	2.35550E+000	1.29089E-001	6.88000E-001	1.00230E-009	2.81000E-011	2.35900E-007
90	21	10	6	1.28000E-002	2.40000E-003	1.90000E-003	7.68000E-008	6.00000E-010	5.59200E-007	1.75280E+000
94	19	10	1	1.27000E-002	2.40000E-003	1.90000E-003	7.68000E-008	6.00000E-010	4.21900E-007	3.01820E+000	7.29768E+002	7.31718E+002	1.95000E+000	1.27267E-001	6.87000E-001	5.66700E-010	7.73000E-011	1.92200E-007
98	17	10	1	1.28000E-002	2.40000E-003	1.90000E-003	7.87000E-008	2.00000E-010	3.64700E-007	3.31100E+000	7.29829E+002	7.31604E+002	1.77460E+000	1.26558E-001	6.88800E-001	7.49400E-010	4.30900E-010	1.69500E-007
102	15	10	1	1.28000E-002	2.50000E-003	1.90000E-003	7.50000E-008	4.00000E-010	3.79500E-007	3.32080E+000	7.30729E+002	7.32776E+002	2.04780E+000	1.27587E-001	6.88800E-001	7.70500E-010	3.51000E-011	1.76500E-007
106	13	10	1	1.27000E-002	2.40000E-003	1.90000E-003	6.70000E-008	3.00000E-010	4.02200E-007	3.42080E+000	7.33701E+002	7.36053E+002	2.35160E+000	1.28388E-001	6.89000E-001	6.27600E-010	9.60000E-011	1.87100E-007
110	11	10	1	1.27000E-002	2.40000E-003	1.90000E-003	5.43000E-008	7.00000E-010	3.69500E-007	3.30120E+000	7.38542E+002	7.40622E+002	2.07960E+000	1.28736E-001	6.88700E-001	7.23600E-010	2.13100E-010	1.77000E-007
114	9	10	1	1.27000E-002	2.40000E-003	1.90000E-003	4.27000E-008	1.00000E-010	2.55400E-007	3.30030E+000	7.41933E+002	7.44150E+002	2.21700E+000	1.26932E-001	6.89400E-001	8.80500E-010	1.33500E-010	1.32500E-007
118	7	10	6	1.28000E-002	2.40000E-003	1.90000E-003	2.96000E-008	7.00000E-010	2.91400E-007	1.82920E+000
122	6	12	1	1.28000E-002	2.50000E-003	1.90000E-003	2.42000E-008	7.00000E-010	2.77400E-007	3.34380E+000	7.33381E+002	7.34773E+002	1.39300E+000	1.24430E-001	6.89200E-001	7.89200E-010	4.70000E-012	1.40100E-007
126	8	12	1	1.29000E-002	2.40000E-003	1.90000E-003	4.44000E-008	7.00000E-010	2.73600E-007	3.30160E+000	7.43542E+002	7.45140E+002	1.59810E+000	1.27554E-001	6.88800E-001	6.76800E-010	1.03000E-010	1.42400E-007
130	10	12	1	1.28000E-002	2.40000E-003	1.90000E-003	5.94000E-008	5.00000E-010	3.84200E-007	3.26680E+000	7.39558E+002	7.41625E+002	2.06650E+000	1.28035E-001	6.87800E-001	5.92500E-010	2.08400E-010	1.85300E-007
134	12	12	1	1.28000E-002	2.40000E-003	1.90000E-003	7.34000E-008	8.00000E-010	3.65900E-007	3.31210E+000	7.33080E+002	7.34670E+002	1.59030E+000	1.27423E-001	6.88300E-001	5.97200E-010	3.06800E-010	1.74300E-007
138	14	12	1	1.28000E-002	2.30000E-003	1.90000E-003	7.63000E-008	0.00000E+000	2.97100E-007	3.38340E+000	7.30093E+002	7.31970E+002	1.87650E+000	1.23627E-001	6.89800E-001	7.61100E-010	1.56900E-010	1.32400E-007
142	16	12	1	1.27000E-002	2.40000E-003	1.90000E-003	7.99000E-008	7.00000E-010	2.97600E-007	3.31080E+000	7.24245E+002	7.26032E+002	1.78680E+000	1.23274E-001	6.88800E-001	7.68100E-010	5.15000E-011	1.43000E-007
146	18	12	1	1.27000E-002	2.50000E-003	1.90000E-003	7.83000E-008	4.00000E-010	2.83500E-007	3.30710E+000	7.25603E+002	7.27176E+002	1.57270E+000	1.22460E-001	6.88500E-001	6.15900E-010	9.84000E-011	1.37900E-007
150	20	12	1	1.28000E-002	2.50000E-003	1.90000E-003	7.83000E-008	0.00000E+000	2.85500E-007	3.31550E+000	7.28606E+002	7.30180E+002	1.57360E+000	1.24734E-001	6.89300E-001	7.63400E-010	2.36500E-010	1.38300E-007
154	22	12	6	1.28000E-002	2.50000E-003	1.90000E-003	7.78000E-008	8.00000E-010	4.44200E-007	1.95130E+000
158	24	12	1	1.28000E-002	2.50000E-003	1.90000E-003	5.71000E-008	1.00000E-009	5.13600E-007	3.26890E+000	7.34647E+002	7.36151E+002	1.50400E+000	1.29195E-001	6.87800E-001	7.33000E-010	5.85000E-011	2.34600E-007
162	26	12	1	1.28000E-002	2.40000E-003	1.90000E-003	3.89000E-008	8.00000E-010	4.18000E-007	3.17700E+000	7.40559E+002	7.42215E+002	1.65610E+000	1.27506E-001	6.87800E-001	9.15700E-010	1.99100E-010	2.09700E-007
166	28	12	1	1.27000E-002	2.50000E-003	1.90000E-003	1.79000E-008	1.00000E-010	3.75500E-007	2.86890E+000	7.30302E+002	7.31960E+002	1.65760E+000	1.25934E-001	6.85900E-001	4.96500E-010	3.25500E-010	1.91800E-007
170	28	14	1	1.28000E-002	2.60000E-003	1.90000E-003	2.15000E-008	8.00000E-010	4.13500E-007	2.70300E+000	7.29037E+002	7.30420E+002	1.38270E+000	1.24747E-001	6.87200E-001	5.52700E-010	2.45900E-010	1.95600E-007
174	26	14	6	1.28000E-002	2.60000E-003	1.90000E-003	4.78000E-008	4.00000E-010	4.67100E-007	1.94740E+000
178	24	14	1	1.28000E-002	2.50000E-003	1.90000E-003	5.93000E-008	9.00000E-010	5.09200E-007	3.27410E+000	7.33142E+002	7.34990E+002	1.84780E+000	1.29531E-001	6.88800E-001	6.13600E-010	1.59200E-010	2.27400E-007
182	22	14	1	1.27000E-002	2.60000E-003	1.90000E-003	7.29000E-008	8.00000E-010	3.85900E-007	3.26540E+000	7.32389E+002	7.33991E+002	1.60210E+000	1.26733E-001	6.88300E-001	7.02600E-010	1.85000E-010	1.80000E-007
186	20	14	1	1.28000E-002	2.50000E-003	1.90000E-003	7.90000E-008	5.00000E-010	2.64200E-007	3.30980E+000	7.27195E+002	7.28737E+002	1.54270E+000	1.22699E-001	6.89200E-001	7.44700E-010	1.00700E-010	1.29200E-007
190	18	14	1	1.28000E-002	2.40000E-003	1.90000E-003	8.09000E-008	7.00000E-010	3.17800E-007	3.32570E+000	7.13616E+002	7.15125E+002	1.50860E+000	1.23255E-001	6.89200E-001	8.31400E-010	6.79000E-011	1.42500E-007
194	16	14	1	1.28000E-002	2.40000E-003	1.90000E-003	7.65000E-008	8.00000E-010	3.02800E-007	3.30490E+000	7.17009E+002	7.19439E+002	2.43030E+000	1.22225E-001	6.88400E-001	1.00230E-009	2.30000E-012	1.41500E-007
198	14	14	1	1.28000E-002	2.40000E-003	1.90000E-003	7.98000E-008	9.00000E-010	2.84100E-007	3.30880E+000	7.23869E+002	7.25308E+002	1.43890E+000	1.22907E-001	6.89200E-001	6.74500E-010	7.26000E-011	1.36100E-007
202	12	14	6	1.28000E-002	2.40000E-003	1.90000E-003	7.98000E-008	4.00000E-010	3.26200E-007	2.15490E+000
206	10	14	1	1.28000E-002	2.40000E-003	2.00000E-003	6.54000E-008	8.00000E-010	3.51100E-007	3.32990E+000	7.36074E+002	7.37572E+002	1.49800E+000	1.28308E-001	6.88500E-001	8.10300E-010	6.32000E-011	1.74800E-007
210	8	14	1	1.27000E-002	2.40000E-003	1.90000E-003	4.83000E-008	5.00000E-010	2.73200E-007	3.34450E+000	7.41629E+002	7.43351E+002	1.72210E+000	1.28243E-001	6.89200E-001	6.51000E-010	8.20000E-011	1.39600E-007
214	6	14	1	1.28000E-002	2.40000E-003	1.90000E-003	2.84000E-008	1.05000E-008	2.74000E-007	3.46560E+000	6.90268E+002	7.13951E+002	2.36830E+001	1.24042E-001	6.90100E-001	6.39300E-010	3.04000E-011	1.36600E-007
218	7	16	1	1.28000E-002	2.60000E-003	1.90000E-003	3.87000E-008	5.00000E-010	2.14100E-007	3.36600E+000	7.38271E+002	7.39863E+002	1.59240E+000	1.25135E-001	6.90300E-001	6.51000E-010	4.05100E-010	1.22500E-007
222	9	16	1	1.27000E-002	2.50000E-003	1.90000E-003	5.59000E-008	6.00000E-010	3.27800E-007	3.06930E+000	7.39208E+002	7.40873E+002	1.66470E+000	1.28569E-001	6.87700E-001	6.32300E-010	3.02100E-010	1.61900E-007
226	11	16	1	1.28000E-002	2.40000E-003	1.90000E-003	7.10000E-008	9.00000E-010	4.15800E-007	3.26010E+000	7.34934E+002	7.36463E+002	1.52880E+000	1.28165E-001	6.88200E-001	6.95500E-010	1.47500E-010	2.01000E-007
230	13	16	6	1.28000E-002	2.40000E-003	1.90000E-003	8.61000E-008	6.00000E-010	3.56900E-007	1.83030E+000
234	15	16	1	1.28000E-002	2.60000E-003	2.00000E-003	7.88000E-008	7.00000E-010	2.96500E-007	3.31310E+000	7.23885E+002	7.25592E+002	1.70700E+000	1.23139E-001	6.89200E-001	9.01600E-010	1.80300E-010	1.42500E-007
238	17	16	1	1.28000E-002	2.70000E-003	1.90000E-003	7.85000E-008	6.00000E-010	2.91600E-007	3.30720E+000	7.22319E+002	7.23940E+002	1.62020E+000	1.23805E-001	6.89200E-001	8.31400E-010	1.03000E-010	1.38600E-007
242	19	16	1	1.28000E-002	2.50000E-003	1.90000E-003	8.07000E-008	3.00000E-010	2.92500E-007	3.29620E+000	7.24828E+002	7.26430E+002	1.60170E+000	1.23112E-001	6.89100E-001	6.32300E-010	2.57600E-010	1.39100E-007
246	21	16	1	1.27000E-002	2.50000E-003	1.90000E-003	7.35000E-008	6.00000E-010	3.35700E-007	3.30050E+000	7.33458E+002	7.34883E+002	1.42500E+000	1.25835E-001	6.88600E-001	7.70500E-010	1.52200E-010	1.62100E-007
250	23	16	1	1.28000E-002	2.60000E-003	1.90000E-003	6.40000E-008	7.00000E-010	4.88600E-007	3.32120E+000	7.34274E+002	7.35771E+002	1.49710E+000	1.28833E-001	6.88600E-001	7.58800E-010	1.00700E-010	2.22000E-007
254	25	16	1	1.28000E-002	2.50000E-003	1.90000E-003	4.75000E-008	3.00000E-010	4.75100E-007	3.30110E+000	7.38497E+002	7.39974E+002	1.47650E+000	1.29315E-001	6.89400E-001	5.62000E-010	2.30000E-012	2.18700E-007
258	27	16	1	1.28000E-002	2.50000E-003	1.90000E-003	3.38000E-008	7.00000E-010	4.14300E-007	3.32950E+000	7.30900E+002	7.32636E+002	1.73570E+000	1.24886E-001	6.87600E-001	7.04900E-010	1.99100E-010	1.98000E-007
262	26	18	6	1.27000E-002	2.60000E-003	1.90000E-003	3.91000E-008	6.00000E-010	4.42200E-007	1.81560E+000
266	24	18	1	1.28000E-002	2.50000E-003	1.90000E-003	4.66000E-008	5.00000E-010	4.57900E-007	3.30510E+000	7.39629E+002	7.41240E+002	1.61090E+000	1.28813E-001	6.88800E-001	9.20400E-010	1.75600E-010	2.16200E-007
270	22	18	1	1.28000E-002	2.50000E-003	1.90000E-003	5.98000E-008	1.00000E-010	4.69400E-007	3.37610E+000	7.35219E+002	7.37326E+002	2.10680E+000	1.29033E-001	6.89400E-001	8.24300E-010	2.01400E-010	2.15200E-007
274	20	18	1	1.28000E-002	2.50000E-003	1.90000E-003	6.94000E-008	8.00000E-010	4.30100E-007	3.42330E+000	7.33678E+002	7.35586E+002	1.90820E+000	1.27743E-001	6.89000E-001	5.12900E-010	2.59900E-010	1.99700E-007
278	18	18	1	1.28000E-002	2.40000E-003	1.90000E-003	7.36000E-008	6.00000E-010	3.68400E-007	3.40930E+000	7.34485E+002	7.36366E+002	1.88170E+000	1.25839E-001	6.88900E-001	7.54100E-010	1.47500E-010	1.75400E-007
282	16	18	1	1.28000E-002	2.50000E-003	1.90000E-003	7.42000E-008	7.00000E-010	3.54300E-007	3.32330E+000	7.31631E+002	7.33885E+002	2.25470E+000	1.26365E-001	6.88900E-001	6.32300E-010	2.30000E-012	1.68600E-007
286	14	18	1	1.28000E-002	2.40000E-003	1.90000E-003	7.24000E-008	6.00000E-010	3.76400E-007	3.28240E+000	7.34083E+002	7.35996E+002	1.91370E+000	1.27426E-001	6.88300E-001	8.75900E-010	9.37000E-011	1.81200E-007
290	12	18	6	1.28000E-002	2.50000E-003	1.90000E-003	7.52000E-008	8.00000E-010	3.97900E-007	1.82380E+000
294	10	18	6	1.28000E-002	2.40000E-003	1.90000E-003	6.09000E-008	8.00000E-010	3.02600E-007	1.74550E+000
298	8	18	6	1.28000E-002	2.50000E-003	1.90000E-003	4.13000E-008	1.00000E-010	2.10100E-007	2.29380E+000
302	9	20	5	1.29000E-002	2.40000E-003	1.80000E-003	3.53000E-008	8.00000E-010	1.05717E-005
304	11	20	6	1.28000E-002	2.40000E-003	1.90000E-003	5.09000E-008	7.00000E-010	2.66900E-007	1.76280E+000
308	13	20	1	1.28000E-002	2.50000E-003	1.90000E-003	5.40000E-008	6.00000E-010	3.96100E-007	3.16340E+000	7.37763E+002	7.40185E+002	2.42180E+000	1.28584E-001	6.88300E-001	6.44000E-010	5.15200E-010	1.97200E-007
312	15	20	1	1.28000E-002	2.40000E-003	1.90000E-003	5.77000E-008	6.00000E-010	4.88200E-007	3.32810E+000	7.37144E+002	7.39543E+002	2.39910E+000	1.28800E-001	6.88500E-001	7.37700E-010	1.64000E-011	2.29300E-007
316	17	20	1	1.29000E-002	2.60000E-003	1.90000E-003	5.96000E-008	8.00000E-010	4.89000E-007	3.39880E+000	7.36387E+002	7.38316E+002	1.92920E+000	1.28096E-001	6.89200E-001	9.69500E-010	1.05400E-010	2.23200E-007
320	19	20	1	1.28000E-002	2.50000E-003	1.90000E-003	5.71000E-008	8.00000E-010	5.25800E-007	3.38990E+000	7.33767E+002	7.36252E+002	2.48520E+000	1.29126E-001	6.88900E-001	6.46400E-010	2.81000E-011	2.37700E-007
324	21	20	1	1.28000E-002	2.50000E-003	1.90000E-003	4.97000E-008	6.00000E-010	4.92000E-007	3.33630E+000	7.34930E+002	7.37335E+002	2.40480E+000	1.29090E-001	6.89300E-001	7.35300E-010	2.43600E-010	2.31000E-007
328	23	20	1	1.28000E-002	2.50000E-003	1.90000E-003	3.97000E-008	5.00000E-010	3.83100E-007	3.31670E+000	7.37608E+002	7.39299E+002	1.69120E+000	1.26791E-001	6.89100E-001	7.91500E-010	2.30000E-012	1.93300E-007
332	25	20	6	1.30000E-002	2.50000E-003	1.80000E-003	2.79000E-008	3.00000E-010	4.32900E-007	1.84810E+000
334	21	22	6	1.29000E-002	2.40000E-003	1.80000E-003	3.35000E-008	7.00000E-010	3.65600E-007	1.84310E+000
336	19	22	1	1.29000E-002	2.40000E-003	1.90000E-003	3.83000E-008	5.00000E-010	3.13100E-007	3.42830E+000	7.33270E+002	7.34887E+002	1.61770E+000	1.24496E-001	6.89500E-001	9.53100E-010	1.64000E-011	1.58000E-007
339	17	22	1	1.28000E-002	2.60000E-003	1.90000E-003	3.95000E-008	3.00000E-010	4.58200E-007	3.44250E+000	7.36435E+002	7.37750E+002	1.31520E+000	1.25947E-001	6.91000E-001	7.70500E-010	4.77700E-010	1.75600E-007
343	15	22	1	1.28000E-002	2.40000E-003	1.80000E-003	3.95000E-008	7.00000E-010	2.68300E-007	3.44650E+000	7.34753E+002	7.36142E+002	1.38840E+000	1.24240E-001	6.89700E-001	4.61300E-010	1.38200E-010	1.37200E-007
346	13	22	6	1.30000E-002	2.20000E-003	1.80000E-003	4.00000E-008	8.00000E-010	3.17700E-007	1.83010E+000

1	13	5	6	1.03000E-002	-4.00000E-004	-9.00000E-004	1.54000E-008	1.00000E-010	6.09500E-007	2.06710E+000
3	15	5	1	1.02000E-002	-4.00000E-004	-8.00000E-004	2.24000E-008	2.00000E-010	3.36000E-007	3.34400E+000	7.30286E+002	7.32701E+002	2.41430E+000	1.26603E-001	6.91600E-001	4.02700E-010	5.64200E-010	1.68500E-007
5	17	5	1	1.02000E-002	-4.00000E-004	-9.00000E-004	2.56000E-008	2.00000E-010	3.68400E-007	3.34930E+000	7.27321E+002	7.29657E+002	2.33660E+000	1.25935E-001	6.91600E-001	8.87300E-010	1.09570E-009	1.84500E-007
7	19	5	1	1.03000E-002	-5.00000E-004	-8.00000E-004	2.18000E-008	3.00000E-010	3.50500E-007	3.33760E+000	7.26936E+002	7.29278E+002	2.34220E+000	1.25978E-001	6.91300E-001	2.08400E-010	5.57200E-010	1.72000E-007
10	23	7	6	1.25000E-002	-3.00000E-004	-7.00000E-004	3.46000E-008	4.00000E-010	3.58300E-007	1.87280E+000
14	21	7	1	1.28000E-002	-3.00000E-004	-8.00000E-004	4.52000E-008	4.00000E-010	3.30900E-007	3.30690E+000	7.36595E+002	7.38778E+002	2.18310E+000	1.26720E-001	6.91100E-001	2.34000E-011	4.68000E-011	1.66600E-007
18	19	7	1	1.28000E-002	-3.00000E-004	-8.00000E-004	5.11000E-008	8.00000E-010	3.95000E-007	3.28080E+000	7.34515E+002	7.37060E+002	2.54530E+000	1.28521E-001	6.91000E-001	9.37000E-011	1.26400E-010	1.87800E-007
22	17	7	1	1.27000E-002	-3.00000E-004	-7.00000E-004	5.44000E-008	5.00000E-010	4.10400E-007	3.27870E+000	7.32604E+002	7.35074E+002	2.46940E+000	1.28719E-001	6.90200E-001	1.59200E-010	8.19000E-011	1.92800E-007
26	15	7	1	1.27000E-002	-3.00000E-004	-7.00000E-004	5.07000E-008	4.00000E-010	3.70700E-007	3.30320E+000	7.34268E+002	7.36814E+002	2.54560E+000	1.28696E-001	6.90700E-001	2.34000E-011	4.12100E-010	1.78500E-007
30	13	7	1	1.27000E-002	-3.00000E-004	-7.00000E-004	4.33000E-008	3.00000E-010	2.88100E-007	3.34920E+000	7.38463E+002	7.40843E+002	2.38060E+000	1.27412E-001	6.91600E-001	1.45200E-010	2.30000E-012	1.48200E-007
34	11	7	6	1.28000E-002	-3.00000E-004	-7.00000E-004	4.11000E-008	4.00000E-010	2.49800E-007	1.82980E+000
37	9	7	6	1.32000E-002	-4.00000E-004	-8.00000E-004	1.86000E-008	5.00000E-010	3.52900E-007	1.87040E+000
40	7	9	6	1.32000E-002	-3.00000E-004	-8.00000E-004	2.20000E-008	4.00000E-010	2.91800E-007	1.85130E+000
44	9	9	1	1.28000E-002	-3.00000E-004	-8.00000E-004	3.94000E-008	2.00000E-010	2.32300E-007	3.31830E+000	7.38289E+002	7.39933E+002	1.64420E+000	1.25148E-001	6.92300E-001	3.13700E-010	6.18100E-010	1.28400E-007
48	11	9	1	1.28000E-002	-3.00000E-004	-7.00000E-004	4.70000E-008	5.00000E-010	3.55100E-007	3.30870E+000	7.38925E+002	7.41267E+002	2.34210E+000	1.28450E-001	6.90900E-001	1.31100E-010	4.68300E-010	1.72300E-007
52	13	9	1	1.27000E-002	-2.00000E-004	-7.00000E-004	6.16000E-008	3.00000E-010	4.34100E-007	3.31510E+000	7.34780E+002	7.36895E+002	2.11580E+000	1.28688E-001	6.91300E-001	7.49000E-011	1.52200E-010	1.99200E-007
56	15	9	1	1.27000E-002	-2.00000E-004	-7.00000E-004	6.81000E-008	2.00000E-010	4.80400E-007	3.33010E+000	7.32981E+002	7.34989E+002	2.00880E+000	1.28534E-001	6.91200E-001	3.98000E-011	1.17000E-011	2.19000E-007
60	17	9	1	1.28000E-002	-2.00000E-004	-7.00000E-004	7.24000E-008	6.00000E-010	4.97700E-007	3.26250E+000	7.29998E+002	7.32460E+002	2.46200E+000	1.28324E-001	6.91000E-001	1.35800E-010	1.10000E-010	2.19000E-007
64	19	9	1	1.28000E-002	-2.00000E-004	-8.00000E-004	6.91000E-008	4.00000E-010	5.27100E-007	3.25170E+000	7.30121E+002	7.32257E+002	2.13580E+000	1.28737E-001	6.90700E-001	1.35800E-010	3.91000E-010	2.36500E-007
68	21	9	1	1.28000E-002	-2.00000E-004	-7.00000E-004	6.27000E-008	5.00000E-010	5.38000E-007	2.80760E+000	7.32106E+002	7.34459E+002	2.35310E+000	1.29656E-001	6.88800E-001	1.99000E-010	1.92000E-010	2.41300E-007
72	23	9	1	1.28000E-002	-3.00000E-004	-7.00000E-004	4.65000E-008	4.00000E-010	4.59100E-007	3.28580E+000	7.35797E+002	7.38227E+002	2.43020E+000	1.29343E-001	6.90500E-001	3.20800E-010	4.19100E-010	2.22900E-007
75	25	9	6	1.25000E-002	-4.00000E-004	-8.00000E-004	4.07000E-008	3.00000E-010	3.91200E-007	1.90270E+000
79	26	11	6	1.29000E-002	-3.00000E-004	-7.00000E-004	3.94000E-008	4.00000E-010	4.11400E-007	2.13680E+000
83	24	11	6	1.28000E-002	-3.00000E-004	-7.00000E-004	5.89000E-008	5.00000E-010	5.00400E-007	1.84150E+000
87	22	11	6	1.28000E-002	-2.00000E-004	-7.00000E-004	7.83000E-008	5.00000E-010	4.96200E-007	1.81340E+000
91	20	11	1	1.28000E-002	-2.00000E-004	-7.00000E-004	7.58000E-008	2.00000E-010	3.53600E-007	3.24550E+000	7.31946E+002	7.33767E+002	1.82150E+000	1.25867E-001	6.90900E-001	1.12400E-010	4.68000E-011	1.68900E-007
95	18	11	1	1.27000E-002	-1.00000E-004	-7.00000E-004	7.88000E-008	4.00000E-010	2.74200E-007	3.31670E+000	7.29366E+002	7.30985E+002	1.61940E+000	1.24016E-001	6.92000E-001	2.45800E-010	1.61500E-010	1.33500E-007
99	16	11	1	1.28000E-002	-2.00000E-004	-7.00000E-004	7.67000E-008	6.00000E-010	2.75600E-007	3.33440E+000	7.29255E+002	7.31172E+002	1.91660E+000	1.23731E-001	6.91800E-001	3.28000E-011	5.40800E-010	1.33500E-007
103	14	11	1	1.28000E-002	-2.00000E-004	-7.00000E-004	7.47000E-008	2.00000E-010	3.20700E-007	3.40350E+000	7.30269E+002	7.31984E+002	1.71460E+000	1.26233E-001	6.92200E-001	1.64000E-011	1.12400E-010	1.52500E-007
107	12	11	1	1.27000E-002	-2.00000E-004	-7.00000E-004	6.83000E-008	4.00000E-010	3.43500E-007	3.40240E+000	7.35136E+002	7.37157E+002	2.02080E+000	1.27224E-001	6.91700E-001	1.47500E-010	2.55200E-010	1.64100E-007
111	10	11	1	1.27000E-002	-2.00000E-004	-7.00000E-004	5.67000E-008	5.00000E-010	3.67100E-007	3.27440E+000	7.39371E+002	7.41527E+002	2.15560E+000	1.27524E-001	6.90800E-001	5.85000E-011	3.93300E-010	1.76600E-007
115	8	11	1	1.27000E-002	-1.00000E-004	-7.00000E-004	4.18000E-008	2.00000E-010	2.31900E-007	3.31970E+000	7.43125E+002	7.44600E+002	1.47450E+000	1.27478E-001	6.93400E-001	8.19000E-011	2.57500E-010	1.22800E-007
119	6	11	1	1.28000E-002	-3.00000E-004	-8.00000E-004	2.02000E-008	5.00000E-010	2.74200E-007	3.30230E+000	7.35675E+002	7.37530E+002	1.85570E+000	1.24815E-001	6.91400E-001	1.66200E-010	4.49500E-010	1.49400E-007
123	5	13	1	1.28000E-002	-3.00000E-004	-8.00000E-004	1.47000E-008	7.40000E-009	2.58500E-007	3.40670E+000	7.36868E+002	7.38505E+002	1.63770E+000	1.27062E-001	6.92700E-001	4.45000E-011	1.35800E-010	1.33000E-007
127	7	13	1	1.29000E-002	-3.00000E-004	-7.00000E-004	4.00000E-008	5.00000E-010	2.66900E-007	3.43660E+000	7.40398E+002	7.42011E+002	1.61340E+000	1.25555E-001	6.92800E-001	6.79000E-011	1.66200E-010	1.27300E-007
131	9	13	1	1.28000E-002	-1.00000E-004	-7.00000E-004	5.70000E-008	5.00000E-010	3.89900E-007	3.32870E+000	7.38859E+002	7.40589E+002	1.73070E+000	1.28883E-001	6.90000E-001	1.40500E-010	2.78600E-010	1.85800E-007
135	11	13	1	1.28000E-002	-3.00000E-004	-8.00000E-004	7.24000E-008	5.00000E-010	6.58800E-007	3.34020E+000	7.34314E+002	7.35804E+002	1.49090E+000	1.27144E-001	6.90700E-001	1.89600E-010	4.49500E-010	2.31400E-007
139	13	13	1	1.28000E-002	-3.00000E-004	-7.00000E-004	7.89000E-008	1.00000E-010	2.90800E-007	3.31590E+000	7.28811E+002	7.30509E+002	1.69820E+000	1.23166E-001	6.91500E-001	5.38000E-011	1.63900E-010	1.40400E-007
143	15	13	1	1.27000E-002	-2.00000E-004	-7.00000E-004	7.97000E-008	5.00000E-010	3.13000E-007	3.30820E+000	7.20826E+002	7.22440E+002	1.61460E+000	1.23343E-001	6.90800E-001	3.28000E-011	1.21700E-010	1.47600E-007
147	17	13	1	1.27000E-002	-1.00000E-004	-8.00000E-004	8.22000E-008	6.00000E-010	3.46000E-007	3.31030E+000	7.12838E+002	7.14390E+002	1.55210E+000	1.22798E-001	6.91000E-001	1.82600E-010	7.49000E-011	1.52600E-007
151	19	13	1	1.28000E-002	-1.00000E-004	-7.00000E-004	8.12000E-008	3.00000E-010	3.12300E-007	3.30490E+000	7.22527E+002	7.24027E+002	1.49990E+000	1.23377E-001	6.90700E-001	1.17000E-011	2.97300E-010	1.47900E-007
155	21	13	1	1.28000E-002	-2.00000E-004	-8.00000E-004	7.80000E-008	5.00000E-010	3.23500E-007	3.31810E+000	7.28793E+002	7.30286E+002	1.49290E+000	1.25182E-001	6.91600E-001	1.03000E-010	1.70900E-010	1.56100E-007
159	23	13	6	1.28000E-002	-2.00000E-004	-8.00000E-004	7.24000E-008	6.00000E-010	5.30100E-007	2.10430E+000
163	25	13	1	1.28000E-002	-2.00000E-004	-7.00000E-004	5.13000E-008	6.00000E-010	5.21900E-007	3.28130E+000	7.34381E+002	7.35741E+002	1.35980E+000	1.28922E-001	6.90900E-001	1.10000E-010	2.62200E-010	2.36900E-007
167	27	13	6	1.27000E-002	-1.00000E-004	-7.00000E-004	4.28000E-008	4.00000E-010	4.30300E-007	1.89060E+000
171	27	15	1	1.28000E-002	-2.00000E-004	-7.00000E-004	4.06000E-008	6.00000E-010	4.08000E-007	3.29610E+000	7.32999E+002	7.34823E+002	1.82360E+000	1.25226E-001	6.89700E-001	1.19400E-010	3.30100E-010	1.97800E-007
175	25	15	1	1.28000E-002	-2.00000E-004	-7.00000E-004	5.18000E-008	4.00000E-010	5.47700E-007	3.24540E+000	7.35635E+002	7.37078E+002	1.44310E+000	1.29506E-001	6.91700E-001	5.38000E-011	3.37100E-010	2.45700E-007
179	23	15	1	1.28000E-002	-2.00000E-004	-7.00000E-004	6.77000E-008	6.00000E-010	5.04400E-007	3.27020E+000	7.33110E+002	7.34602E+002	1.49230E+000	1.28199E-001	6.91100E-001	2.41200E-010	1.89600E-010	2.26300E-007
183	21	15	1	1.27000E-002	-1.00000E-004	-7.00000E-004	7.58000E-008	6.00000E-010	3.09800E-007	3.29890E+000	7.31685E+002	7.32992E+002	1.30670E+000	1.24518E-001	6.91100E-001	9.13000E-011	2.57500E-010	1.50300E-007
187	19	15	1	1.28000E-002	-2.00000E-004	-7.00000E-004	8.11000E-008	3.00000E-010	3.07500E-007	3.29210E+000	7.22237E+002	7.23826E+002	1.58880E+000	1.22482E-001	6.90900E-001	2.34000E-011	1.80300E-010	1.47100E-007
191	17	15	1	1.28000E-002	-1.00000E-004	-7.00000E-004	8.15000E-008	4.00000E-010	3.42300E-007	3.32010E+000	7.14737E+002	7.16226E+002	1.48880E+000	1.22614E-001	6.90600E-001	2.30000E-012	5.62000E-011	1.55800E-007
195	15	15	1	1.28000E-002	-2.00000E-004	-7.00000E-004	7.97000E-008	5.00000E-010	3.16400E-007	3.31700E+000	7.20735E+002	7.22341E+002	1.60640E+000	1.23094E-001	6.91200E-001	2.08400E-010	1.05400E-010	1.50100E-007
199	13	15	1	1.28000E-002	-1.00000E-004	-7.00000E-004	7.88000E-008	5.00000E-010	2.74200E-007	3.30620E+000	7.30219E+002	7.31651E+002	1.43280E+000	1.23743E-001	6.91600E-001	9.13000E-011	1.94300E-010	1.33800E-007
203	11	15	1	1.28000E-002	-3.00000E-004	-7.00000E-004	7.38000E-008	6.00000E-010	3.81000E-007	3.29270E+000	7.33276E+002	7.34759E+002	1.48380E+000	1.27855E-001	6.90600E-001	3.04000E-011	7.26000E-011	1.81000E-007
207	9	15	1	1.28000E-002	-3.00000E-004	-8.00000E-004	5.84000E-008	6.00000E-010	3.33700E-007	3.27310E+000	7.38288E+002	7.39860E+002	1.57240E+000	1.28814E-001	6.90600E-001	8.19000E-011	3.04000E-011	1.66400E-007
211	7	15	1	1.27000E-002	-3.00000E-004	-7.00000E-004	3.96000E-008	6.00000E-010	3.32100E-007	3.34240E+000	7.39890E+002	7.41454E+002	1.56360E+000	1.25340E-001	6.92800E-001	8.43000E-011	1.35800E-010	1.38700E-007
215	5	15	1	1.28000E-002	-3.00000E-004	-7.00000E-004	1.45000E-008	6.00000E-010	2.55500E-007	3.50110E+000	7.35141E+002	7.36614E+002	1.47290E+000	1.25481E-001	6.93100E-001	1.92000E-010	1.33500E-010	1.42300E-007
219	6	17	1	1.28000E-002	-2.00000E-004	-7.00000E-004	2.08000E-008	6.00000E-010	2.42500E-007	3.35040E+000	7.33041E+002	7.34960E+002	1.91930E+000	1.23967E-001	6.92200E-001	1.75600E-010	5.05700E-010	1.35800E-007
223	8	17	1	1.27000E-002	-2.00000E-004	-7.00000E-004	4.36000E-008	4.00000E-010	2.94300E-007	3.30920E+000	7.43522E+002	7.44980E+002	1.45740E+000	1.26244E-001	6.92300E-001	1.38100E-010	3.67600E-010	1.31100E-007
227	10	17	1	1.28000E-002	-3.00000E-004	-7.00000E-004	6.02000E-008	8.00000E-010	3.35100E-007	3.30200E+000	7.39342E+002	7.41202E+002	1.86000E+000	1.28564E-001	6.91300E-001	1.14700E-010	1.19400E-010	1.68100E-007
231	12	17	6	1.28000E-002	-3.00000E-004	-7.00000E-004	8.20000E-008	7.00000E-010	4.10100E-007	1.76050E+000
235	14	17	1	1.28000E-002	-2.00000E-004	-7.00000E-004	7.67000E-008	5.00000E-010	3.11600E-007	3.31380E+000	7.31998E+002	7.33782E+002	1.78470E+000	1.25233E-001	6.91300E-001	3.98000E-011	3.81600E-010	1.58500E-007
239	16	17	1	1.28000E-002	-1.00000E-004	-7.00000E-004	7.86000E-008	4.00000E-010	2.88300E-007	3.30550E+000	7.28472E+002	7.30117E+002	1.64490E+000	1.22846E-001	6.92000E-001	5.85000E-011	1.96700E-010	1.39700E-007
243	18	17	1	1.28000E-002	-1.00000E-004	-7.00000E-004	7.85000E-008	5.00000E-010	2.72100E-007	3.34710E+000	7.29480E+002	7.31337E+002	1.85670E+000	1.23577E-001	6.92100E-001	7.73000E-011	3.69900E-010	1.32900E-007
247	20	17	1	1.27000E-002	-2.00000E-004	-7.00000E-004	7.58000E-008	3.00000E-010	3.26200E-007	3.32810E+000	7.33026E+002	7.34687E+002	1.66030E+000	1.25362E-001	6.91400E-001	6.79000E-011	2.88000E-010	1.56300E-007
251	22	17	1	1.28000E-002	-1.00000E-004	-7.00000E-004	6.64000E-008	5.00000E-010	4.09800E-007	3.41910E+000	7.35965E+002	7.37643E+002	1.67850E+000	1.27767E-001	6.91700E-001	7.49000E-011	3.98000E-011	1.90900E-007
255	24	17	1	1.28000E-002	-2.00000E-004	-7.00000E-004	5.39000E-008	6.00000E-010	4.76800E-007	3.34310E+000	7.37664E+002	7.39090E+002	1.42590E+000	1.28890E-001	6.91300E-001	2.45800E-010	2.58000E-011	2.21100E-007
259	26	17	1	1.28000E-002	-2.00000E-004	-7.00000E-004	3.68000E-008	5.00000E-010	3.96700E-007	3.29910E+000	7.37181E+002	7.39148E+002	1.96670E+000	1.25530E-001	6.90400E-001	1.33500E-010	2.55200E-010	1.91800E-007
263	25	19	6	1.27000E-002	-2.00000E-004	-7.00000E-004	4.31000E-008	3.00000E-010	4.41400E-007	1.81810E+000
267	23	19	1	1.28000E-002	-2.00000E-004	-7.00000E-004	4.86000E-008	2.00000E-010	4.97200E-007	3.28630E+000	7.35931E+002	7.38286E+002	2.35560E+000	1.28883E-001	6.91200E-001	1.33500E-010	1.56900E-010	2.28500E-007
271	21	19	1	1.28000E-002	-1.00000E-004	-7.00000E-004	5.94000E-008	3.00000E-010	5.26600E-007	3.28770E+000	7.33880E+002	7.35523E+002	1.64260E+000	1.28894E-001	6.90600E-001	4.92000E-011	2.31800E-010	2.36000E-007
275	19	19	1	1.28000E-002	-2.00000E-004	-7.00000E-004	6.79000E-008	6.00000E-010	4.94000E-007	3.40050E+000	7.33655E+002	7.35725E+002	2.07070E+000	1.28360E-001	6.91600E-001	2.90300E-010	3.84000E-010	2.22800E-007
279	17	19	1	1.28000E-002	-2.00000E-004	-7.00000E-004	7.12000E-008	3.00000E-010	4.56800E-007	3.40680E+000	7.33998E+002	7.35978E+002	1.97990E+000	1.27468E-001	6.92000E-001	5.62000E-011	1.40500E-010	2.07000E-007
283	15	19	1	1.28000E-002	-2.00000E-004	-7.00000E-004	6.91000E-008	5.00000E-010	4.87100E-007	2.83020E+000	7.33154E+002	7.35551E+002	2.39660E+000	1.28256E-001	6.89600E-001	1.24100E-010	1.03000E-010	2.21000E-007
287	13	19	1	1.28000E-002	-1.00000E-004	-7.00000E-004	6.36000E-008	4.00000E-010	4.29300E-007	3.25650E+000	7.34499E+002	7.37078E+002	2.57870E+000	1.28438E-001	6.90700E-001	6.09000E-011	2.78600E-010	2.06400E-007
291	11	19	6	1.28000E-002	-2.00000E-004	-8.00000E-004	6.20000E-008	5.00000E-010	3.36200E-007	1.74740E+000
295	9	19	6	1.28000E-002	-3.00000E-004	-7.00000E-004	4.55000E-008	4.00000E-010	2.11200E-007	1.79140E+000
299	7	19	6	1.28000E-002	-2.00000E-004	-7.00000E-004	2.32000E-008	4.00000E-010	2.78200E-007	2.06830E+000
305	10	21	1	1.28000E-002	-3.00000E-004	-7.00000E-004	2.68000E-008	5.00000E-010	2.97700E-007	3.36550E+000	7.28491E+002	7.30927E+002	2.43550E+000	1.23515E-001	6.92000E-001	4.21400E-010	7.18800E-010	1.49300E-007
309	12	21	6	1.28000E-002	-3.00000E-004	-8.00000E-004	4.43000E-008	4.00000E-010	2.48300E-007	2.48710E+000
313	14	21	6	1.28000E-002	-2.00000E-004	-8.00000E-004	5.52000E-008	4.00000E-010	3.57900E-007	1.71440E+000
317	16	21	1	1.29000E-002	-2.00000E-004	-7.00000E-004	4.86000E-008	6.00000E-010	3.93400E-007	3.39910E+000	7.40923E+002	7.43644E+002	2.72080E+000	1.26753E-001	6.91400E-001	2.41200E-010	2.27100E-010	1.91500E-007
321	18	21	1	1.28000E-002	-2.00000E-004	-7.00000E-004	4.98000E-008	5.00000E-010	4.49800E-007	3.41710E+000	7.36533E+002	7.39015E+002	2.48150E+000	1.28530E-001	6.91500E-001	1.07700E-010	1.14700E-010	2.12400E-007
325	20	21	1	1.28000E-002	-1.00000E-004	-7.00000E-004	4.43000E-008	4.00000E-010	3.83000E-007	3.42220E+000	7.37842E+002	7.40219E+002	2.37710E+000	1.27538E-001	6.91300E-001	4.70000E-012	2.55200E-010	1.89700E-007
329	22	21	1	1.28000E-002	-2.00000E-004	-7.00000E-004	3.82000E-008	5.00000E-010	3.67900E-007	3.26030E+000	7.33943E+002	7.35543E+002	1.60030E+000	1.24032E-001	6.90600E-001	1.17000E-011	2.30000E-012	1.76200E-007
337	18	23	1	1.29000E-002	-3.00000E-004	-8.00000E-004	2.18000E-008	6.00000E-010	3.52600E-007	3.39380E+000	6.93394E+002	7.19599E+002	2.62044E+001	1.23494E-001	6.90300E-001	2.03700E-010	9.83000E-011	1.63500E-007
340	16	23	1	1.28000E-002	-2.00000E-004	-7.00000E-004	2.36000E-008	4.00000E-010	3.93900E-007	3.45070E+000	7.23510E+002	7.25820E+002	2.31070E+000	1.23794E-001	6.91300E-001	9.13000E-011	5.73600E-010	1.73000E-007

2	14	5	1	1.03000E-002	-2.80000E-003	-3.30000E-003	1.85000E-008	1.00000E-010	3.34500E-007	3.32760E+000	7.30592E+002	7.32995E+002	2.40280E+000	1.26644E-001	6.93900E-001	5.76000E-010	5.64300E-010	1.68500E-007
4	16	5	1	1.02000E-002	-2.80000E-003	-3.30000E-003	2.49000E-008	2.00000E-010	4.22700E-007	3.32660E+000	7.28421E+002	7.30765E+002	2.34440E+000	1.25631E-001	6.93700E-001	3.60600E-010	5.90100E-010	1.80300E-007
6	18	5	6	1.02000E-002	-2.80000E-003	-3.30000E-003	2.63000E-008	2.00000E-010	4.26200E-007	2.07710E+000
8	20	5	1	1.03000E-002	-2.90000E-003	-3.20000E-003	1.79000E-008	3.00000E-010	3.09400E-007	3.32120E+000	7.27693E+002	7.29997E+002	2.30410E+000	1.26630E-001	6.93500E-001	1.82600E-010	5.40900E-010	1.53300E-007
11	24	7	6	1.25000E-002	-2.80000E-003	-3.20000E-003	2.29000E-008	4.00000E-010	3.41200E-007	1.88210E+000
15	22	7	1	1.28000E-002	-2.70000E-003	-3.20000E-003	3.83000E-008	3.00000E-010	3.26800E-007	3.32100E+000	7.33938E+002	7.35827E+002	1.88910E+000	1.24620E-001	6.93000E-001	1.03000E-010	1.31100E-010	1.69200E-007
19	20	7	1	1.28000E-002	-2.60000E-003	-3.20000E-003	4.90000E-008	6.00000E-010	3.61200E-007	3.29960E+000	7.35575E+002	7.38023E+002	2.44810E+000	1.27770E-001	6.93000E-001	1.12400E-010	4.45000E-011	1.75300E-007
23	18	7	1	1.27000E-002	-2.70000E-003	-3.10000E-003	5.32000E-008	4.00000E-010	4.11900E-007	3.28420E+000	7.34809E+002	7.37264E+002	2.45520E+000	1.28920E-001	6.93000E-001	2.24800E-010	6.79000E-011	1.94100E-007
27	16	7	1	1.27000E-002	-2.70000E-003	-3.20000E-003	5.25000E-008	4.00000E-010	3.84400E-007	3.31730E+000	7.33398E+002	7.36076E+002	2.67750E+000	1.28634E-001	6.93400E-001	1.03000E-010	2.62300E-010	1.80800E-007
31	14	7	1	1.27000E-002	-2.60000E-003	-3.20000E-003	4.75000E-008	3.00000E-010	3.22700E-007	3.37240E+000	7.37631E+002	7.40199E+002	2.56800E+000	1.28044E-001	6.94000E-001	4.21000E-011	7.00000E-012	1.60000E-007
35	12	7	1	1.28000E-002	-2.60000E-003	-3.10000E-003	3.93000E-008	4.00000E-010	2.53300E-007	3.33880E+000	7.36923E+002	7.38820E+002	1.89640E+000	1.24973E-001	6.94300E-001	3.25500E-010	5.62000E-010	1.43400E-007
38	10	7	6	1.32000E-002	-2.70000E-003	-3.20000E-003	2.73000E-008	4.00000E-010	2.70900E-007	1.88090E+000
41	8	9	6	1.32000E-002	-2.70000E-003	-3.20000E-003	3.46000E-008	3.00000E-010	2.69000E-007	1.88190E+000
45	10	9	1	1.28000E-002	-2.60000E-003	-3.20000E-003	4.37000E-008	3.00000E-010	2.76300E-007	3.30580E+000	7.41371E+002	7.43884E+002	2.51250E+000	1.26807E-001	6.93800E-001	3.34900E-010	6.15800E-010	1.51800E-007
49	12	9	1	1.28000E-002	-2.70000E-003	-3.10000E-003	5.28000E-008	4.00000E-010	3.86000E-007	3.40340E+000	7.38146E+002	7.40275E+002	2.12920E+000	1.28668E-001	6.93900E-001	1.66300E-010	4.00400E-010	1.84000E-007
53	14	9	1	1.27000E-002	-2.60000E-003	-3.10000E-003	6.49000E-008	4.00000E-010	4.58100E-007	3.37830E+000	7.34031E+002	7.36750E+002	2.71860E+000	1.28422E-001	6.93600E-001	1.68600E-010	1.19400E-010	2.09200E-007
57	16	9	1	1.27000E-002	-2.60000E-003	-3.20000E-003	6.97000E-008	2.00000E-010	4.50000E-007	3.28860E+000	7.32502E+002	7.35045E+002	2.54310E+000	1.27866E-001	6.93300E-001	1.28800E-010	8.20000E-011	2.06400E-007
61	18	9	1	1.28000E-002	-2.60000E-003	-3.10000E-003	7.00000E-008	5.00000E-010	4.89000E-007	3.26300E+000	7.31164E+002	7.33769E+002	2.60500E+000	1.28143E-001	6.93400E-001	1.99000E-010	4.92000E-011	2.20300E-007
65	20	9	6	1.28000E-002	-2.70000E-003	-3.20000E-003	6.77000E-008	4.00000E-010	5.01900E-007	2.06820E+000
69	22	9	1	1.28000E-002	-2.60000E-003	-3.10000E-003	5.44000E-008	4.00000E-010	4.82300E-007	3.27020E+000	7.35048E+002	7.37446E+002	2.39780E+000	1.29099E-001	6.93200E-001	2.83300E-010	2.71600E-010	2.27300E-007
73	24	9	1	1.28000E-002	-2.60000E-003	-3.10000E-003	4.00000E-008	3.00000E-010	3.56300E-007	3.31260E+000	7.39179E+002	7.41215E+002	2.03650E+000	1.26726E-001	6.93000E-001	4.05100E-010	4.12100E-010	1.83800E-007
76	26	9	1	1.25000E-002	-2.70000E-003	-3.20000E-003	2.18000E-008	3.00000E-010	3.20800E-007	3.35610E+000	7.27699E+002	7.30053E+002	2.35360E+000	1.24512E-001	6.93500E-001	4.37900E-010	7.02500E-010	1.65900E-007
80	27	11	6	1.29000E-002	-2.70000E-003	-3.10000E-003	2.87000E-008	2.00000E-010	4.08200E-007	2.20930E+000
84	25	11	6	1.28000E-002	-2.70000E-003	-3.10000E-003	4.98000E-008	4.00000E-010	4.91400E-007	1.82910E+000
88	23	11	6	1.28000E-002	-2.60000E-003	-3.10000E-003	6.91000E-008	5.00000E-010	5.50000E-007	1.82140E+000
92	21	11	1	1.28000E-002	-2.60000E-003	-3.10000E-003	7.52000E-008	2.00000E-010	4.61800E-007	2.51890E+000	7.31720E+002	7.33168E+002	1.44760E+000	1.27005E-001	6.91000E-001	2.52900E-010	3.98000E-011	2.17500E-007
96	19	11	1	1.27000E-002	-2.60000E-003	-3.10000E-003	7.88000E-008	4.00000E-010	3.15500E-007	3.31510E+000	7.29494E+002	7.31187E+002	1.69330E+000	1.25041E-001	6.93500E-001	2.17800E-010	1.96700E-010	1.52400E-007
100	17	11	1	1.28000E-002	-2.60000E-003	-3.10000E-003	7.96000E-008	4.00000E-010	2.83100E-007	3.32740E+000	7.27136E+002	7.28809E+002	1.67320E+000	1.23326E-001	6.94000E-001	7.96000E-011	4.94100E-010	1.37500E-007
104	15	11	1	1.28000E-002	-2.60000E-003	-3.10000E-003	7.81000E-008	3.00000E-010	3.05800E-007	3.37700E+000	7.27836E+002	7.29736E+002	1.89980E+000	1.24814E-001	6.94000E-001	8.66000E-011	3.04000E-011	1.47100E-007
108	13	11	1	1.27000E-002	-2.60000E-003	-3.20000E-003	7.35000E-008	2.00000E-010	3.46500E-007	3.31620E+000	7.31831E+002	7.34257E+002	2.42580E+000	1.26485E-001	6.93400E-001	2.22500E-010	3.04400E-010	1.66500E-007
112	11	11	1	1.27000E-002	-2.60000E-003	-3.10000E-003	6.32000E-008	4.00000E-010	3.80700E-007	3.35040E+000	7.37120E+002	7.38785E+002	1.66520E+000	1.27647E-001	6.93500E-001	1.19400E-010	3.48900E-010	1.80400E-007
116	9	11	1	1.27000E-002	-2.70000E-003	-3.10000E-003	4.94000E-008	2.00000E-010	3.19900E-007	3.37820E+000	7.40214E+002	7.42038E+002	1.82450E+000	1.27234E-001	6.93500E-001	2.30000E-012	8.66000E-011	1.60200E-007
120	7	11	1	1.28000E-002	-2.60000E-003	-3.10000E-003	3.77000E-008	5.00000E-010	2.39400E-007	3.32220E+000	7.34710E+002	7.36202E+002	1.49230E+000	1.24022E-001	6.94600E-001	1.28800E-010	4.30900E-010	1.28100E-007
124	6	13	1	1.28000E-002	-2.60000E-003	-3.10000E-003	2.92000E-008	3.00000E-010	2.48000E-007	3.44780E+000	7.33853E+002	7.35341E+002	1.48770E+000	1.23968E-001	6.94500E-001	1.21800E-010	3.51000E-011	1.29800E-007
128	8	13	1	1.29000E-002	-2.60000E-003	-3.10000E-003	4.85000E-008	4.00000E-010	3.05300E-007	3.34870E+000	7.41616E+002	7.43261E+002	1.64440E+000	1.27957E-001	6.93300E-001	1.82600E-010	1.85000E-010	1.53900E-007
132	10	13	1	1.28000E-002	-2.60000E-003	-3.10000E-003	6.36000E-008	3.00000E-010	3.64200E-007	3.33390E+000	7.37242E+002	7.38927E+002	1.68420E+000	1.27835E-001	6.93000E-001	1.96700E-010	2.50600E-010	1.74500E-007
136	12	13	1	1.28000E-002	-2.60000E-003	-3.20000E-003	7.60000E-008	5.00000E-010	3.64500E-007	3.26280E+000	7.31774E+002	7.33251E+002	1.47700E+000	1.25686E-001	6.92500E-001	2.59900E-010	3.06800E-010	1.72800E-007
140	14	13	1	1.28000E-002	-2.60000E-003	-3.20000E-003	8.11000E-008	1.00000E-010	2.90500E-007	3.30690E+000	7.24027E+002	7.25858E+002	1.83150E+000	1.22855E-001	6.93900E-001	1.94400E-010	1.70900E-010	1.39900E-007
144	16	13	1	1.27000E-002	-2.60000E-003	-3.10000E-003	7.79000E-008	5.00000E-010	2.81500E-007	3.32250E+000	7.16533E+002	7.18782E+002	2.24890E+000	1.22218E-001	6.94500E-001	7.49000E-011	1.33500E-010	1.30500E-007
148	18	13	1	1.27000E-002	-2.60000E-003	-3.10000E-003	8.19000E-008	6.00000E-010	3.02700E-007	3.31760E+000	7.14233E+002	7.16750E+002	2.51670E+000	1.22832E-001	6.94300E-001	2.66900E-010	2.81000E-011	1.37400E-007
152	20	13	1	1.28000E-002	-2.70000E-003	-3.10000E-003	8.08000E-008	3.00000E-010	2.95100E-007	3.31220E+000	7.26563E+002	7.28014E+002	1.45060E+000	1.23373E-001	6.93800E-001	1.10100E-010	2.74000E-010	1.43400E-007
156	22	13	1	1.28000E-002	-2.60000E-003	-3.20000E-003	7.32000E-008	4.00000E-010	4.10700E-007	3.28850E+000	7.31130E+002	7.32699E+002	1.56900E+000	1.26927E-001	6.92700E-001	1.89700E-010	2.38800E-010	1.96600E-007
160	24	13	1	1.28000E-002	-2.60000E-003	-3.20000E-003	6.04000E-008	5.00000E-010	5.09000E-007	3.27990E+000	7.33742E+002	7.35235E+002	1.49360E+000	1.29077E-001	6.92800E-001	1.42800E-010	2.15400E-010	2.32000E-007
164	26	13	6	1.28000E-002	-2.70000E-003	-3.10000E-003	4.34000E-008	4.00000E-010	4.42000E-007	2.26390E+000
168	28	13	6	1.27000E-002	-2.60000E-003	-3.10000E-003	2.35000E-008	4.00000E-010	4.24400E-007	1.94030E+000
172	28	15	1	1.28000E-002	-2.70000E-003	-3.20000E-003	2.19000E-008	5.00000E-010	4.16400E-007	3.32020E+000	7.29244E+002	7.30625E+002	1.38110E+000	1.24576E-001	6.92300E-001	1.56900E-010	2.08400E-010	1.97000E-007
176	26	15	1	1.28000E-002	-2.60000E-003	-3.20000E-003	4.27000E-008	4.00000E-010	4.55800E-007	3.28390E+000	7.41283E+002	7.42741E+002	1.45820E+000	1.27783E-001	6.93300E-001	1.07700E-010	2.50600E-010	2.26700E-007
180	24	15	1	1.28000E-002	-2.70000E-003	-3.10000E-003	5.96000E-008	6.00000E-010	5.34300E-007	3.27560E+000	7.34618E+002	7.36112E+002	1.49410E+000	1.29041E-001	6.93300E-001	2.43500E-010	2.03700E-010	2.39000E-007
184	22	15	1	1.27000E-002	-2.60000E-003	-3.10000E-003	7.28000E-008	5.00000E-010	4.00900E-007	3.26950E+000	7.34139E+002	7.35666E+002	1.52720E+000	1.26388E-001	6.92600E-001	1.14700E-010	2.13100E-010	1.88100E-007
188	20	15	1	1.28000E-002	-2.60000E-003	-3.10000E-003	7.99000E-008	2.00000E-010	2.80900E-007	3.30660E+000	7.27383E+002	7.28938E+002	1.55490E+000	1.22524E-001	6.93600E-001	2.34000E-011	1.05400E-010	1.37000E-007
192	18	15	1	1.28000E-002	-2.60000E-003	-3.10000E-003	8.14000E-008	5.00000E-010	2.85600E-007	3.33140E+000	7.16490E+002	7.18027E+002	1.53720E+000	1.22487E-001	6.94800E-001	5.15000E-011	1.10100E-010	1.29700E-007
196	16	15	1	1.28000E-002	-2.60000E-003	-3.10000E-003	7.91000E-008	5.00000E-010	2.90100E-007	3.33700E+000	7.15743E+002	7.17692E+002	1.94850E+000	1.22294E-001	6.94600E-001	1.21800E-010	1.99000E-010	1.31500E-007
200	14	15	1	1.28000E-002	-2.60000E-003	-3.20000E-003	8.01000E-008	4.00000E-010	2.80800E-007	3.29850E+000	7.25765E+002	7.27381E+002	1.61570E+000	1.21856E-001	6.93600E-001	2.06100E-010	2.29500E-010	1.36800E-007
204	12	15	1	1.28000E-002	-2.60000E-003	-3.10000E-003	7.77000E-008	6.00000E-010	3.45200E-007	3.31870E+000	7.32376E+002	7.34027E+002	1.65140E+000	1.25968E-001	6.93600E-001	9.37000E-011	1.17100E-010	1.68700E-007
208	10	15	6	1.28000E-002	-2.60000E-003	-3.10000E-003	7.06000E-008	5.00000E-010	3.99500E-007	2.35980E+000
212	8	15	1	1.27000E-002	-2.60000E-003	-3.10000E-003	4.88000E-008	6.00000E-010	2.70800E-007	3.29270E+000	7.41037E+002	7.42611E+002	1.57470E+000	1.28084E-001	6.94400E-001	1.85000E-010	9.83000E-011	1.39400E-007
216	6	15	8	1.28000E-002	-2.60000E-003	-3.10000E-003	2.78000E-008	5.00000E-010	2.48200E-007	3.45310E+000	7.32520E+002	8.42389E+001
220	7	17	6	1.28000E-002	-2.60000E-003	-3.10000E-003	4.08000E-008	5.00000E-010	2.13400E-007	1.85370E+000
224	9	17	1	1.27000E-002	-2.70000E-003	-3.20000E-003	5.30000E-008	4.00000E-010	2.91000E-007	3.30440E+000	7.39934E+002	7.42224E+002	2.29000E+000	1.28026E-001	6.94000E-001	2.64600E-010	4.21500E-010	1.47900E-007
228	11	17	6	1.28000E-002	-2.70000E-003	-3.10000E-003	7.21000E-008	7.00000E-010	4.19700E-007	2.25310E+000
232	13	17	6	1.28000E-002	-2.70000E-003	-3.20000E-003	8.66000E-008	4.00000E-010	4.08600E-007	1.75060E+000
236	15	17	1	1.28000E-002	-2.60000E-003	-3.10000E-003	7.80000E-008	5.00000E-010	3.03000E-007	3.30260E+000	7.28787E+002	7.30273E+002	1.48550E+000	1.24179E-001	6.93800E-001	1.33500E-010	4.07400E-010	1.47200E-007
240	17	17	1	1.28000E-002	-2.60000E-003	-3.10000E-003	7.91000E-008	4.00000E-010	2.78800E-007	3.33130E+000	7.27273E+002	7.28966E+002	1.69230E+000	1.23429E-001	6.94300E-001	1.40000E-011	1.66300E-010	1.34800E-007
244	19	17	1	1.28000E-002	-2.60000E-003	-3.10000E-003	7.91000E-008	4.00000E-010	3.02400E-007	3.34010E+000	7.29774E+002	7.31884E+002	2.11000E+000	1.24320E-001	6.93900E-001	1.42800E-010	3.77000E-010	1.47100E-007
248	21	17	1	1.27000E-002	-2.70000E-003	-3.10000E-003	7.19000E-008	3.00000E-010	3.98100E-007	3.39130E+000	7.33611E+002	7.35118E+002	1.50740E+000	1.26754E-001	6.93700E-001	6.32000E-011	2.52900E-010	1.87600E-007
252	23	17	1	1.28000E-002	-2.60000E-003	-3.10000E-003	6.17000E-008	5.00000E-010	4.96700E-007	3.38960E+000	7.33899E+002	7.35592E+002	1.69270E+000	1.28712E-001	6.94300E-001	1.63900E-010	7.49000E-011	2.25200E-007
256	25	17	1	1.28000E-002	-2.60000E-003	-3.10000E-003	4.60000E-008	4.00000E-010	4.77800E-007	3.28280E+000	7.39757E+002	7.41331E+002	1.57440E+000	1.28317E-001	6.93400E-001	2.95000E-010	2.81000E-011	2.25200E-007
260	27	17	1	1.28000E-002	-2.60000E-003	-3.10000E-003	2.82000E-008	4.00000E-010	4.36700E-007	3.11640E+000	7.28483E+002	7.29907E+002	1.42380E+000	1.24068E-001	6.92600E-001	1.94400E-010	1.87300E-010	2.05800E-007
264	26	19	1	1.27000E-002	-2.60000E-003	-3.20000E-003	2.39000E-008	2.00000E-010	4.19900E-007	3.31290E+000	7.27180E+002	7.29374E+002	2.19380E+000	1.24016E-001	6.92400E-001	1.38200E-010	9.83000E-011	2.10400E-007
268	24	19	1	1.28000E-002	-2.60000E-003	-3.20000E-003	4.14000E-008	2.00000E-010	3.97800E-007	3.31820E+000	7.39919E+002	7.41556E+002	1.63690E+000	1.26712E-001	6.93400E-001	2.11000E-011	2.76300E-010	1.93700E-007
272	22	19	1	1.28000E-002	-2.60000E-003	-3.10000E-003	5.35000E-008	3.00000E-010	5.08400E-007	3.29090E+000	7.35773E+002	7.37962E+002	2.18870E+000	1.28925E-001	6.93300E-001	2.30000E-012	2.85700E-010	2.31300E-007
276	20	19	1	1.28000E-002	-2.60000E-003	-3.10000E-003	6.36000E-008	5.00000E-010	4.91300E-007	3.35080E+000	7.33659E+002	7.35970E+002	2.31110E+000	1.28300E-001	6.93800E-001	3.53600E-010	3.20800E-010	2.22500E-007
280	18	19	1	1.28000E-002	-2.60000E-003	-3.10000E-003	6.89000E-008	3.00000E-010	4.60000E-007	3.41190E+000	7.35961E+002	7.37729E+002	1.76800E+000	1.27112E-001	6.94100E-001	6.32000E-011	6.32000E-011	2.10900E-007
284	16	19	1	1.28000E-002	-2.60000E-003	-3.10000E-003	6.87000E-008	5.00000E-010	4.34400E-007	3.40430E+000	7.34055E+002	7.36522E+002	2.46700E+000	1.27331E-001	6.94000E-001	2.57600E-010	1.38200E-010	2.00500E-007
288	14	19	1	1.28000E-002	-2.60000E-003	-3.10000E-003	6.65000E-008	2.00000E-010	4.42500E-007	3.27700E+000	7.34111E+002	7.36318E+002	2.20750E+000	1.27958E-001	6.93500E-001	3.98000E-011	3.55900E-010	2.04100E-007
292	12	19	6	1.28000E-002	-2.70000E-003	-3.10000E-003	6.70000E-008	4.00000E-010	3.78200E-007	1.76980E+000
296	10	19	6	1.28000E-002	-2.60000E-003	-3.10000E-003	5.44000E-008	5.00000E-010	2.63600E-007	1.71780E+000
300	8	19	6	1.28000E-002	-2.60000E-003	-3.10000E-003	3.62000E-008	5.00000E-010	2.51500E-007	1.83920E+000
306	11	21	6	1.28000E-002	-2.70000E-003	-3.10000E-003	4.36000E-008	3.00000E-010	2.46800E-007	1.80860E+000
310	13	21	6	1.28000E-002	-2.70000E-003	-3.20000E-003	5.04000E-008	4.00000E-010	2.98000E-007	1.92000E+000
314	15	21	1	1.28000E-002	-2.70000E-003	-3.20000E-003	4.99000E-008	4.00000E-010	3.66400E-007	3.40490E+000	7.39069E+002	7.41453E+002	2.38400E+000	1.27385E-001	6.93600E-001	6.32000E-011	1.26400E-010	1.85200E-007
318	17	21	1	1.29000E-002	-2.60000E-003	-3.20000E-003	5.38000E-008	5.00000E-010	4.04800E-007	3.41420E+000	7.35623E+002	7.38138E+002	2.51440E+000	1.27086E-001	6.94800E-001	1.12400E-010	3.02100E-010	1.91000E-007
322	19	21	1	1.28000E-002	-2.60000E-003	-3.10000E-003	4.81000E-008	3.00000E-010	4.29200E-007	3.41290E+000	7.36156E+002	7.38528E+002	2.37140E+000	1.27995E-001	6.94000E-001	1.66300E-010	1.63900E-010	2.03700E-007
326	21	21	6	1.28000E-002	-2.60000E-003	-3.20000E-003	4.69000E-008	2.00000E-010	3.78900E-007	1.83730E+000
330	23	21	6	1.28000E-002	-2.60000E-003	-3.10000E-003	3.41000E-008	5.00000E-010	3.10300E-007	2.38200E+000
341	17	23	7	1.28000E-002	-2.60000E-003	-3.20000E-003	2.28000E-008	5.00000E-010	3.48400E-007	3.43380E+000	9.09877E+001
344	15	23	1	1.28000E-002	-2.80000E-003	-3.30000E-003	2.34000E-008	4.00000E-010	3.22400E-007	3.47470E+000	7.24483E+002	7.26835E+002	2.35210E+000	1.23214E-001	6.93800E-001	3.39500E-010	2.36500E-010	1.53500E-007

