Program name	H0206AD_E4_CP1.dll
Lot number	C127251.00-CPTSTE11-241023-003706@CP
Wafer number	03
Date	2024/10/23
Time	00:37:09

No.U	X	Y	Bin	CONT@D	CONT@G	CONT@S	IGSS1	IGSSR1	IDSS1	VTH1	BVDSS1	BVDSS2	BV2-BV1	RDSON1	VFSDS	IGSS2	IGSSR2	IDSS3
LimitU				0.5V	0.5V	0.5V	1uA	5uA	6uA	4.5V	900V	900V	50V	160mohm	1V	80nA	80nA	2uA
LimitL				-0.5V	-0.5V	-0.5V	0uA	0uA	0uA	2.5V	660V	660V	-10V	0mohm	0V	0nA	0nA	0uA
Bias 1				 	 	 	 	 	 	100uA	250uA	1mA	 	1A	 	 	 	 
Bias 2				 	 	 	 	 	 	 	 	 	 	 	1A	 	 	 
Bias 3				2V	 	 	 	 	650V	 	 	 	 	 	 	 	 	600V
Bias 4				 	2V	 	30V	-30V	 	 	 	 	 	10V	0V	20V	-20V	 
Bias 5				1000uS	8000uS	8000uS	12000uS	12000uS	10000uS	10000uS	10000uS	8000uS	1000uS	50000uS	5000uS	12000uS	12000uS	10000uS
Bias 6				 	 	 	 	 	 	 	 	 	 	 	 	 	 	 
9	23	6	1	1.24000E-002	1.60000E-003	8.00000E-004	1.88000E-008	5.00000E-010	4.82300E-007	3.49480E+000	7.12881E+002	7.15856E+002	2.97450E+000	1.28937E-001	6.89000E-001	3.13800E-010	2.17800E-010	2.09400E-007
12	21	6	1	1.28000E-002	1.40000E-003	9.00000E-004	3.23000E-008	6.00000E-010	4.37300E-007	3.48350E+000	7.23124E+002	7.25428E+002	2.30320E+000	1.26750E-001	6.88000E-001	1.87300E-010	1.87300E-010	2.01200E-007
16	19	6	1	1.27000E-002	1.40000E-003	9.00000E-004	4.41000E-008	4.00000E-010	3.64300E-007	3.45210E+000	7.27311E+002	7.29580E+002	2.26940E+000	1.27099E-001	6.89500E-001	1.19400E-010	1.28800E-010	1.71000E-007
20	17	6	1	1.29000E-002	1.40000E-003	8.00000E-004	4.68000E-008	3.00000E-010	4.32800E-007	3.45220E+000	7.29528E+002	7.31670E+002	2.14200E+000	1.27929E-001	6.88700E-001	3.67600E-010	1.89700E-010	2.01000E-007
24	15	6	1	1.28000E-002	1.40000E-003	8.00000E-004	4.71000E-008	4.00000E-010	4.26600E-007	3.45630E+000	7.28847E+002	7.30930E+002	2.08270E+000	1.27531E-001	6.88900E-001	4.00400E-010	2.15400E-010	1.98500E-007
28	13	6	1	1.28000E-002	1.40000E-003	9.00000E-004	3.48000E-008	6.00000E-010	5.05500E-007	3.46640E+000	7.24963E+002	7.27144E+002	2.18120E+000	1.26913E-001	6.88300E-001	1.68600E-010	1.35800E-010	2.28400E-007
32	11	6	1	1.28000E-002	1.40000E-003	8.00000E-004	2.31000E-008	5.00000E-010	5.00100E-007	3.48950E+000	7.17927E+002	7.19599E+002	1.67260E+000	1.28628E-001	6.89000E-001	2.57600E-010	1.73300E-010	2.18600E-007
42	9	8	1	1.28000E-002	1.50000E-003	8.00000E-004	3.11000E-008	7.00000E-010	6.11300E-007	3.46180E+000	7.25461E+002	7.27204E+002	1.74320E+000	1.26994E-001	6.90500E-001	1.07700E-010	2.24800E-010	2.70400E-007
46	11	8	1	1.28000E-002	1.40000E-003	8.00000E-004	4.34000E-008	5.00000E-010	5.78700E-007	3.46800E+000	7.36469E+002	7.38328E+002	1.85920E+000	1.29104E-001	6.90700E-001	1.94300E-010	2.38800E-010	2.64800E-007
50	13	8	1	1.28000E-002	1.40000E-003	8.00000E-004	5.62000E-008	3.00000E-010	6.33500E-007	3.46070E+000	7.36642E+002	7.38703E+002	2.06140E+000	1.30689E-001	6.91100E-001	2.38800E-010	5.15000E-011	2.82300E-007
54	15	8	1	1.28000E-002	1.40000E-003	9.00000E-004	6.64000E-008	6.00000E-010	6.59600E-007	3.44650E+000	7.37949E+002	7.39977E+002	2.02810E+000	1.31167E-001	6.90500E-001	2.38800E-010	2.08400E-010	2.95300E-007
58	17	8	1	1.28000E-002	1.40000E-003	9.00000E-004	6.84000E-008	4.00000E-010	6.63300E-007	3.42630E+000	7.36756E+002	7.39188E+002	2.43170E+000	1.30861E-001	6.90300E-001	3.27800E-010	2.50500E-010	2.95000E-007
62	19	8	1	1.28000E-002	1.40000E-003	8.00000E-004	6.45000E-008	4.00000E-010	6.51800E-007	3.43590E+000	7.36480E+002	7.38407E+002	1.92780E+000	1.31187E-001	6.90500E-001	3.70000E-010	9.83000E-011	2.90300E-007
66	21	8	1	1.28000E-002	1.40000E-003	9.00000E-004	5.44000E-008	5.00000E-010	6.26900E-007	3.44690E+000	7.34502E+002	7.36826E+002	2.32390E+000	1.30779E-001	6.91100E-001	1.35800E-010	1.68600E-010	2.76100E-007
70	23	8	1	1.28000E-002	1.50000E-003	8.00000E-004	4.30000E-008	5.00000E-010	5.48600E-007	3.44850E+000	7.34161E+002	7.36056E+002	1.89560E+000	1.28546E-001	6.90200E-001	4.47200E-010	2.20100E-010	2.51100E-007
74	25	8	1	1.24000E-002	1.40000E-003	8.00000E-004	2.78000E-008	6.00000E-010	5.26400E-007	3.45240E+000	7.23788E+002	7.25705E+002	1.91700E+000	1.26803E-001	6.89000E-001	3.98100E-010	7.26000E-011	2.37200E-007
77	26	10	1	1.28000E-002	1.40000E-003	9.00000E-004	4.09000E-008	6.00000E-010	5.74400E-007	3.42740E+000	7.29030E+002	7.30787E+002	1.75670E+000	1.26891E-001	6.90000E-001	9.13000E-011	2.11000E-011	2.60700E-007
81	24	10	1	1.28000E-002	1.40000E-003	8.00000E-004	5.02000E-008	6.00000E-010	5.79800E-007	3.44480E+000	7.40478E+002	7.42505E+002	2.02670E+000	1.29423E-001	6.90300E-001	1.63900E-010	2.97400E-010	2.67200E-007
85	22	10	1	1.28000E-002	1.30000E-003	8.00000E-004	6.67000E-008	4.00000E-010	5.75000E-007	3.43660E+000	7.38318E+002	7.40335E+002	2.01770E+000	1.29928E-001	6.90400E-001	3.84000E-010	1.07700E-010	2.61600E-007
89	20	10	1	1.28000E-002	1.40000E-003	9.00000E-004	7.73000E-008	6.00000E-010	5.76100E-007	3.40490E+000	7.37032E+002	7.39238E+002	2.20580E+000	1.29235E-001	6.90300E-001	2.38800E-010	1.89700E-010	2.61400E-007
93	18	10	1	1.27000E-002	1.40000E-003	9.00000E-004	7.99000E-008	6.00000E-010	5.71800E-007	3.37350E+000	7.35974E+002	7.37688E+002	1.71390E+000	1.27842E-001	6.90000E-001	3.55900E-010	2.24800E-010	2.58200E-007
97	16	10	1	1.27000E-002	1.50000E-003	9.00000E-004	8.21000E-008	6.00000E-010	5.62000E-007	3.37170E+000	7.36136E+002	7.37775E+002	1.63910E+000	1.27631E-001	6.89900E-001	3.09100E-010	1.24100E-010	2.55100E-007
101	14	10	1	1.28000E-002	1.40000E-003	8.00000E-004	8.21000E-008	7.00000E-010	5.67000E-007	3.39110E+000	7.40121E+002	7.41830E+002	1.70880E+000	1.28607E-001	6.89900E-001	2.92700E-010	1.28800E-010	2.61600E-007
105	12	10	1	1.27000E-002	1.40000E-003	8.00000E-004	6.78000E-008	3.00000E-010	5.77400E-007	3.42630E+000	7.41930E+002	7.43868E+002	1.93860E+000	1.29658E-001	6.90500E-001	2.92700E-010	1.73300E-010	2.66300E-007
109	10	10	1	1.27000E-002	1.40000E-003	8.00000E-004	5.21000E-008	4.00000E-010	5.78700E-007	3.43160E+000	7.41488E+002	7.43271E+002	1.78300E+000	1.28996E-001	6.90800E-001	3.91000E-010	9.60000E-011	2.66500E-007
113	8	10	1	1.28000E-002	1.30000E-003	8.00000E-004	3.85000E-008	7.00000E-010	5.17900E-007	3.46330E+000	7.33795E+002	7.35364E+002	1.56920E+000	1.26134E-001	6.89900E-001	1.89700E-010	1.89700E-010	2.41300E-007
117	6	10	1	1.28000E-002	1.40000E-003	8.00000E-004	1.49000E-008	5.00000E-010	4.35600E-007	3.49130E+000	7.08533E+002	7.13401E+002	4.86810E+000	1.28812E-001	6.90000E-001	3.62900E-010	9.60000E-011	1.91400E-007
121	5	12	1	1.28000E-002	1.30000E-003	8.00000E-004	1.46000E-008	7.00000E-010	6.17800E-007	3.44560E+000	6.96047E+002	7.01856E+002	5.80880E+000	1.30868E-001	6.89700E-001	1.66200E-010	1.47500E-010	2.46700E-007
125	7	12	1	1.28000E-002	1.30000E-003	8.00000E-004	3.77000E-008	7.00000E-010	4.34800E-007	3.46650E+000	7.34254E+002	7.35925E+002	1.67040E+000	1.26065E-001	6.88700E-001	2.45900E-010	2.45900E-010	2.07500E-007
129	9	12	1	1.27000E-002	1.40000E-003	8.00000E-004	5.60000E-008	4.00000E-010	5.53600E-007	3.44510E+000	7.42309E+002	7.43671E+002	1.36220E+000	1.29317E-001	6.90900E-001	3.65300E-010	4.68000E-011	2.57100E-007
133	11	12	1	1.28000E-002	1.40000E-003	9.00000E-004	7.39000E-008	7.00000E-010	5.48100E-007	3.39580E+000	7.43333E+002	7.44662E+002	1.32920E+000	1.28323E-001	6.90300E-001	4.21500E-010	1.68600E-010	2.56200E-007
137	13	12	1	1.28000E-002	1.50000E-003	8.00000E-004	8.59000E-008	4.00000E-010	5.38300E-007	3.31730E+000	7.37171E+002	7.38527E+002	1.35650E+000	1.26884E-001	6.89300E-001	2.69300E-010	3.02100E-010	2.48600E-007
141	15	12	1	1.28000E-002	1.50000E-003	8.00000E-004	8.74000E-008	5.00000E-010	3.42400E-007	2.84280E+000	7.28052E+002	7.29564E+002	1.51190E+000	1.23112E-001	6.84500E-001	2.66900E-010	1.17000E-011	1.61600E-007
145	17	12	1	1.28000E-002	1.60000E-003	9.00000E-004	9.06000E-008	6.00000E-010	3.11200E-007	2.66840E+000	7.25773E+002	7.27330E+002	1.55710E+000	1.22823E-001	6.81700E-001	3.32500E-010	2.64600E-010	1.49400E-007
149	19	12	1	1.27000E-002	1.60000E-003	8.00000E-004	8.57000E-008	5.00000E-010	3.81600E-007	2.98050E+000	7.28146E+002	7.30133E+002	1.98660E+000	1.23650E-001	6.85200E-001	2.64600E-010	1.42800E-010	1.78100E-007
153	21	12	1	1.28000E-002	1.60000E-003	8.00000E-004	8.42000E-008	4.00000E-010	5.35700E-007	3.35530E+000	7.36496E+002	7.37821E+002	1.32540E+000	1.27422E-001	6.89500E-001	2.17800E-010	2.17800E-010	2.44300E-007
157	23	12	1	1.28000E-002	1.70000E-003	8.00000E-004	7.49000E-008	7.00000E-010	5.90300E-007	3.42640E+000	7.39155E+002	7.40854E+002	1.69890E+000	1.29380E-001	6.90400E-001	2.17800E-010	6.32000E-011	2.69000E-007
161	25	12	1	1.28000E-002	1.60000E-003	8.00000E-004	5.57000E-008	4.00000E-010	5.88700E-007	3.47250E+000	7.38803E+002	7.40250E+002	1.44740E+000	1.29839E-001	6.91200E-001	2.27100E-010	2.48200E-010	2.66000E-007
165	27	12	1	1.28000E-002	1.60000E-003	8.00000E-004	3.96000E-008	6.00000E-010	5.80000E-007	3.45500E+000	7.28504E+002	7.30135E+002	1.63120E+000	1.26883E-001	6.89700E-001	2.29500E-010	1.26400E-010	2.62200E-007
169	27	14	1	1.28000E-002	1.40000E-003	8.00000E-004	4.16000E-008	5.00000E-010	5.16400E-007	3.46950E+000	7.31728E+002	7.33391E+002	1.66310E+000	1.26667E-001	6.89100E-001	2.57600E-010	2.66900E-010	2.39900E-007
173	25	14	1	1.27000E-002	1.70000E-003	8.00000E-004	5.92000E-008	5.00000E-010	5.76000E-007	3.45880E+000	7.40634E+002	7.42025E+002	1.39070E+000	1.30146E-001	6.90700E-001	1.96700E-010	2.08400E-010	2.64100E-007
177	23	14	1	1.28000E-002	1.70000E-003	9.00000E-004	7.86000E-008	5.00000E-010	5.74900E-007	3.42210E+000	7.39580E+002	7.41177E+002	1.59780E+000	1.29099E-001	6.90600E-001	2.62200E-010	1.35800E-010	2.62800E-007
181	21	14	1	1.27000E-002	1.70000E-003	9.00000E-004	8.48000E-008	7.00000E-010	5.14800E-007	3.29910E+000	7.33508E+002	7.34952E+002	1.44420E+000	1.25563E-001	6.88600E-001	2.83300E-010	1.85000E-010	2.36000E-007
185	19	14	1	1.28000E-002	1.90000E-003	8.00000E-004	9.11000E-008	3.00000E-010	2.77500E-007	2.61260E+000	7.24495E+002	7.26193E+002	1.69810E+000	1.23076E-001	6.81600E-001	4.35500E-010	2.34000E-011	1.33500E-007
189	17	14	1	1.28000E-002	1.50000E-003	9.00000E-004	9.19000E-008	4.00000E-010	3.56300E-007	2.50270E+000	7.15993E+002	7.17722E+002	1.72810E+000	1.23102E-001	6.78700E-001	2.57600E-010	4.21000E-011	1.62400E-007
193	15	14	1	1.28000E-002	1.60000E-003	8.00000E-004	9.05000E-008	5.00000E-010	2.70500E-007	2.59910E+000	7.23146E+002	7.25081E+002	1.93520E+000	1.22868E-001	6.81700E-001	3.84000E-010	2.64600E-010	1.29800E-007
197	13	14	1	1.27000E-002	1.60000E-003	9.00000E-004	8.54000E-008	4.00000E-010	4.11200E-007	3.08260E+000	7.33515E+002	7.34991E+002	1.47570E+000	1.24123E-001	6.86000E-001	3.62900E-010	2.11000E-011	1.94200E-007
201	11	14	1	1.28000E-002	1.70000E-003	8.00000E-004	7.82000E-008	7.00000E-010	5.48200E-007	3.35530E+000	7.40160E+002	7.41576E+002	1.41650E+000	1.28389E-001	6.89600E-001	1.35800E-010	1.56900E-010	2.54200E-007
205	9	14	1	1.28000E-002	1.70000E-003	9.00000E-004	6.00000E-008	7.00000E-010	5.57900E-007	3.41780E+000	7.43522E+002	7.44924E+002	1.40270E+000	1.29945E-001	6.90200E-001	2.83300E-010	1.96700E-010	2.60000E-007
209	7	14	1	1.28000E-002	1.60000E-003	8.00000E-004	4.01000E-008	4.00000E-010	4.09800E-007	3.42820E+000	7.38898E+002	7.40679E+002	1.78120E+000	1.26507E-001	6.88400E-001	3.32500E-010	1.24100E-010	1.99800E-007
213	5	14	1	1.28000E-002	1.40000E-003	8.00000E-004	1.66000E-008	7.00000E-010	4.46400E-007	3.48920E+000	7.17518E+002	7.20025E+002	2.50660E+000	1.28177E-001	6.89400E-001	2.57600E-010	6.79000E-011	2.00000E-007
217	6	16	1	1.28000E-002	1.40000E-003	8.00000E-004	2.53000E-008	7.00000E-010	5.03100E-007	3.46840E+000	7.27074E+002	7.28392E+002	1.31870E+000	1.25273E-001	6.88500E-001	1.31100E-010	2.08400E-010	1.96500E-007
221	8	16	1	1.28000E-002	1.50000E-003	9.00000E-004	4.63000E-008	5.00000E-010	5.04900E-007	3.43910E+000	7.41911E+002	7.43261E+002	1.35040E+000	1.28856E-001	6.89800E-001	2.85700E-010	2.45900E-010	2.39200E-007
225	10	16	1	1.27000E-002	1.70000E-003	8.00000E-004	6.58000E-008	6.00000E-010	5.28800E-007	3.40500E+000	7.41292E+002	7.43633E+002	2.34180E+000	1.29052E-001	6.90600E-001	5.15000E-011	8.20000E-011	2.45100E-007
229	12	16	1	1.29000E-002	1.80000E-003	9.00000E-004	7.97000E-008	7.00000E-010	4.99600E-007	3.28790E+000	7.38253E+002	7.39838E+002	1.58510E+000	1.28206E-001	6.88900E-001	1.82600E-010	1.31100E-010	2.32300E-007
233	14	16	1	1.28000E-002	1.70000E-003	9.00000E-004	8.42000E-008	4.00000E-010	3.66800E-007	3.04060E+000	7.33308E+002	7.35174E+002	1.86600E+000	1.23558E-001	6.85800E-001	2.15400E-010	3.44200E-010	1.76500E-007
237	16	16	1	1.27000E-002	1.90000E-003	8.00000E-004	8.93000E-008	6.00000E-010	3.26100E-007	2.67870E+000	7.25064E+002	7.26470E+002	1.40680E+000	1.23718E-001	6.82200E-001	2.29500E-010	1.70900E-010	1.52400E-007
241	18	16	1	1.27000E-002	1.80000E-003	9.00000E-004	9.08000E-008	5.00000E-010	2.82700E-007	2.68670E+000	7.28066E+002	7.29784E+002	1.71830E+000	1.22582E-001	6.82700E-001	4.21500E-010	3.04000E-011	1.39400E-007
245	20	16	1	1.28000E-002	1.70000E-003	9.00000E-004	8.70000E-008	5.00000E-010	4.43000E-007	3.15730E+000	7.30724E+002	7.32635E+002	1.91140E+000	1.25052E-001	6.86900E-001	2.76300E-010	2.15400E-010	2.04700E-007
249	22	16	1	1.28000E-002	1.90000E-003	9.00000E-004	7.97000E-008	7.00000E-010	5.53800E-007	3.36750E+000	7.40185E+002	7.41666E+002	1.48150E+000	1.28122E-001	6.89500E-001	2.85700E-010	1.45200E-010	2.57300E-007
253	24	16	1	1.28000E-002	1.70000E-003	9.00000E-004	6.55000E-008	4.00000E-010	5.74200E-007	3.43520E+000	7.40792E+002	7.42526E+002	1.73480E+000	1.30170E-001	6.90700E-001	3.88700E-010	1.26400E-010	2.66000E-007
257	26	16	1	1.27000E-002	1.60000E-003	9.00000E-004	4.51000E-008	5.00000E-010	4.90200E-007	3.45780E+000	7.40056E+002	7.41870E+002	1.81440E+000	1.27827E-001	6.89800E-001	1.10000E-010	2.24800E-010	2.33400E-007
261	25	18	1	1.28000E-002	1.50000E-003	9.00000E-004	4.48000E-008	6.00000E-010	5.01800E-007	3.46670E+000	7.38026E+002	7.39614E+002	1.58780E+000	1.27778E-001	6.90400E-001	2.62200E-010	2.17800E-010	2.35900E-007
265	23	18	1	1.28000E-002	1.70000E-003	8.00000E-004	6.38000E-008	6.00000E-010	5.64800E-007	3.43750E+000	7.39550E+002	7.41047E+002	1.49770E+000	1.29761E-001	6.91200E-001	4.63600E-010	2.90300E-010	2.56400E-007
269	21	18	1	1.28000E-002	1.70000E-003	8.00000E-004	7.71000E-008	5.00000E-010	5.65100E-007	3.39230E+000	7.38704E+002	7.40292E+002	1.58770E+000	1.29010E-001	6.90300E-001	3.41900E-010	7.96000E-011	2.58700E-007
273	19	18	1	1.28000E-002	1.80000E-003	9.00000E-004	8.27000E-008	5.00000E-010	5.57900E-007	3.33260E+000	7.36741E+002	7.38487E+002	1.74590E+000	1.27749E-001	6.89200E-001	1.00700E-010	2.88000E-010	2.54100E-007
277	17	18	1	1.28000E-002	1.80000E-003	8.00000E-004	8.33000E-008	4.00000E-010	5.48800E-007	3.33220E+000	7.35343E+002	7.37519E+002	2.17530E+000	1.27128E-001	6.89400E-001	3.34800E-010	2.22400E-010	2.50000E-007
281	15	18	1	1.28000E-002	1.70000E-003	8.00000E-004	8.17000E-008	8.00000E-010	5.39000E-007	3.31700E+000	7.36764E+002	7.38976E+002	2.21200E+000	1.27634E-001	6.89200E-001	3.11400E-010	9.40000E-012	2.48100E-007
285	13	18	1	1.27000E-002	1.70000E-003	9.00000E-004	7.73000E-008	7.00000E-010	4.86700E-007	3.34330E+000	7.40183E+002	7.42493E+002	2.30950E+000	1.28288E-001	6.89500E-001	5.39000E-011	9.37000E-011	2.27000E-007
289	11	18	1	1.27000E-002	1.60000E-003	8.00000E-004	6.30000E-008	5.00000E-010	4.81400E-007	3.37950E+000	7.42401E+002	7.44219E+002	1.81820E+000	1.29171E-001	6.89400E-001	3.02100E-010	3.04000E-011	2.27400E-007
293	9	18	1	1.28000E-002	1.60000E-003	9.00000E-004	4.52000E-008	6.00000E-010	4.99200E-007	3.44030E+000	7.42548E+002	7.44155E+002	1.60730E+000	1.28424E-001	6.89600E-001	1.92000E-010	2.10700E-010	2.38300E-007
297	7	18	1	1.27000E-002	1.60000E-003	8.00000E-004	2.81000E-008	5.00000E-010	3.38100E-007	3.47790E+000	7.26807E+002	7.28174E+002	1.36680E+000	1.25217E-001	6.89300E-001	2.41200E-010	1.00700E-010	1.62200E-007
301	8	20	1	1.30000E-002	1.50000E-003	8.00000E-004	1.93000E-008	6.00000E-010	4.14800E-007	3.51460E+000	7.24130E+002	7.26269E+002	2.13960E+000	1.25540E-001	6.89200E-001	3.13800E-010	1.56900E-010	1.92800E-007
303	10	20	1	1.29000E-002	1.70000E-003	9.00000E-004	3.85000E-008	8.00000E-010	4.07000E-007	3.44870E+000	7.35336E+002	7.36938E+002	1.60240E+000	1.25341E-001	6.89400E-001	2.38800E-010	1.00700E-010	1.95200E-007
307	12	20	1	1.28000E-002	1.80000E-003	1.00000E-003	4.92000E-008	5.00000E-010	5.03500E-007	3.44930E+000	7.42283E+002	7.44320E+002	2.03690E+000	1.29848E-001	6.90800E-001	4.07400E-010	2.78600E-010	2.38400E-007
311	14	20	1	1.28000E-002	1.40000E-003	9.00000E-004	5.77000E-008	8.00000E-010	5.42500E-007	3.43920E+000	7.41908E+002	7.44277E+002	2.36910E+000	1.29332E-001	6.90500E-001	4.07400E-010	9.37000E-011	2.54500E-007
315	16	20	1	1.28000E-002	1.60000E-003	8.00000E-004	6.29000E-008	7.00000E-010	5.40400E-007	3.42300E+000	7.43182E+002	7.45696E+002	2.51400E+000	1.28323E-001	6.90300E-001	2.50500E-010	1.75600E-010	2.55300E-007
319	18	20	1	1.27000E-002	1.70000E-003	8.00000E-004	6.39000E-008	5.00000E-010	5.50400E-007	3.42560E+000	7.40318E+002	7.42677E+002	2.35960E+000	1.28853E-001	6.90100E-001	2.01400E-010	2.71600E-010	2.55600E-007
323	20	20	1	1.28000E-002	1.70000E-003	8.00000E-004	5.87000E-008	5.00000E-010	4.99800E-007	3.43760E+000	7.38936E+002	7.41185E+002	2.24930E+000	1.29472E-001	6.90200E-001	3.84000E-010	8.20000E-011	2.30900E-007
327	22	20	1	1.28000E-002	1.60000E-003	9.00000E-004	4.95000E-008	7.00000E-010	4.25200E-007	3.42890E+000	7.41018E+002	7.42925E+002	1.90610E+000	1.28340E-001	6.89100E-001	1.40500E-010	2.31800E-010	2.05700E-007
331	24	20	1	1.30000E-002	1.70000E-003	8.00000E-004	4.01000E-008	4.00000E-010	3.30500E-007	3.45400E+000	7.30253E+002	7.31924E+002	1.67110E+000	1.24571E-001	6.89800E-001	2.34100E-010	1.05400E-010	1.64300E-007
333	20	22	1	1.29000E-002	1.70000E-003	8.00000E-004	3.58000E-008	4.00000E-010	3.23600E-007	3.44160E+000	7.29625E+002	7.31269E+002	1.64330E+000	1.24778E-001	6.89900E-001	1.85000E-010	1.17000E-011	1.61800E-007
335	18	22	1	1.29000E-002	1.60000E-003	8.00000E-004	3.89000E-008	5.00000E-010	3.20400E-007	3.40850E+000	7.35253E+002	7.36732E+002	1.47890E+000	1.25184E-001	6.89700E-001	3.44200E-010	7.96000E-011	1.59300E-007
338	16	22	1	1.28000E-002	1.70000E-003	9.00000E-004	4.00000E-008	7.00000E-010	3.16400E-007	3.40120E+000	7.35889E+002	7.37258E+002	1.36930E+000	1.24966E-001	6.89400E-001	2.57600E-010	9.13000E-011	1.57800E-007
342	14	22	1	1.28000E-002	1.60000E-003	8.00000E-004	3.56000E-008	8.00000E-010	3.28500E-007	3.43020E+000	7.31146E+002	7.32745E+002	1.59910E+000	1.24618E-001	6.89700E-001	2.10700E-010	1.17100E-010	1.63100E-007
345	12	22	1	1.30000E-002	1.60000E-003	8.00000E-004	2.61000E-008	6.00000E-010	3.71900E-007	3.49500E+000	7.24757E+002	7.26910E+002	2.15270E+000	1.24408E-001	6.88900E-001	1.59200E-010	3.91000E-010	1.80600E-007

13	22	6	1	1.28000E-002	2.30000E-003	1.90000E-003	2.38000E-008	8.00000E-010	4.46900E-007	3.48830E+000	7.21553E+002	7.23823E+002	2.26980E+000	1.27114E-001	6.87800E-001	6.79100E-010	4.22000E-011	2.04400E-007
17	20	6	1	1.27000E-002	2.30000E-003	1.90000E-003	3.82000E-008	7.00000E-010	4.12400E-007	3.46970E+000	7.26986E+002	7.29237E+002	2.25060E+000	1.26804E-001	6.87700E-001	5.59700E-010	1.26500E-010	1.93800E-007
21	18	6	1	1.29000E-002	2.30000E-003	1.90000E-003	4.73000E-008	6.00000E-010	3.84800E-007	3.45000E+000	7.30193E+002	7.32319E+002	2.12600E+000	1.27517E-001	6.88500E-001	8.40700E-010	1.82700E-010	1.81400E-007
25	16	6	1	1.28000E-002	2.30000E-003	1.90000E-003	4.56000E-008	5.00000E-010	4.23000E-007	3.45320E+000	7.30144E+002	7.32397E+002	2.25330E+000	1.27629E-001	6.88000E-001	9.22700E-010	2.31800E-010	1.99400E-007
29	14	6	1	1.28000E-002	2.30000E-003	1.90000E-003	4.16000E-008	4.00000E-010	4.59900E-007	3.46590E+000	7.28577E+002	7.30399E+002	1.82180E+000	1.27151E-001	6.87700E-001	6.48700E-010	4.70000E-012	2.13100E-007
33	12	6	1	1.28000E-002	2.30000E-003	1.90000E-003	2.65000E-008	8.00000E-010	5.05100E-007	3.47440E+000	7.22767E+002	7.25036E+002	2.26910E+000	1.27181E-001	6.87800E-001	6.90800E-010	1.07700E-010	2.27200E-007
36	10	6	5	1.32000E-002	2.20000E-003	1.90000E-003	1.14000E-008	1.30000E-009	1.38623E-005
39	8	8	1	1.32000E-002	2.30000E-003	1.80000E-003	2.00000E-008	8.00000E-010	4.76000E-007	3.49870E+000	7.21875E+002	7.23556E+002	1.68090E+000	1.27531E-001	6.88700E-001	6.27600E-010	5.15000E-011	2.16100E-007
43	10	8	1	1.28000E-002	2.30000E-003	1.90000E-003	3.92000E-008	4.00000E-010	5.64600E-007	3.46250E+000	7.33030E+002	7.34364E+002	1.33420E+000	1.27339E-001	6.89700E-001	5.55000E-010	1.45200E-010	2.60800E-007
47	12	8	1	1.28000E-002	2.30000E-003	1.90000E-003	5.12000E-008	8.00000E-010	6.15500E-007	3.45720E+000	7.38492E+002	7.40345E+002	1.85310E+000	1.30434E-001	6.89700E-001	6.69800E-010	2.59900E-010	2.81100E-007
51	14	8	1	1.28000E-002	2.30000E-003	1.90000E-003	6.23000E-008	4.00000E-010	6.22600E-007	3.46040E+000	7.38825E+002	7.40376E+002	1.55060E+000	1.30901E-001	6.90300E-001	7.49400E-010	5.39000E-011	2.81800E-007
55	16	8	1	1.28000E-002	2.40000E-003	1.90000E-003	6.60000E-008	7.00000E-010	6.35700E-007	3.44370E+000	7.40064E+002	7.41631E+002	1.56670E+000	1.31013E-001	6.89700E-001	7.42400E-010	2.03700E-010	2.87700E-007
59	18	8	1	1.28000E-002	2.40000E-003	1.90000E-003	6.56000E-008	6.00000E-010	6.26400E-007	3.44180E+000	7.37089E+002	7.39191E+002	2.10200E+000	1.31116E-001	6.90400E-001	8.75900E-010	2.13100E-010	2.78700E-007
63	20	8	1	1.28000E-002	2.50000E-003	1.90000E-003	5.97000E-008	5.00000E-010	6.39400E-007	3.44630E+000	7.36003E+002	7.37618E+002	1.61520E+000	1.31237E-001	6.89900E-001	9.36700E-010	7.73000E-011	2.84100E-007
67	22	8	1	1.28000E-002	2.50000E-003	1.90000E-003	4.80000E-008	8.00000E-010	5.78500E-007	3.44990E+000	7.36211E+002	7.38452E+002	2.24140E+000	1.30102E-001	6.89400E-001	6.83800E-010	5.85000E-011	2.64600E-007
71	24	8	1	1.28000E-002	2.40000E-003	1.90000E-003	4.09000E-008	6.00000E-010	4.98700E-007	3.44150E+000	7.29759E+002	7.31497E+002	1.73770E+000	1.26552E-001	6.88500E-001	9.25000E-010	1.28800E-010	2.29300E-007
78	27	10	1	1.28000E-002	2.50000E-003	1.90000E-003	2.43000E-008	6.00000E-010	5.03500E-007	3.47030E+000	7.21353E+002	7.23030E+002	1.67730E+000	1.27583E-001	6.88700E-001	5.64400E-010	2.81000E-011	2.25500E-007
82	25	10	1	1.28000E-002	2.40000E-003	1.90000E-003	4.35000E-008	8.00000E-010	5.93300E-007	3.44920E+000	7.36173E+002	7.37705E+002	1.53190E+000	1.28583E-001	6.89500E-001	6.06500E-010	2.24800E-010	2.71500E-007
86	23	10	1	1.28000E-002	2.50000E-003	1.90000E-003	6.09000E-008	5.00000E-010	6.18700E-007	3.42510E+000	7.38565E+002	7.40363E+002	1.79840E+000	1.30390E-001	6.89300E-001	8.66500E-010	9.84000E-011	2.79200E-007
90	21	10	1	1.28000E-002	2.50000E-003	1.90000E-003	7.27000E-008	6.00000E-010	6.10200E-007	3.42930E+000	7.36661E+002	7.38047E+002	1.38590E+000	1.30018E-001	6.89800E-001	7.07200E-010	1.56900E-010	2.73100E-007
94	19	10	1	1.27000E-002	2.50000E-003	1.90000E-003	8.11000E-008	7.00000E-010	6.08900E-007	3.38410E+000	7.35883E+002	7.37360E+002	1.47750E+000	1.28859E-001	6.88900E-001	7.89200E-010	2.20100E-010	2.72500E-007
98	17	10	1	1.27000E-002	2.50000E-003	1.90000E-003	8.45000E-008	3.00000E-010	5.90800E-007	3.36460E+000	7.35144E+002	7.36606E+002	1.46170E+000	1.28136E-001	6.89100E-001	8.50100E-010	5.62000E-011	2.66400E-007
102	15	10	1	1.28000E-002	2.50000E-003	1.90000E-003	8.20000E-008	5.00000E-010	5.87200E-007	3.36430E+000	7.36643E+002	7.38684E+002	2.04170E+000	1.28821E-001	6.89000E-001	7.56400E-010	1.19400E-010	2.67200E-007
106	13	10	1	1.27000E-002	2.50000E-003	1.90000E-003	7.60000E-008	6.00000E-010	5.87200E-007	3.42190E+000	7.39722E+002	7.41789E+002	2.06710E+000	1.29501E-001	6.89500E-001	7.44700E-010	1.92000E-010	2.68400E-007
110	11	10	1	1.27000E-002	2.50000E-003	1.90000E-003	6.05000E-008	5.00000E-010	5.62700E-007	3.41940E+000	7.42134E+002	7.44037E+002	1.90320E+000	1.29725E-001	6.89900E-001	9.06300E-010	4.92000E-011	2.62000E-007
114	9	10	1	1.28000E-002	2.30000E-003	1.90000E-003	4.42000E-008	8.00000E-010	5.77600E-007	3.45100E+000	7.39492E+002	7.41357E+002	1.86510E+000	1.28925E-001	6.89800E-001	6.41700E-010	1.71000E-010	2.69200E-007
118	7	10	1	1.28000E-002	2.40000E-003	1.90000E-003	2.82000E-008	7.00000E-010	5.25000E-007	3.44630E+000	7.25719E+002	7.27128E+002	1.40900E+000	1.26655E-001	6.88200E-001	6.95500E-010	1.82700E-010	2.38400E-007
122	6	12	1	1.28000E-002	2.40000E-003	1.90000E-003	2.50000E-008	7.00000E-010	4.71500E-007	3.46610E+000	7.27601E+002	7.28930E+002	1.32890E+000	1.26076E-001	6.87900E-001	7.30700E-010	6.09000E-011	2.19600E-007
126	8	12	1	1.28000E-002	2.30000E-003	1.90000E-003	4.62000E-008	9.00000E-010	5.33800E-007	3.45310E+000	7.41909E+002	7.43284E+002	1.37490E+000	1.29089E-001	6.89200E-001	6.83800E-010	2.03700E-010	2.53100E-007
130	10	12	1	1.27000E-002	2.40000E-003	1.90000E-003	6.50000E-008	5.00000E-010	5.42800E-007	3.42630E+000	7.45033E+002	7.46873E+002	1.84000E+000	1.28896E-001	6.89600E-001	9.25000E-010	1.26500E-010	2.58000E-007
134	12	12	1	1.28000E-002	2.30000E-003	1.90000E-003	8.28000E-008	4.00000E-010	5.57200E-007	3.37210E+000	7.39688E+002	7.41540E+002	1.85160E+000	1.28597E-001	6.89100E-001	8.82900E-010	1.49900E-010	2.60000E-007
138	14	12	1	1.28000E-002	2.40000E-003	1.90000E-003	8.34000E-008	7.00000E-010	4.31800E-007	3.14260E+000	7.34646E+002	7.36536E+002	1.88970E+000	1.24258E-001	6.86000E-001	7.14300E-010	3.16200E-010	2.00900E-007
142	16	12	1	1.28000E-002	2.40000E-003	1.90000E-003	8.82000E-008	6.00000E-010	2.99600E-007	2.67560E+000	7.27774E+002	7.29341E+002	1.56660E+000	1.23293E-001	6.81700E-001	7.70500E-010	5.85000E-011	1.46600E-007
146	18	12	1	1.28000E-002	2.40000E-003	1.90000E-003	8.71000E-008	4.00000E-010	2.93800E-007	2.70250E+000	7.29477E+002	7.30987E+002	1.51020E+000	1.22473E-001	6.81500E-001	8.29000E-010	1.52200E-010	1.45900E-007
150	20	12	1	1.27000E-002	2.50000E-003	1.90000E-003	8.45000E-008	6.00000E-010	4.28600E-007	3.21120E+000	7.32895E+002	7.34273E+002	1.37850E+000	1.25542E-001	6.86600E-001	6.95500E-010	2.06100E-010	2.00000E-007
154	22	12	1	1.28000E-002	2.50000E-003	1.90000E-003	7.94000E-008	5.00000E-010	5.44100E-007	3.39610E+000	7.39968E+002	7.41438E+002	1.47010E+000	1.28958E-001	6.88900E-001	7.58800E-010	2.08400E-010	2.53000E-007
158	24	12	1	1.28000E-002	2.50000E-003	1.90000E-003	6.43000E-008	4.00000E-010	5.91700E-007	3.46140E+000	7.39855E+002	7.41271E+002	1.41600E+000	1.29856E-001	6.90000E-001	7.35300E-010	6.79000E-011	2.69600E-007
162	26	12	1	1.28000E-002	2.30000E-003	1.90000E-003	4.50000E-008	5.00000E-010	5.59800E-007	3.46670E+000	7.38817E+002	7.40445E+002	1.62820E+000	1.28883E-001	6.90000E-001	6.72100E-010	3.39600E-010	2.61200E-007
166	28	12	1	1.28000E-002	2.40000E-003	1.90000E-003	2.34000E-008	2.00000E-010	4.92400E-007	3.48170E+000	7.21335E+002	7.22993E+002	1.65740E+000	1.27314E-001	6.87900E-001	7.16600E-010	9.84000E-011	2.22100E-007
170	28	14	1	1.28000E-002	2.50000E-003	1.90000E-003	2.76000E-008	8.00000E-010	4.71800E-007	3.48040E+000	7.24037E+002	7.25461E+002	1.42420E+000	1.26137E-001	6.87400E-001	6.81500E-010	1.38200E-010	2.16600E-007
174	26	14	1	1.27000E-002	2.50000E-003	1.90000E-003	4.88000E-008	6.00000E-010	5.44000E-007	3.47290E+000	7.40736E+002	7.42361E+002	1.62480E+000	1.29294E-001	6.89600E-001	7.33000E-010	1.07700E-010	2.57100E-007
178	24	14	1	1.28000E-002	2.60000E-003	1.90000E-003	6.79000E-008	8.00000E-010	5.80300E-007	3.45040E+000	7.41430E+002	7.42899E+002	1.46830E+000	1.30398E-001	6.90000E-001	8.07900E-010	3.98000E-011	2.67200E-007
182	22	14	1	1.27000E-002	2.50000E-003	1.90000E-003	8.15000E-008	3.00000E-010	5.71000E-007	3.37250E+000	7.37691E+002	7.39075E+002	1.38440E+000	1.27904E-001	6.88800E-001	6.51000E-010	2.24800E-010	2.62200E-007
186	20	14	1	1.28000E-002	2.60000E-003	1.90000E-003	8.82000E-008	5.00000E-010	3.47500E-007	2.84320E+000	7.29901E+002	7.31446E+002	1.54490E+000	1.23125E-001	6.83300E-001	9.29700E-010	4.45000E-011	1.64100E-007
190	18	14	1	1.28000E-002	2.50000E-003	1.90000E-003	8.96000E-008	1.00000E-010	2.93600E-007	2.59300E+000	7.18986E+002	7.20607E+002	1.62030E+000	1.23161E-001	6.80400E-001	6.93200E-010	4.68000E-011	1.37500E-007
194	16	14	1	1.28000E-002	2.40000E-003	1.90000E-003	8.82000E-008	7.00000E-010	2.79200E-007	2.53920E+000	7.22616E+002	7.24459E+002	1.84300E+000	1.22202E-001	6.78800E-001	8.73500E-010	2.78700E-010	1.35900E-007
198	14	14	1	1.27000E-002	2.50000E-003	1.90000E-003	8.95000E-008	6.00000E-010	2.88300E-007	2.66670E+000	7.28289E+002	7.29779E+002	1.49000E+000	1.23063E-001	6.81300E-001	8.87600E-010	3.51000E-011	1.42900E-007
202	12	14	1	1.28000E-002	2.50000E-003	1.90000E-003	8.15000E-008	9.00000E-010	4.98200E-007	3.30870E+000	7.38218E+002	7.39561E+002	1.34330E+000	1.26702E-001	6.88000E-001	5.94800E-010	1.14800E-010	2.34600E-007
206	10	14	1	1.28000E-002	2.50000E-003	1.90000E-003	6.92000E-008	3.00000E-010	5.44000E-007	3.39770E+000	7.42176E+002	7.43710E+002	1.53400E+000	1.29316E-001	6.89400E-001	7.14300E-010	2.41200E-010	2.53600E-007
210	8	14	1	1.28000E-002	2.40000E-003	1.90000E-003	4.92000E-008	5.00000E-010	5.16400E-007	3.44390E+000	7.43215E+002	7.44712E+002	1.49700E+000	1.29483E-001	6.89400E-001	7.89200E-010	1.49900E-010	2.45100E-007
214	6	14	1	1.28000E-002	2.40000E-003	1.90000E-003	2.85000E-008	9.00000E-010	4.12100E-007	3.46120E+000	7.28837E+002	7.30219E+002	1.38250E+000	1.25160E-001	6.87800E-001	7.61100E-010	3.75000E-011	1.91000E-007
218	7	16	1	1.28000E-002	2.50000E-003	2.00000E-003	3.78000E-008	9.00000E-010	4.05100E-007	3.42920E+000	7.34759E+002	7.36431E+002	1.67240E+000	1.26259E-001	6.87400E-001	5.26900E-010	2.15500E-010	1.96400E-007
222	9	16	1	1.28000E-002	2.50000E-003	1.90000E-003	5.62000E-008	7.00000E-010	5.48700E-007	3.42330E+000	7.41106E+002	7.42451E+002	1.34510E+000	1.29775E-001	6.89800E-001	7.00200E-010	2.95100E-010	2.54000E-007
226	11	16	1	1.27000E-002	2.50000E-003	1.90000E-003	7.63000E-008	8.00000E-010	5.35600E-007	3.36800E+000	7.40797E+002	7.42279E+002	1.48190E+000	1.29072E-001	6.88900E-001	5.73800E-010	6.56000E-011	2.48900E-007
230	13	16	1	1.29000E-002	2.40000E-003	1.90000E-003	8.30000E-008	9.00000E-010	4.61600E-007	3.22520E+000	7.36250E+002	7.37607E+002	1.35730E+000	1.26154E-001	6.87000E-001	7.11900E-010	2.11000E-011	2.17200E-007
234	15	16	1	1.28000E-002	2.50000E-003	1.90000E-003	8.74000E-008	7.00000E-010	3.26900E-007	2.76870E+000	7.27357E+002	7.28950E+002	1.59280E+000	1.23168E-001	6.82800E-001	6.60400E-010	3.13800E-010	1.56100E-007
238	17	16	1	1.27000E-002	2.60000E-003	1.90000E-003	9.12000E-008	7.00000E-010	3.30900E-007	2.64490E+000	7.24488E+002	7.26071E+002	1.58260E+000	1.24265E-001	6.81000E-001	7.33000E-010	2.15500E-010	1.54600E-007
242	19	16	1	1.27000E-002	2.50000E-003	1.90000E-003	8.87000E-008	6.00000E-010	4.07500E-007	2.89620E+000	7.26213E+002	7.27840E+002	1.62750E+000	1.23605E-001	6.84100E-001	9.81200E-010	1.64000E-011	1.76500E-007
246	21	16	1	1.28000E-002	2.50000E-003	1.90000E-003	8.43000E-008	6.00000E-010	5.25900E-007	3.33380E+000	7.36114E+002	7.37841E+002	1.72750E+000	1.26853E-001	6.88900E-001	7.75200E-010	1.47500E-010	2.41900E-007
250	23	16	1	1.28000E-002	2.50000E-003	1.90000E-003	7.53000E-008	9.00000E-010	5.82400E-007	3.42230E+000	7.39148E+002	7.40564E+002	1.41680E+000	1.29507E-001	6.89900E-001	7.00200E-010	1.89700E-010	2.65700E-007
254	25	16	1	1.28000E-002	2.60000E-003	1.90000E-003	5.57000E-008	6.00000E-010	5.47900E-007	3.45710E+000	7.39868E+002	7.41294E+002	1.42570E+000	1.30244E-001	6.90700E-001	8.54800E-010	1.24100E-010	2.51900E-007
258	27	16	1	1.27000E-002	2.60000E-003	1.90000E-003	3.84000E-008	8.00000E-010	4.88200E-007	3.44940E+000	7.28554E+002	7.30311E+002	1.75760E+000	1.26030E-001	6.87500E-001	5.62000E-010	1.31100E-010	2.27800E-007
262	26	18	1	1.28000E-002	2.60000E-003	1.90000E-003	3.85000E-008	8.00000E-010	4.45500E-007	3.45680E+000	7.30017E+002	7.31787E+002	1.77020E+000	1.25452E-001	6.88200E-001	6.95500E-010	2.17800E-010	2.10800E-007
266	24	18	1	1.28000E-002	2.50000E-003	1.90000E-003	5.23000E-008	4.00000E-010	5.35900E-007	3.46250E+000	7.40797E+002	7.42720E+002	1.92260E+000	1.29589E-001	6.89900E-001	1.00230E-009	2.38900E-010	2.50300E-007
270	22	18	1	1.28000E-002	2.60000E-003	1.90000E-003	6.92000E-008	7.00000E-010	5.43400E-007	3.41300E+000	7.39633E+002	7.42125E+002	2.49180E+000	1.29398E-001	6.89600E-001	8.80500E-010	7.00000E-012	2.52700E-007
274	20	18	1	1.28000E-002	2.60000E-003	1.90000E-003	7.96000E-008	8.00000E-010	5.39100E-007	3.36330E+000	7.38417E+002	7.40044E+002	1.62720E+000	1.28602E-001	6.88800E-001	5.36300E-010	2.36500E-010	2.49500E-007
278	18	18	1	1.28000E-002	2.60000E-003	1.90000E-003	8.18000E-008	6.00000E-010	5.21300E-007	3.31890E+000	7.35243E+002	7.37570E+002	2.32760E+000	1.26798E-001	6.88600E-001	8.10300E-010	2.22500E-010	2.39200E-007
282	16	18	1	1.28000E-002	2.60000E-003	1.90000E-003	8.04000E-008	8.00000E-010	5.06300E-007	3.31160E+000	7.34994E+002	7.37143E+002	2.14940E+000	1.26939E-001	6.88400E-001	8.19700E-010	8.43000E-011	2.33900E-007
286	14	18	1	1.27000E-002	2.60000E-003	2.00000E-003	7.76000E-008	9.00000E-010	4.98600E-007	3.31370E+000	7.40513E+002	7.42226E+002	1.71250E+000	1.28155E-001	6.88100E-001	4.33200E-010	4.92000E-011	2.35200E-007
290	12	18	1	1.27000E-002	2.50000E-003	1.90000E-003	6.92000E-008	6.00000E-010	4.71600E-007	3.35970E+000	7.42476E+002	7.44356E+002	1.88060E+000	1.29040E-001	6.88200E-001	7.86900E-010	4.70000E-012	2.24600E-007
294	10	18	1	1.28000E-002	2.60000E-003	2.00000E-003	5.29000E-008	9.00000E-010	4.50100E-007	3.39770E+000	7.43688E+002	7.45368E+002	1.67980E+000	1.29027E-001	6.88400E-001	6.60400E-010	1.47500E-010	2.16700E-007
298	8	18	1	1.27000E-002	2.50000E-003	1.90000E-003	3.80000E-008	4.00000E-010	3.80200E-007	3.44960E+000	7.35849E+002	7.37367E+002	1.51870E+000	1.25630E-001	6.88600E-001	7.23600E-010	1.71000E-010	1.84500E-007
302	9	20	1	1.30000E-002	2.40000E-003	1.70000E-003	3.05000E-008	8.00000E-010	3.55900E-007	3.46660E+000	7.27832E+002	7.29763E+002	1.93100E+000	1.25066E-001	6.88600E-001	8.31400E-010	5.15000E-011	1.76500E-007
304	11	20	1	1.29000E-002	2.60000E-003	1.90000E-003	4.26000E-008	8.00000E-010	4.74800E-007	3.45120E+000	7.41782E+002	7.43329E+002	1.54780E+000	1.27949E-001	6.88500E-001	7.35300E-010	7.03000E-011	2.28400E-007
308	13	20	1	1.28000E-002	2.50000E-003	2.00000E-003	5.42000E-008	7.00000E-010	5.19600E-007	3.44620E+000	7.41125E+002	7.43152E+002	2.02690E+000	1.29266E-001	6.89900E-001	8.15000E-010	2.78700E-010	2.41900E-007
312	15	20	1	1.28000E-002	2.40000E-003	1.90000E-003	6.10000E-008	8.00000E-010	5.69100E-007	3.42720E+000	7.42084E+002	7.44193E+002	2.10960E+000	1.29674E-001	6.89600E-001	9.06300E-010	1.33500E-010	2.65800E-007
316	17	20	1	1.28000E-002	2.40000E-003	1.90000E-003	6.53000E-008	9.00000E-010	5.69000E-007	3.40620E+000	7.41374E+002	7.42844E+002	1.46950E+000	1.29069E-001	6.89400E-001	7.30700E-010	9.84000E-011	2.63700E-007
320	19	20	1	1.27000E-002	2.50000E-003	1.90000E-003	6.34000E-008	7.00000E-010	5.56900E-007	3.41800E+000	7.39073E+002	7.41375E+002	2.30190E+000	1.29738E-001	6.89100E-001	5.83100E-010	2.88000E-010	2.57900E-007
324	21	20	1	1.28000E-002	2.50000E-003	1.90000E-003	5.48000E-008	6.00000E-010	4.88400E-007	3.42760E+000	7.38695E+002	7.41052E+002	2.35700E+000	1.29394E-001	6.88800E-001	8.57100E-010	1.05400E-010	2.28100E-007
328	23	20	1	1.28000E-002	2.50000E-003	1.90000E-003	4.37000E-008	1.00000E-009	3.82900E-007	3.43240E+000	7.37166E+002	7.38530E+002	1.36370E+000	1.27276E-001	6.88300E-001	6.48700E-010	1.49900E-010	1.87300E-007
332	25	20	1	1.30000E-002	2.30000E-003	1.80000E-003	2.78000E-008	8.00000E-010	3.44600E-007	3.48870E+000	7.23531E+002	7.25355E+002	1.82440E+000	1.25256E-001	6.88700E-001	8.22000E-010	9.60000E-011	1.69800E-007
334	21	22	1	1.29000E-002	2.40000E-003	1.80000E-003	3.06000E-008	7.00000E-010	3.30900E-007	3.46950E+000	7.25240E+002	7.27379E+002	2.13870E+000	1.24778E-001	6.89000E-001	7.30700E-010	8.20000E-011	1.61800E-007
336	19	22	1	1.29000E-002	2.50000E-003	1.80000E-003	3.89000E-008	6.00000E-010	3.24800E-007	3.39700E+000	7.32544E+002	7.34145E+002	1.60130E+000	1.25357E-001	6.88600E-001	9.01600E-010	3.04000E-011	1.63800E-007
339	17	22	1	1.28000E-002	2.60000E-003	1.90000E-003	3.86000E-008	8.00000E-010	5.46400E-007	3.40350E+000	7.35264E+002	7.36741E+002	1.47680E+000	1.26621E-001	6.89500E-001	8.26700E-010	1.41000E-011	2.04800E-007
343	15	22	1	1.28000E-002	2.40000E-003	1.90000E-003	3.77000E-008	1.00000E-009	3.05500E-007	3.39860E+000	7.33632E+002	7.35058E+002	1.42640E+000	1.25180E-001	6.88700E-001	7.44700E-010	1.64000E-011	1.54000E-007
346	13	22	1	1.30000E-002	2.40000E-003	1.80000E-003	3.26000E-008	8.00000E-010	4.59600E-007	3.46100E+000	7.27403E+002	7.29429E+002	2.02660E+000	1.24665E-001	6.88800E-001	6.58100E-010	2.38900E-010	1.91600E-007

1	13	5	1	1.02000E-002	-4.00000E-004	-8.00000E-004	2.07000E-008	0.00000E+000	5.85300E-007	3.50280E+000	6.99754E+002	7.03277E+002	3.52290E+000	1.30339E-001	6.90700E-001	7.79600E-010	1.03020E-009	2.36700E-007
3	15	5	1	1.02000E-002	-4.00000E-004	-9.00000E-004	2.84000E-008	3.00000E-010	4.98900E-007	3.46950E+000	7.18617E+002	7.20588E+002	1.97040E+000	1.28173E-001	6.90000E-001	1.31100E-010	5.50200E-010	2.26400E-007
5	17	5	1	1.02000E-002	-4.00000E-004	-9.00000E-004	3.07000E-008	3.00000E-010	4.86800E-007	3.45970E+000	7.19547E+002	7.21681E+002	2.13380E+000	1.27468E-001	6.89400E-001	2.03700E-010	4.58900E-010	2.22500E-007
7	19	5	1	1.03000E-002	-4.00000E-004	-8.00000E-004	2.70000E-008	3.00000E-010	4.68700E-007	3.47590E+000	7.18679E+002	7.20772E+002	2.09270E+000	1.28258E-001	6.89700E-001	1.35800E-010	3.79300E-010	2.11800E-007
10	23	7	1	1.24000E-002	-4.00000E-004	-8.00000E-004	3.19000E-008	2.00000E-010	4.72600E-007	3.47580E+000	7.24952E+002	7.27158E+002	2.20620E+000	1.26295E-001	6.90300E-001	4.68000E-011	2.69200E-010	2.16700E-007
14	21	7	1	1.28000E-002	-3.00000E-004	-7.00000E-004	4.63000E-008	5.00000E-010	4.81100E-007	3.45150E+000	7.33445E+002	7.35444E+002	1.99900E+000	1.28299E-001	6.90900E-001	8.90000E-011	2.22400E-010	2.23900E-007
18	19	7	1	1.27000E-002	-3.00000E-004	-7.00000E-004	5.45000E-008	4.00000E-010	5.75600E-007	3.45340E+000	7.31131E+002	7.33722E+002	2.59110E+000	1.30481E-001	6.92200E-001	2.50500E-010	1.28800E-010	2.55700E-007
22	17	7	1	1.29000E-002	-2.00000E-004	-7.00000E-004	5.82000E-008	3.00000E-010	6.53700E-007	3.43980E+000	7.30779E+002	7.33131E+002	2.35170E+000	1.31159E-001	6.92100E-001	4.92000E-011	3.39500E-010	2.85800E-007
26	15	7	1	1.28000E-002	-3.00000E-004	-8.00000E-004	5.50000E-008	2.00000E-010	6.33000E-007	3.45500E+000	7.33156E+002	7.35282E+002	2.12640E+000	1.30925E-001	6.92000E-001	8.43000E-011	7.73000E-011	2.81900E-007
30	13	7	1	1.28000E-002	-3.00000E-004	-7.00000E-004	4.68000E-008	4.00000E-010	5.38900E-007	3.47260E+000	7.32658E+002	7.34854E+002	2.19660E+000	1.28587E-001	6.92000E-001	1.17100E-010	8.43000E-011	2.45900E-007
34	11	7	1	1.28000E-002	-2.00000E-004	-7.00000E-004	3.68000E-008	5.00000E-010	5.09500E-007	3.46840E+000	7.27431E+002	7.29153E+002	1.72180E+000	1.27029E-001	6.91700E-001	5.15000E-011	2.15400E-010	2.30600E-007
37	9	7	1	1.32000E-002	-3.00000E-004	-7.00000E-004	2.07000E-008	5.00000E-010	4.93600E-007	3.50610E+000	7.14378E+002	7.17010E+002	2.63110E+000	1.28456E-001	6.90700E-001	1.26400E-010	5.38500E-010	2.16600E-007
40	7	9	1	1.32000E-002	-3.00000E-004	-8.00000E-004	2.12000E-008	5.00000E-010	4.93400E-007	3.49440E+000	7.17487E+002	7.20463E+002	2.97680E+000	1.27857E-001	6.91500E-001	1.99000E-010	1.99000E-010	2.23100E-007
44	9	9	1	1.28000E-002	-2.00000E-004	-8.00000E-004	4.05000E-008	6.00000E-010	5.73700E-007	3.46290E+000	7.33617E+002	7.35146E+002	1.52940E+000	1.27149E-001	6.92400E-001	2.08400E-010	2.34100E-010	2.64100E-007
48	11	9	1	1.28000E-002	-3.00000E-004	-8.00000E-004	5.35000E-008	4.00000E-010	6.17700E-007	3.45000E+000	7.39271E+002	7.40822E+002	1.55070E+000	1.30211E-001	6.92600E-001	1.07700E-010	3.11400E-010	2.82300E-007
52	13	9	1	1.28000E-002	-3.00000E-004	-7.00000E-004	6.71000E-008	2.00000E-010	6.07300E-007	3.43170E+000	7.40022E+002	7.41687E+002	1.66520E+000	1.29980E-001	6.92400E-001	6.56000E-011	1.38100E-010	2.76300E-007
56	15	9	1	1.28000E-002	-3.00000E-004	-8.00000E-004	7.62000E-008	5.00000E-010	6.00400E-007	3.42740E+000	7.37843E+002	7.39819E+002	1.97580E+000	1.29703E-001	6.92400E-001	2.30000E-012	1.73300E-010	2.72700E-007
60	17	9	1	1.28000E-002	-3.00000E-004	-8.00000E-004	7.89000E-008	3.00000E-010	6.14200E-007	3.41180E+000	7.36148E+002	7.38609E+002	2.46130E+000	1.29633E-001	6.92100E-001	7.02000E-011	2.64600E-010	2.74700E-007
64	19	9	1	1.28000E-002	-2.00000E-004	-7.00000E-004	7.44000E-008	2.00000E-010	6.31800E-007	3.42170E+000	7.36829E+002	7.38655E+002	1.82570E+000	1.29844E-001	6.92200E-001	1.28800E-010	5.62000E-011	2.82600E-007
68	21	9	1	1.28000E-002	-3.00000E-004	-7.00000E-004	6.55000E-008	6.00000E-010	6.65600E-007	3.42160E+000	7.35916E+002	7.37652E+002	1.73610E+000	1.30804E-001	6.92100E-001	7.96000E-011	1.26400E-010	2.95500E-007
72	23	9	1	1.28000E-002	-3.00000E-004	-7.00000E-004	5.25000E-008	4.00000E-010	6.29500E-007	3.43020E+000	7.35661E+002	7.37912E+002	2.25030E+000	1.30395E-001	6.92400E-001	1.77900E-010	2.66900E-010	2.80700E-007
75	25	9	1	1.24000E-002	-3.00000E-004	-8.00000E-004	3.90000E-008	5.00000E-010	5.62400E-007	3.44480E+000	7.29912E+002	7.31502E+002	1.59020E+000	1.26647E-001	6.91600E-001	7.49000E-011	2.34100E-010	2.58800E-007
79	26	11	1	1.28000E-002	-3.00000E-004	-7.00000E-004	4.21000E-008	3.00000E-010	5.56400E-007	3.46230E+000	7.34617E+002	7.36472E+002	1.85520E+000	1.27140E-001	6.92200E-001	1.87300E-010	1.45200E-010	2.58700E-007
83	24	11	1	1.28000E-002	-3.00000E-004	-7.00000E-004	5.84000E-008	4.00000E-010	5.90700E-007	3.45120E+000	7.40242E+002	7.42061E+002	1.81860E+000	1.29375E-001	6.92000E-001	1.68600E-010	2.97300E-010	2.70200E-007
87	22	11	1	1.28000E-002	-3.00000E-004	-7.00000E-004	7.55000E-008	3.00000E-010	5.40900E-007	3.41830E+000	7.38735E+002	7.40553E+002	1.81790E+000	1.29057E-001	6.91300E-001	5.15000E-011	4.70000E-012	2.48100E-007
91	20	11	1	1.28000E-002	-3.00000E-004	-7.00000E-004	8.17000E-008	4.00000E-010	5.14500E-007	3.34790E+000	7.36832E+002	7.38415E+002	1.58360E+000	1.26766E-001	6.90600E-001	9.37000E-011	1.66200E-010	2.37400E-007
95	18	11	1	1.27000E-002	-3.00000E-004	-6.00000E-004	8.30000E-008	5.00000E-010	4.66500E-007	3.21220E+000	7.32055E+002	7.33948E+002	1.89260E+000	1.25084E-001	6.88900E-001	9.83000E-011	3.06700E-010	2.14600E-007
99	16	11	1	1.27000E-002	-2.00000E-004	-7.00000E-004	8.34000E-008	5.00000E-010	4.47200E-007	3.16580E+000	7.32833E+002	7.34654E+002	1.82110E+000	1.24816E-001	6.88900E-001	7.49000E-011	2.13100E-010	2.09000E-007
103	14	11	1	1.28000E-002	-3.00000E-004	-7.00000E-004	8.26000E-008	6.00000E-010	5.02300E-007	3.30280E+000	7.36503E+002	7.38021E+002	1.51840E+000	1.26537E-001	6.90400E-001	9.83000E-011	1.92000E-010	2.31400E-007
107	12	11	1	1.27000E-002	-2.00000E-004	-7.00000E-004	7.54000E-008	3.00000E-010	5.36700E-007	3.41020E+000	7.40769E+002	7.42767E+002	1.99750E+000	1.28258E-001	6.92100E-001	3.51000E-011	2.59900E-010	2.51300E-007
111	10	11	1	1.27000E-002	-3.00000E-004	-7.00000E-004	5.92000E-008	2.00000E-010	5.64200E-007	3.41940E+000	7.44788E+002	7.46518E+002	1.72930E+000	1.28767E-001	6.91800E-001	1.61500E-010	1.05400E-010	2.66200E-007
115	8	11	1	1.28000E-002	-3.00000E-004	-7.00000E-004	4.26000E-008	6.00000E-010	5.05300E-007	3.46380E+000	7.40243E+002	7.41569E+002	1.32560E+000	1.28276E-001	6.92700E-001	1.21700E-010	2.15400E-010	2.40600E-007
119	6	11	1	1.28000E-002	-3.00000E-004	-7.00000E-004	2.18000E-008	4.00000E-010	4.66900E-007	3.48180E+000	7.24487E+002	7.26187E+002	1.70000E+000	1.26693E-001	6.90900E-001	7.26000E-011	3.30100E-010	2.13900E-007
123	5	13	1	1.28000E-002	-2.00000E-004	-7.00000E-004	1.77000E-008	4.00000E-010	5.27000E-007	3.47220E+000	7.13665E+002	7.16833E+002	3.16760E+000	1.28647E-001	6.90900E-001	8.43000E-011	1.14700E-010	2.30100E-007
127	7	13	1	1.28000E-002	-3.00000E-004	-8.00000E-004	4.09000E-008	6.00000E-010	4.34900E-007	3.44380E+000	7.37058E+002	7.38740E+002	1.68130E+000	1.26723E-001	6.90300E-001	1.03000E-010	2.27100E-010	2.09600E-007
131	9	13	1	1.27000E-002	-3.00000E-004	-7.00000E-004	5.97000E-008	3.00000E-010	5.59500E-007	3.42200E+000	7.41963E+002	7.43777E+002	1.81330E+000	1.29966E-001	6.91900E-001	8.90000E-011	6.09000E-011	2.60100E-007
135	11	13	1	1.28000E-002	-3.00000E-004	-7.00000E-004	7.88000E-008	5.00000E-010	5.33000E-007	3.37480E+000	7.41178E+002	7.42639E+002	1.46020E+000	1.27753E-001	6.91300E-001	8.66000E-011	2.31800E-010	2.49400E-007
139	13	13	1	1.28000E-002	-2.00000E-004	-7.00000E-004	8.62000E-008	4.00000E-010	4.91600E-007	3.22340E+000	7.34232E+002	7.36390E+002	2.15750E+000	1.24733E-001	6.89400E-001	1.42800E-010	4.44800E-010	2.28500E-007
143	15	13	1	1.28000E-002	-1.00000E-004	-7.00000E-004	9.08000E-008	3.00000E-010	2.93600E-007	2.59170E+000	7.26448E+002	7.27939E+002	1.49120E+000	1.23559E-001	6.82100E-001	1.17000E-011	7.96000E-011	1.45400E-007
147	17	13	1	1.28000E-002	-1.00000E-004	-8.00000E-004	9.10000E-008	4.00000E-010	3.16000E-007	2.56600E+000	7.17707E+002	7.19786E+002	2.07860E+000	1.22846E-001	6.81900E-001	7.02000E-011	2.29400E-010	1.48100E-007
151	19	13	1	1.27000E-002	-1.00000E-004	-8.00000E-004	9.01000E-008	3.00000E-010	3.03300E-007	2.66050E+000	7.25841E+002	7.27291E+002	1.45040E+000	1.23653E-001	6.83500E-001	1.49800E-010	2.83300E-010	1.47600E-007
155	21	13	1	1.28000E-002	-1.00000E-004	-8.00000E-004	8.66000E-008	2.00000E-010	5.16600E-007	3.29910E+000	7.34468E+002	7.35967E+002	1.49910E+000	1.26380E-001	6.90000E-001	4.68000E-011	2.06000E-010	2.39600E-007
159	23	13	1	1.28000E-002	-1.00000E-004	-8.00000E-004	7.91000E-008	5.00000E-010	5.71700E-007	3.43220E+000	7.39726E+002	7.41139E+002	1.41340E+000	1.29284E-001	6.92200E-001	6.56000E-011	1.31100E-010	2.63200E-007
163	25	13	1	1.28000E-002	-2.00000E-004	-8.00000E-004	5.92000E-008	3.00000E-010	6.02900E-007	3.47630E+000	7.38771E+002	7.40279E+002	1.50740E+000	1.30273E-001	6.92900E-001	6.79000E-011	3.30100E-010	2.73200E-007
167	27	13	1	1.28000E-002	-2.00000E-004	-7.00000E-004	4.28000E-008	3.00000E-010	5.37100E-007	3.44920E+000	7.30593E+002	7.32223E+002	1.63080E+000	1.26588E-001	6.90500E-001	4.70000E-012	1.00700E-010	2.48600E-007
171	27	15	1	1.28000E-002	-2.00000E-004	-7.00000E-004	4.47000E-008	5.00000E-010	5.02400E-007	3.45300E+000	7.30973E+002	7.32640E+002	1.66640E+000	1.26651E-001	6.90300E-001	8.19000E-011	2.13100E-010	2.34700E-007
175	25	15	1	1.27000E-002	-1.00000E-004	-7.00000E-004	5.99000E-008	3.00000E-010	5.59100E-007	3.45900E+000	7.40091E+002	7.41650E+002	1.55970E+000	1.29434E-001	6.92400E-001	7.26000E-011	2.08400E-010	2.57900E-007
179	23	15	1	1.28000E-002	-1.00000E-004	-7.00000E-004	7.74000E-008	5.00000E-010	5.65400E-007	3.41270E+000	7.38588E+002	7.39991E+002	1.40400E+000	1.28596E-001	6.92600E-001	3.51000E-011	1.54500E-010	2.57700E-007
183	21	15	1	1.27000E-002	-1.00000E-004	-7.00000E-004	8.44000E-008	6.00000E-010	5.36700E-007	3.30530E+000	7.35561E+002	7.36885E+002	1.32350E+000	1.25919E-001	6.90400E-001	6.79000E-011	3.25400E-010	2.48000E-007
187	19	15	1	1.28000E-002	-1.00000E-004	-7.00000E-004	9.25000E-008	3.00000E-010	3.12200E-007	2.65690E+000	7.25709E+002	7.27063E+002	1.35390E+000	1.23102E-001	6.83400E-001	2.22400E-010	0.00000E+000	1.51900E-007
191	17	15	1	1.28000E-002	-1.00000E-004	-8.00000E-004	9.11000E-008	3.00000E-010	3.29500E-007	2.58630E+000	7.17809E+002	7.19492E+002	1.68260E+000	1.23285E-001	6.81900E-001	2.11000E-011	6.09000E-011	1.52000E-007
195	15	15	1	1.28000E-002	0.00000E+000	-7.00000E-004	9.12000E-008	4.00000E-010	2.97800E-007	2.62940E+000	7.24683E+002	7.26235E+002	1.55260E+000	1.22671E-001	6.82900E-001	7.00000E-012	3.84000E-010	1.44100E-007
199	13	15	1	1.27000E-002	-1.00000E-004	-7.00000E-004	8.68000E-008	4.00000E-010	4.25900E-007	3.13160E+000	7.33991E+002	7.35502E+002	1.51040E+000	1.22126E-001	6.88000E-001	7.73000E-011	1.05400E-010	2.03100E-007
203	11	15	1	1.28000E-002	-2.00000E-004	-8.00000E-004	7.95000E-008	6.00000E-010	5.45900E-007	3.35690E+000	7.39470E+002	7.40906E+002	1.43660E+000	1.28563E-001	6.91600E-001	2.10700E-010	2.15400E-010	2.51800E-007
207	9	15	1	1.28000E-002	-2.00000E-004	-7.00000E-004	6.02000E-008	6.00000E-010	5.54600E-007	3.41350E+000	7.42668E+002	7.44157E+002	1.48940E+000	1.29785E-001	6.91900E-001	4.68000E-011	3.69900E-010	2.58900E-007
211	7	15	1	1.28000E-002	-3.00000E-004	-7.00000E-004	4.01000E-008	2.00000E-010	4.46800E-007	3.44270E+000	7.37412E+002	7.39126E+002	1.71430E+000	1.25607E-001	6.90200E-001	1.64000E-011	8.90000E-011	2.09600E-007
215	5	15	1	1.28000E-002	-3.00000E-004	-7.00000E-004	1.64000E-008	6.00000E-010	4.41200E-007	3.48570E+000	7.13403E+002	7.16516E+002	3.11250E+000	1.28672E-001	6.91400E-001	9.40000E-012	7.02000E-011	1.98200E-007
219	6	17	1	1.28000E-002	-3.00000E-004	-7.00000E-004	2.13000E-008	6.00000E-010	4.17000E-007	3.48200E+000	7.24666E+002	7.26071E+002	1.40520E+000	1.26006E-001	6.90600E-001	1.92000E-010	2.73900E-010	1.95200E-007
223	8	17	1	1.28000E-002	-3.00000E-004	-8.00000E-004	4.23000E-008	5.00000E-010	4.47000E-007	3.45200E+000	7.40633E+002	7.42063E+002	1.42980E+000	1.27749E-001	6.91700E-001	2.30000E-012	3.81600E-010	2.14800E-007
227	10	17	1	1.27000E-002	-3.00000E-004	-8.00000E-004	6.11000E-008	6.00000E-010	5.13600E-007	3.40340E+000	7.43186E+002	7.44774E+002	1.58790E+000	1.29115E-001	6.91400E-001	1.87300E-010	2.34000E-011	2.42000E-007
231	12	17	1	1.29000E-002	-3.00000E-004	-8.00000E-004	7.57000E-008	7.00000E-010	4.77300E-007	3.33400E+000	7.39835E+002	7.41625E+002	1.79050E+000	1.27743E-001	6.90500E-001	7.00000E-012	1.05400E-010	2.25200E-007
235	14	17	1	1.28000E-002	-2.00000E-004	-7.00000E-004	8.40000E-008	4.00000E-010	4.41800E-007	3.21010E+000	7.37072E+002	7.38496E+002	1.42410E+000	1.25873E-001	6.88700E-001	1.21700E-010	3.79300E-010	2.10600E-007
239	16	17	1	1.27000E-002	-2.00000E-004	-7.00000E-004	8.56000E-008	4.00000E-010	3.88300E-007	3.02010E+000	7.30524E+002	7.32513E+002	1.98910E+000	1.24392E-001	6.87100E-001	6.32000E-011	3.16100E-010	1.84900E-007
243	18	17	1	1.27000E-002	-1.00000E-004	-7.00000E-004	8.64000E-008	4.00000E-010	4.06300E-007	3.07720E+000	7.31687E+002	7.33511E+002	1.82430E+000	1.24400E-001	6.87800E-001	2.13100E-010	1.12400E-010	1.90800E-007
247	20	17	1	1.28000E-002	-1.00000E-004	-7.00000E-004	8.54000E-008	5.00000E-010	4.94000E-007	3.27110E+000	7.35845E+002	7.37419E+002	1.57410E+000	1.26231E-001	6.89900E-001	4.70000E-012	2.13100E-010	2.29900E-007
251	22	17	1	1.28000E-002	0.00000E+000	-7.00000E-004	7.66000E-008	7.00000E-010	5.15000E-007	3.39440E+000	7.40418E+002	7.41942E+002	1.52460E+000	1.28044E-001	6.92000E-001	9.40000E-012	2.97300E-010	2.38200E-007
255	24	17	1	1.28000E-002	-1.00000E-004	-6.00000E-004	6.20000E-008	3.00000E-010	5.51500E-007	3.43880E+000	7.41635E+002	7.43111E+002	1.47620E+000	1.29562E-001	6.92200E-001	1.14700E-010	2.83300E-010	2.56100E-007
259	26	17	1	1.27000E-002	-1.00000E-004	-7.00000E-004	4.16000E-008	5.00000E-010	4.64000E-007	3.46910E+000	7.36129E+002	7.37993E+002	1.86450E+000	1.26511E-001	6.91100E-001	1.75600E-010	3.16100E-010	2.22200E-007
263	25	19	1	1.28000E-002	-1.00000E-004	-7.00000E-004	4.02000E-008	6.00000E-010	4.44200E-007	3.45320E+000	7.30859E+002	7.32485E+002	1.62620E+000	1.25720E-001	6.90400E-001	7.96000E-011	3.20800E-010	2.10100E-007
267	23	19	1	1.28000E-002	-1.00000E-004	-7.00000E-004	5.43000E-008	5.00000E-010	5.36900E-007	3.45590E+000	7.39195E+002	7.40643E+002	1.44730E+000	1.29500E-001	6.92400E-001	1.45200E-010	2.78600E-010	2.48600E-007
271	21	19	1	1.28000E-002	-1.00000E-004	-7.00000E-004	6.69000E-008	4.00000E-010	5.72600E-007	3.41920E+000	7.37968E+002	7.39945E+002	1.97780E+000	1.29280E-001	6.92100E-001	8.66000E-011	1.75600E-010	2.59600E-007
275	19	19	1	1.28000E-002	0.00000E+000	-7.00000E-004	7.64000E-008	6.00000E-010	5.58800E-007	3.40230E+000	7.37185E+002	7.39254E+002	2.06970E+000	1.28375E-001	6.92200E-001	2.48200E-010	3.25400E-010	2.54500E-007
279	17	19	1	1.28000E-002	-1.00000E-004	-7.00000E-004	7.92000E-008	4.00000E-010	5.50100E-007	3.38630E+000	7.38476E+002	7.40454E+002	1.97800E+000	1.28068E-001	6.91900E-001	5.85000E-011	3.23100E-010	2.53900E-007
283	15	19	1	1.28000E-002	-1.00000E-004	-7.00000E-004	7.51000E-008	6.00000E-010	5.52900E-007	3.39500E+000	7.40073E+002	7.42214E+002	2.14140E+000	1.28996E-001	6.91800E-001	3.04000E-011	7.96000E-011	2.55900E-007
287	13	19	1	1.27000E-002	-1.00000E-004	-7.00000E-004	6.70000E-008	6.00000E-010	5.20500E-007	3.38720E+000	7.41410E+002	7.43765E+002	2.35530E+000	1.28844E-001	6.91100E-001	3.79300E-010	1.54500E-010	2.45400E-007
291	11	19	1	1.27000E-002	-1.00000E-004	-7.00000E-004	5.44000E-008	3.00000E-010	4.75100E-007	3.40970E+000	7.42579E+002	7.44048E+002	1.46860E+000	1.28792E-001	6.91600E-001	3.28000E-011	5.38000E-011	2.26100E-007
295	9	19	1	1.28000E-002	-2.00000E-004	-7.00000E-004	3.84000E-008	6.00000E-010	4.31100E-007	3.44350E+000	7.36651E+002	7.38299E+002	1.64880E+000	1.25698E-001	6.90700E-001	8.19000E-011	1.85000E-010	2.09500E-007
299	7	19	1	1.27000E-002	-3.00000E-004	-7.00000E-004	2.09000E-008	4.00000E-010	4.51300E-007	3.50330E+000	7.21742E+002	7.23310E+002	1.56820E+000	1.26585E-001	6.90300E-001	8.90000E-011	2.01300E-010	2.06600E-007
305	10	21	1	1.29000E-002	-3.00000E-004	-7.00000E-004	2.58000E-008	6.00000E-010	3.69100E-007	3.49240E+000	7.25301E+002	7.27540E+002	2.23940E+000	1.25005E-001	6.90800E-001	8.66000E-011	1.75600E-010	1.77500E-007
309	12	21	1	1.28000E-002	-2.00000E-004	-8.00000E-004	3.96000E-008	5.00000E-010	1.39270E-006	3.43700E+000	7.36836E+002	7.38217E+002	1.38120E+000	1.25660E-001	6.90600E-001	1.17100E-010	4.80000E-010	3.66200E-007
313	14	21	1	1.28000E-002	-1.00000E-004	-7.00000E-004	4.70000E-008	6.00000E-010	4.50700E-007	3.44280E+000	7.40877E+002	7.42834E+002	1.95620E+000	1.27883E-001	6.90800E-001	1.05400E-010	1.17000E-011	2.16800E-007
317	16	21	1	1.28000E-002	-3.00000E-004	-7.00000E-004	5.08000E-008	7.00000E-010	4.70800E-007	3.42810E+000	7.42712E+002	7.45053E+002	2.34180E+000	1.27415E-001	6.91100E-001	2.34000E-011	2.29400E-010	2.27600E-007
321	18	21	1	1.27000E-002	-2.00000E-004	-7.00000E-004	5.20000E-008	4.00000E-010	4.58100E-007	3.42470E+000	7.39905E+002	7.42291E+002	2.38640E+000	1.28379E-001	6.91000E-001	1.24100E-010	3.09000E-010	2.16900E-007
325	20	21	1	1.28000E-002	-1.00000E-004	-7.00000E-004	4.73000E-008	3.00000E-010	3.75200E-007	3.39750E+000	7.39877E+002	7.41980E+002	2.10250E+000	1.27892E-001	6.90600E-001	5.15000E-011	2.81000E-011	1.85200E-007
329	22	21	1	1.28000E-002	-1.00000E-004	-7.00000E-004	4.16000E-008	8.00000E-010	3.66300E-007	3.41480E+000	7.34010E+002	7.35656E+002	1.64610E+000	1.24323E-001	6.91100E-001	1.05400E-010	2.50500E-010	1.76400E-007
337	18	23	1	1.29000E-002	-2.00000E-004	-8.00000E-004	2.21000E-008	4.00000E-010	3.82700E-007	3.49270E+000	7.21892E+002	7.24173E+002	2.28090E+000	1.24595E-001	6.91300E-001	1.19400E-010	1.12400E-010	1.65300E-007
340	16	23	1	1.28000E-002	-1.00000E-004	-7.00000E-004	2.31000E-008	5.00000E-010	3.03000E-007	3.48760E+000	7.22757E+002	7.25060E+002	2.30290E+000	1.24387E-001	6.92200E-001	5.85000E-011	9.13000E-011	1.44000E-007

2	14	5	3	1.02000E-002	-2.90000E-003	-3.20000E-003	1.39945E-005
4	16	5	1	1.02000E-002	-2.90000E-003	-3.30000E-003	2.96000E-008	3.00000E-010	4.83400E-007	3.47380E+000	7.20328E+002	7.22421E+002	2.09380E+000	1.27612E-001	6.92000E-001	1.56900E-010	4.82400E-010	2.20700E-007
6	18	5	1	1.02000E-002	-2.80000E-003	-3.20000E-003	2.86000E-008	3.00000E-010	5.28200E-007	3.44870E+000	7.20431E+002	7.22593E+002	2.16150E+000	1.28054E-001	6.93300E-001	2.59900E-010	3.13800E-010	2.39300E-007
8	20	5	1	1.03000E-002	-2.90000E-003	-3.30000E-003	2.14000E-008	3.00000E-010	4.62600E-007	3.49600E+000	7.14973E+002	7.16672E+002	1.69920E+000	1.28331E-001	6.92400E-001	2.52900E-010	3.98100E-010	2.04500E-007
11	24	7	1	1.24000E-002	-2.70000E-003	-3.20000E-003	2.42000E-008	2.00000E-010	4.82900E-007	3.48650E+000	7.21851E+002	7.24072E+002	2.22150E+000	1.26551E-001	6.92700E-001	9.40000E-012	1.26400E-010	2.21700E-007
15	22	7	1	1.28000E-002	-2.70000E-003	-3.10000E-003	4.08000E-008	5.00000E-010	4.39200E-007	3.46860E+000	7.31379E+002	7.33369E+002	1.99040E+000	1.26450E-001	6.93000E-001	1.80300E-010	1.82600E-010	2.08300E-007
19	20	7	1	1.27000E-002	-2.70000E-003	-3.10000E-003	5.06000E-008	4.00000E-010	5.24700E-007	3.45220E+000	7.32928E+002	7.35496E+002	2.56870E+000	1.29314E-001	6.93200E-001	2.41200E-010	1.35800E-010	2.39700E-007
23	18	7	1	1.29000E-002	-2.70000E-003	-3.20000E-003	5.63000E-008	3.00000E-010	6.03800E-007	3.46230E+000	7.31866E+002	7.34167E+002	2.30100E+000	1.30518E-001	6.94900E-001	4.45000E-011	2.81000E-010	2.65600E-007
27	16	7	1	1.28000E-002	-2.70000E-003	-3.10000E-003	5.68000E-008	2.00000E-010	6.32400E-007	3.44790E+000	7.32787E+002	7.35238E+002	2.45140E+000	1.30587E-001	6.94600E-001	4.68000E-011	1.31100E-010	2.80600E-007
31	14	7	1	1.28000E-002	-2.70000E-003	-3.10000E-003	5.14000E-008	3.00000E-010	5.86200E-007	3.46170E+000	7.34669E+002	7.37047E+002	2.37780E+000	1.30209E-001	6.94400E-001	1.54500E-010	1.00700E-010	2.66600E-007
35	12	7	1	1.28000E-002	-2.70000E-003	-3.10000E-003	4.24000E-008	5.00000E-010	5.07500E-007	3.47290E+000	7.32720E+002	7.34292E+002	1.57140E+000	1.27127E-001	6.93700E-001	9.60000E-011	1.99000E-010	2.36800E-007
38	10	7	1	1.32000E-002	-2.70000E-003	-3.20000E-003	2.65000E-008	4.00000E-010	5.78100E-007	3.47140E+000	7.24172E+002	7.26115E+002	1.94300E+000	1.27272E-001	6.93200E-001	1.66300E-010	4.80000E-010	2.61000E-007
41	8	9	1	1.32000E-002	-2.80000E-003	-3.20000E-003	2.99000E-008	4.00000E-010	6.11200E-007	3.45700E+000	7.27001E+002	7.28693E+002	1.69160E+000	1.26228E-001	6.94100E-001	2.66900E-010	2.74000E-010	2.75800E-007
45	10	9	1	1.28000E-002	-2.70000E-003	-3.20000E-003	4.59000E-008	6.00000E-010	5.80300E-007	3.45960E+000	7.38313E+002	7.40430E+002	2.11710E+000	1.28798E-001	6.94900E-001	2.41200E-010	2.10700E-010	2.68800E-007
49	12	9	1	1.28000E-002	-2.70000E-003	-3.20000E-003	5.91000E-008	4.00000E-010	6.04000E-007	3.44630E+000	7.40956E+002	7.42905E+002	1.94800E+000	1.30180E-001	6.94800E-001	1.89700E-010	1.94400E-010	2.76300E-007
53	14	9	1	1.28000E-002	-2.70000E-003	-3.20000E-003	7.32000E-008	3.00000E-010	5.89000E-007	3.42190E+000	7.39483E+002	7.41969E+002	2.48660E+000	1.29567E-001	6.94500E-001	2.13100E-010	1.94400E-010	2.70400E-007
57	16	9	1	1.28000E-002	-2.60000E-003	-3.20000E-003	7.55000E-008	5.00000E-010	5.86100E-007	3.42820E+000	7.38316E+002	7.40750E+002	2.43370E+000	1.29087E-001	6.94600E-001	7.96000E-011	1.63900E-010	2.68300E-007
61	18	9	1	1.28000E-002	-2.60000E-003	-3.10000E-003	7.51000E-008	4.00000E-010	5.91000E-007	3.42660E+000	7.38044E+002	7.40410E+002	2.36630E+000	1.28991E-001	6.94800E-001	1.17000E-011	2.64600E-010	2.68000E-007
65	20	9	1	1.28000E-002	-2.60000E-003	-3.20000E-003	7.00000E-008	3.00000E-010	6.31000E-007	3.42750E+000	7.36057E+002	7.38287E+002	2.22980E+000	1.30151E-001	6.94700E-001	2.58000E-011	1.17100E-010	2.81600E-007
69	22	9	1	1.28000E-002	-2.60000E-003	-3.20000E-003	5.81000E-008	5.00000E-010	6.21900E-007	3.44100E+000	7.37383E+002	7.38928E+002	1.54550E+000	1.30487E-001	6.94900E-001	1.35800E-010	1.82600E-010	2.78100E-007
73	24	9	1	1.28000E-002	-2.70000E-003	-3.20000E-003	4.44000E-008	5.00000E-010	5.73200E-007	3.45050E+000	7.36962E+002	7.38729E+002	1.76700E+000	1.28623E-001	6.94200E-001	5.39000E-011	2.97400E-010	2.65500E-007
76	26	9	1	1.24000E-002	-2.70000E-003	-3.20000E-003	2.68000E-008	5.00000E-010	5.24300E-007	3.45480E+000	7.23727E+002	7.25412E+002	1.68570E+000	1.26586E-001	6.93000E-001	4.70000E-012	1.07700E-010	2.39800E-007
80	27	11	1	1.28000E-002	-2.60000E-003	-3.10000E-003	3.19000E-008	4.00000E-010	5.70700E-007	3.45380E+000	7.24813E+002	7.26317E+002	1.50400E+000	1.26215E-001	6.93300E-001	2.55200E-010	6.79000E-011	2.55200E-007
84	25	11	1	1.28000E-002	-2.70000E-003	-3.10000E-003	5.08000E-008	4.00000E-010	6.11600E-007	3.44980E+000	7.38648E+002	7.39959E+002	1.31170E+000	1.29104E-001	6.94500E-001	2.10700E-010	2.85700E-010	2.79400E-007
88	23	11	1	1.28000E-002	-2.70000E-003	-3.10000E-003	6.92000E-008	2.00000E-010	5.98600E-007	3.43040E+000	7.37905E+002	7.39488E+002	1.58260E+000	1.29229E-001	6.94200E-001	3.75000E-011	6.09000E-011	2.72200E-007
92	21	11	1	1.28000E-002	-2.70000E-003	-3.10000E-003	7.87000E-008	4.00000E-010	5.74100E-007	3.39120E+000	7.35880E+002	7.37801E+002	1.92130E+000	1.28250E-001	6.93600E-001	1.75600E-010	1.45200E-010	2.62200E-007
96	19	11	1	1.27000E-002	-2.60000E-003	-3.10000E-003	8.42000E-008	4.00000E-010	5.11600E-007	3.28850E+000	7.32611E+002	7.34075E+002	1.46380E+000	1.26109E-001	6.92300E-001	7.02000E-011	3.16100E-010	2.33300E-007
100	17	11	1	1.27000E-002	-2.60000E-003	-3.20000E-003	8.66000E-008	4.00000E-010	4.60600E-007	3.15480E+000	7.30078E+002	7.32104E+002	2.02670E+000	1.24361E-001	6.90800E-001	1.00700E-010	2.38800E-010	2.13700E-007
104	15	11	1	1.28000E-002	-2.70000E-003	-3.10000E-003	8.56000E-008	5.00000E-010	5.02200E-007	3.22330E+000	7.32323E+002	7.34687E+002	2.36360E+000	1.25713E-001	6.91700E-001	8.90000E-011	2.43500E-010	2.32800E-007
108	13	11	1	1.27000E-002	-2.60000E-003	-3.10000E-003	8.26000E-008	2.00000E-010	5.73300E-007	3.36150E+000	7.37134E+002	7.38977E+002	1.84340E+000	1.27618E-001	6.93500E-001	8.66000E-011	2.34200E-010	2.61500E-007
112	11	11	1	1.27000E-002	-2.60000E-003	-3.20000E-003	6.96000E-008	2.00000E-010	5.49900E-007	3.39800E+000	7.41990E+002	7.43843E+002	1.85310E+000	1.28497E-001	6.94200E-001	1.40000E-011	2.81000E-011	2.56900E-007
116	9	11	1	1.28000E-002	-2.60000E-003	-3.10000E-003	5.26000E-008	4.00000E-010	5.76200E-007	3.43870E+000	7.41333E+002	7.42767E+002	1.43380E+000	1.28562E-001	6.94700E-001	1.73300E-010	1.92000E-010	2.67600E-007
120	7	11	1	1.28000E-002	-2.70000E-003	-3.20000E-003	3.67000E-008	4.00000E-010	4.91200E-007	3.45130E+000	7.29520E+002	7.31107E+002	1.58680E+000	1.25584E-001	6.93200E-001	1.10100E-010	2.24800E-010	2.26600E-007
124	6	13	1	1.28000E-002	-2.60000E-003	-3.10000E-003	2.92000E-008	5.00000E-010	4.55800E-007	3.45140E+000	7.28445E+002	7.29784E+002	1.33900E+000	1.25055E-001	6.92500E-001	1.47500E-010	1.52200E-010	2.13700E-007
128	8	13	1	1.28000E-002	-2.70000E-003	-3.20000E-003	4.96000E-008	6.00000E-010	5.38100E-007	3.44430E+000	7.41764E+002	7.43173E+002	1.40910E+000	1.29148E-001	6.94500E-001	5.15000E-011	1.00700E-010	2.52200E-007
132	10	13	1	1.27000E-002	-2.60000E-003	-3.10000E-003	6.84000E-008	2.00000E-010	5.38000E-007	3.41440E+000	7.42229E+002	7.44175E+002	1.94600E+000	1.28606E-001	6.94700E-001	1.64000E-011	5.62000E-011	2.51300E-007
136	12	13	1	1.28000E-002	-2.60000E-003	-3.10000E-003	8.20000E-008	5.00000E-010	5.45500E-007	3.35350E+000	7.38385E+002	7.39833E+002	1.44820E+000	1.26644E-001	6.93700E-001	1.17000E-011	1.52200E-010	2.52900E-007
140	14	13	1	1.28000E-002	-2.60000E-003	-3.10000E-003	8.82000E-008	4.00000E-010	3.13200E-007	2.79340E+000	7.29334E+002	7.31073E+002	1.73920E+000	1.23121E-001	6.87800E-001	1.21800E-010	4.26200E-010	1.53400E-007
144	16	13	1	1.28000E-002	-2.50000E-003	-3.10000E-003	8.84000E-008	4.00000E-010	2.60900E-007	2.60190E+000	7.21777E+002	7.23554E+002	1.77630E+000	1.22218E-001	6.85800E-001	4.68000E-011	1.45200E-010	1.24900E-007
148	18	13	1	1.28000E-002	-2.60000E-003	-3.20000E-003	9.02000E-008	4.00000E-010	2.80300E-007	2.62120E+000	7.19612E+002	7.22122E+002	2.50980E+000	1.22984E-001	6.85900E-001	2.34000E-011	1.99000E-010	1.31600E-007
152	20	13	1	1.27000E-002	-2.60000E-003	-3.10000E-003	8.76000E-008	2.00000E-010	3.54600E-007	2.92580E+000	7.30078E+002	7.31526E+002	1.44870E+000	1.23826E-001	6.88800E-001	1.92000E-010	2.74000E-010	1.71500E-007
156	22	13	1	1.28000E-002	-2.50000E-003	-3.20000E-003	8.14000E-008	3.00000E-010	5.47000E-007	3.39070E+000	7.37188E+002	7.38873E+002	1.68490E+000	1.27492E-001	6.94000E-001	2.31800E-010	2.31800E-010	2.50000E-007
160	24	13	1	1.28000E-002	-2.60000E-003	-3.10000E-003	6.85000E-008	3.00000E-010	5.95300E-007	3.46060E+000	7.40347E+002	7.41950E+002	1.60290E+000	1.29856E-001	6.94600E-001	1.33500E-010	1.05400E-010	2.73100E-007
164	26	13	1	1.28000E-002	-2.60000E-003	-3.20000E-003	4.89000E-008	3.00000E-010	5.51200E-007	3.46880E+000	7.40115E+002	7.41731E+002	1.61600E+000	1.29070E-001	6.94600E-001	1.73300E-010	2.38800E-010	2.58500E-007
168	28	13	1	1.28000E-002	-2.60000E-003	-3.20000E-003	2.72000E-008	3.00000E-010	4.78700E-007	3.47820E+000	7.22902E+002	7.24424E+002	1.52230E+000	1.26053E-001	6.92200E-001	1.85000E-010	5.62000E-011	2.18100E-007
172	28	15	1	1.28000E-002	-2.60000E-003	-3.10000E-003	2.84000E-008	5.00000E-010	4.65200E-007	3.48070E+000	7.23310E+002	7.24747E+002	1.43700E+000	1.25727E-001	6.92100E-001	1.17100E-010	1.94400E-010	2.14000E-007
176	26	15	1	1.27000E-002	-2.60000E-003	-3.10000E-003	4.91000E-008	3.00000E-010	5.38900E-007	3.46310E+000	7.39988E+002	7.41571E+002	1.58320E+000	1.28548E-001	6.94300E-001	1.12400E-010	1.40500E-010	2.52700E-007
180	24	15	1	1.28000E-002	-2.60000E-003	-3.10000E-003	6.80000E-008	5.00000E-010	5.67800E-007	3.45830E+000	7.40821E+002	7.42463E+002	1.64140E+000	1.29431E-001	6.94900E-001	9.13000E-011	2.59900E-010	2.61700E-007
184	22	15	1	1.27000E-002	-2.60000E-003	-3.20000E-003	8.08000E-008	5.00000E-010	5.64900E-007	3.36780E+000	7.38251E+002	7.39616E+002	1.36530E+000	1.27339E-001	6.93600E-001	7.73000E-011	2.99700E-010	2.60900E-007
188	20	15	1	1.28000E-002	-2.50000E-003	-3.10000E-003	8.74000E-008	3.00000E-010	3.68300E-007	2.91880E+000	7.30128E+002	7.31485E+002	1.35640E+000	1.23007E-001	6.88500E-001	6.09000E-011	3.04000E-011	1.75800E-007
192	18	15	1	1.28000E-002	-2.50000E-003	-3.20000E-003	9.17000E-008	3.00000E-010	2.75700E-007	2.61800E+000	7.20123E+002	7.21811E+002	1.68860E+000	1.22431E-001	6.86000E-001	6.09000E-011	1.28800E-010	1.32000E-007
196	16	15	1	1.28000E-002	-2.50000E-003	-3.10000E-003	9.01000E-008	3.00000E-010	2.74900E-007	2.60260E+000	7.19421E+002	7.21676E+002	2.25520E+000	1.22142E-001	6.85500E-001	4.70000E-012	3.51200E-010	1.30100E-007
200	14	15	1	1.27000E-002	-2.50000E-003	-3.10000E-003	8.94000E-008	5.00000E-010	2.94100E-007	2.69480E+000	7.28976E+002	7.30604E+002	1.62800E+000	1.21804E-001	6.86500E-001	2.58000E-011	1.75600E-010	1.41900E-007
204	12	15	1	1.28000E-002	-2.60000E-003	-3.10000E-003	8.33000E-008	6.00000E-010	4.92400E-007	3.30970E+000	7.36535E+002	7.37919E+002	1.38390E+000	1.26556E-001	6.93200E-001	2.97400E-010	2.78700E-010	2.28100E-007
208	10	15	1	1.28000E-002	-2.60000E-003	-3.20000E-003	6.92000E-008	4.00000E-010	5.48300E-007	3.39670E+000	7.41712E+002	7.43400E+002	1.68770E+000	1.28924E-001	6.94300E-001	4.45000E-011	2.36500E-010	2.53900E-007
212	8	15	1	1.28000E-002	-2.60000E-003	-3.10000E-003	4.96000E-008	2.00000E-010	5.10400E-007	3.43600E+000	7.42123E+002	7.43516E+002	1.39240E+000	1.28977E-001	6.93700E-001	1.33500E-010	1.17000E-011	2.42100E-007
216	6	15	1	1.28000E-002	-2.60000E-003	-3.10000E-003	2.87000E-008	5.00000E-010	3.80200E-007	3.46960E+000	7.28337E+002	7.29690E+002	1.35320E+000	1.24909E-001	6.92800E-001	1.03000E-010	8.66000E-011	1.81600E-007
220	7	17	1	1.28000E-002	-2.60000E-003	-3.10000E-003	3.59000E-008	6.00000E-010	3.65500E-007	3.43280E+000	7.30368E+002	7.31945E+002	1.57720E+000	1.25100E-001	6.92600E-001	2.76300E-010	2.29500E-010	1.77100E-007
224	9	17	1	1.28000E-002	-2.60000E-003	-3.10000E-003	5.29000E-008	4.00000E-010	5.39600E-007	3.42130E+000	7.41070E+002	7.42529E+002	1.45910E+000	1.29244E-001	6.94200E-001	4.92000E-011	2.41200E-010	2.50400E-007
228	11	17	1	1.27000E-002	-2.60000E-003	-3.20000E-003	7.17000E-008	5.00000E-010	5.33500E-007	3.36200E+000	7.40288E+002	7.41782E+002	1.49400E+000	1.28945E-001	6.93300E-001	3.30200E-010	1.87000E-011	2.48800E-007
232	13	17	1	1.29000E-002	-2.60000E-003	-3.20000E-003	8.27000E-008	6.00000E-010	4.83900E-007	3.26740E+000	7.37835E+002	7.39466E+002	1.63120E+000	1.27235E-001	6.92200E-001	8.43000E-011	9.37000E-011	2.26300E-007
236	15	17	1	1.28000E-002	-2.60000E-003	-3.20000E-003	8.62000E-008	3.00000E-010	4.29600E-007	3.08280E+000	7.31417E+002	7.33102E+002	1.68520E+000	1.24578E-001	6.90600E-001	1.85000E-010	2.95000E-010	2.01200E-007
240	17	17	1	1.27000E-002	-2.60000E-003	-3.10000E-003	8.88000E-008	4.00000E-010	4.11200E-007	3.03110E+000	7.30256E+002	7.31810E+002	1.55320E+000	1.24270E-001	6.89700E-001	1.26400E-010	3.16100E-010	1.92500E-007
244	19	17	1	1.27000E-002	-2.50000E-003	-3.10000E-003	8.86000E-008	5.00000E-010	4.81500E-007	3.20510E+000	7.32180E+002	7.33836E+002	1.65650E+000	1.25065E-001	6.91300E-001	1.10100E-010	6.09000E-011	2.22600E-007
248	21	17	1	1.28000E-002	-2.50000E-003	-3.10000E-003	8.40000E-008	5.00000E-010	5.48300E-007	3.34800E+000	7.37347E+002	7.39194E+002	1.84700E+000	1.27754E-001	6.93400E-001	1.17100E-010	2.88000E-010	2.53900E-007
252	23	17	1	1.28000E-002	-2.60000E-003	-3.20000E-003	7.16000E-008	6.00000E-010	5.87000E-007	3.41560E+000	7.39149E+002	7.40791E+002	1.64240E+000	1.29646E-001	6.94600E-001	1.64000E-011	3.58300E-010	2.68500E-007
256	25	17	1	1.28000E-002	-2.60000E-003	-3.10000E-003	5.23000E-008	3.00000E-010	5.38000E-007	3.44650E+000	7.40243E+002	7.41639E+002	1.39570E+000	1.28887E-001	6.94300E-001	3.28000E-011	2.10700E-010	2.53200E-007
260	27	17	1	1.27000E-002	-2.60000E-003	-3.10000E-003	3.24000E-008	5.00000E-010	4.57400E-007	3.46570E+000	7.25435E+002	7.26880E+002	1.44440E+000	1.25278E-001	6.92700E-001	2.74000E-010	3.16100E-010	2.11000E-007
264	26	19	1	1.28000E-002	-2.60000E-003	-3.10000E-003	2.72000E-008	5.00000E-010	3.41800E-007	3.49370E+000	7.23985E+002	7.25515E+002	1.52940E+000	1.24830E-001	6.93300E-001	9.37000E-011	3.04400E-010	1.64600E-007
268	24	19	1	1.28000E-002	-2.60000E-003	-3.20000E-003	4.59000E-008	6.00000E-010	4.31800E-007	3.46720E+000	7.38381E+002	7.40048E+002	1.66710E+000	1.27122E-001	6.93900E-001	5.15000E-011	1.73300E-010	2.06100E-007
272	22	19	1	1.28000E-002	-2.60000E-003	-3.20000E-003	5.99000E-008	4.00000E-010	5.23400E-007	3.44040E+000	7.40257E+002	7.41897E+002	1.63980E+000	1.29058E-001	6.94300E-001	7.49000E-011	5.39000E-011	2.45500E-007
276	20	19	1	1.28000E-002	-2.50000E-003	-3.10000E-003	7.14000E-008	6.00000E-010	5.62200E-007	3.40610E+000	7.39475E+002	7.41001E+002	1.52580E+000	1.28991E-001	6.94200E-001	3.51200E-010	3.27800E-010	2.56500E-007
280	18	19	1	1.28000E-002	-2.50000E-003	-3.20000E-003	7.68000E-008	4.00000E-010	5.43700E-007	3.39020E+000	7.38447E+002	7.40741E+002	2.29320E+000	1.27830E-001	6.93900E-001	3.28000E-011	2.01400E-010	2.49600E-007
284	16	19	1	1.28000E-002	-2.60000E-003	-3.10000E-003	7.55000E-008	6.00000E-010	5.34200E-007	3.39750E+000	7.39226E+002	7.41269E+002	2.04310E+000	1.28003E-001	6.94700E-001	8.20000E-011	1.03000E-010	2.46200E-007
288	14	19	1	1.27000E-002	-2.60000E-003	-3.10000E-003	7.08000E-008	6.00000E-010	5.34300E-007	3.39550E+000	7.41553E+002	7.43531E+002	1.97790E+000	1.28566E-001	6.94100E-001	4.00400E-010	1.42800E-010	2.49000E-007
292	12	19	1	1.27000E-002	-2.60000E-003	-3.10000E-003	6.00000E-008	4.00000E-010	4.67100E-007	3.39350E+000	7.43656E+002	7.45544E+002	1.88820E+000	1.28773E-001	6.93100E-001	3.28000E-011	2.30000E-012	2.23900E-007
296	10	19	1	1.28000E-002	-2.60000E-003	-3.10000E-003	4.60000E-008	7.00000E-010	4.74000E-007	3.43490E+000	7.42654E+002	7.44426E+002	1.77240E+000	1.27831E-001	6.93400E-001	1.59200E-010	1.52200E-010	2.27400E-007
300	8	19	1	1.27000E-002	-2.60000E-003	-3.20000E-003	3.04000E-008	4.00000E-010	3.08800E-007	3.45910E+000	7.28881E+002	7.30438E+002	1.55680E+000	1.24035E-001	6.93500E-001	1.59200E-010	1.24100E-010	1.51000E-007
306	11	21	1	1.29000E-002	-2.70000E-003	-3.10000E-003	3.53000E-008	6.00000E-010	3.59500E-007	3.45810E+000	7.30184E+002	7.31795E+002	1.61080E+000	1.24440E-001	6.93100E-001	1.68600E-010	2.17800E-010	1.73200E-007
310	13	21	1	1.28000E-002	-2.60000E-003	-3.20000E-003	4.40000E-008	5.00000E-010	4.16700E-007	3.43800E+000	7.38909E+002	7.40837E+002	1.92800E+000	1.26957E-001	6.93000E-001	7.26000E-011	3.04400E-010	2.01600E-007
314	15	21	1	1.28000E-002	-2.60000E-003	-3.20000E-003	5.02000E-008	6.00000E-010	4.76800E-007	3.43050E+000	7.40522E+002	7.42769E+002	2.24640E+000	1.28072E-001	6.93300E-001	3.75000E-011	1.00700E-010	2.28000E-007
318	17	21	1	1.28000E-002	-2.60000E-003	-3.20000E-003	5.37000E-008	6.00000E-010	4.71000E-007	3.41140E+000	7.37625E+002	7.40046E+002	2.42120E+000	1.27585E-001	6.93700E-001	7.73000E-011	2.76300E-010	2.20700E-007
322	19	21	1	1.27000E-002	-2.60000E-003	-3.10000E-003	5.07000E-008	4.00000E-010	4.33000E-007	3.40870E+000	7.38862E+002	7.41125E+002	2.26340E+000	1.28206E-001	6.93100E-001	1.59200E-010	1.78000E-010	2.09400E-007
326	21	21	1	1.28000E-002	-2.50000E-003	-3.10000E-003	4.45000E-008	4.00000E-010	3.26800E-007	3.39510E+000	7.37440E+002	7.39001E+002	1.56160E+000	1.26439E-001	6.93300E-001	7.73000E-011	5.85000E-011	1.62800E-007
330	23	21	1	1.28000E-002	-2.60000E-003	-3.10000E-003	3.68000E-008	6.00000E-010	3.54600E-007	3.46100E+000	7.26347E+002	7.28106E+002	1.75950E+000	1.24170E-001	6.93700E-001	2.10700E-010	2.59900E-010	1.56900E-007
341	17	23	1	1.28000E-002	-2.60000E-003	-3.20000E-003	2.29000E-008	5.00000E-010	3.15500E-007	3.48200E+000	7.22076E+002	7.24355E+002	2.27920E+000	1.24421E-001	6.93800E-001	1.17100E-010	6.09000E-011	1.52000E-007
344	15	23	1	1.28000E-002	-2.80000E-003	-3.30000E-003	2.24000E-008	7.00000E-010	2.89000E-007	3.50120E+000	7.21676E+002	7.23894E+002	2.21880E+000	1.24337E-001	6.94900E-001	1.42800E-010	5.39000E-011	1.41900E-007

